[414.22287809489734, -24.032393442662453]
[6.538122035515386, 2.1871535989707382]
[-6.5896269623658625, -13.579215177701624]
[0.011601999748314995, -1.8706197042581891]
[15.79987611473522, -17.910392543377835]
[-1.9887006249229398, -1.2294321668239974]
[1.6368306987418375, -1.5585307229962595]
[-0.6194537340584625, -0.7906489703212429]
[1.5938456943848234, -1.1165270423952265]
[-0.08347261714636112, -0.9614597536201366]
[1.063157882937766, 2.1661980223285937]
[-0.83092662866426, 0.17477545279055828]
[-0.45939140455993055, -1.4274102805487914]
[0.4283127793057313, -0.05383466884671448]
[-2.4136598032587235, -1.16977885085081]
[0.5215083940833294, 0.5445699743918051]
[-0.4537064178899044, 1.833204232102746]
[-0.571202918772709, 0.3544947665348763]
[0.0168198084966118, -0.7794381013902818]
[-0.0017360700898088055, -0.4390099055100958]
[0.2904877540502655, 0.024315845250265866]
[-0.21561768804721637, 0.4315224162442899]
[-0.4090147692094632, -0.8952540546186238]
[-0.4444920681801996, -0.8061707050844777]
[-0.12112667684775413, 0.471251837845454]
[0.4317580321332617, 0.07957337992276026]
[-0.2262010860991044, -0.23715894822735128]
[-0.2573679486235594, 0.2595233639614449]
[-0.058787913660430124, 0.2549741914775963]
[-0.030361091574094168, -0.1615569352098235]
[0.013104746114847021, -0.02540263172531687]
[-0.003364923315176682, 0.2640306418276692]
[-0.234649152654419, -0.13077434758091977]
[-0.23230017104457135, -0.1502520769082647]
[0.08363582720961649, 0.11842669107003001]
[0.11740375219006793, 0.0055576186941568295]
[-0.11892303054394421, -0.37191572593776634]
[-0.14954105577017662, -0.07301056843077625]
[-0.1522950317444831, 0.20658622731737708]
[0.0077188934256842145, -0.08735677920574147]
[0.021945015190359296, -0.12973330025690455]
[0.06885358793100949, 0.04702529590279825]
[-0.08752170837512141, 0.12747917983910828]
[-0.16043092341157883, 0.05214135199633696]
[0.09951134092475716, -0.012568764092167006]
[0.02882419686761173, -0.04265827891191121]
[-0.12645491813186105, -0.10597110970496249]
[-0.07783338528794292, 0.07073900442316461]
[-0.030198372003649165, 0.07267565891202832]
[-0.038412562483589374, -0.07952227758258346]
[-0.0387967835857817, -0.10025408560257265]
[0.06224125666496816, -0.029582518062598595]
[-0.06776287985949847, 0.04776940331118329]
[-0.07848135436145398, 0.07188802943788986]
[0.020714131053693574, -0.03567239806862155]
[-8.618401198257075e-06, -0.12483162854844232]
[-0.03451286880146043, -0.008773520057999695]
[0.0039467687666023266, 0.08990458268664621]
[-0.0068173645186413445, 0.022602005009709894]
[-0.07232779617899388, -0.038609613860364544]
[-0.018171500526742435, -0.026068541292200598]
[0.014913936226168989, 0.01205140938731697]
[-0.01975799013787083, -0.0007496326503506623]
[-0.03945463621624956, 0.0100772639862452]
[-0.06406247594707981, -0.004996449907014977]
[0.004896736847430083, -0.035328414739983494]
[0.03204698744186163, 0.014905046961991353]
[-0.016750525860788734, 0.03576861849455071]
[-0.04952197082354415, -0.05802906831124188]
[-0.01656897401754498, -0.06338682480940228]
[3.704049864627912e-05, 0.027300005937769156]
[0.009018734206106632, 0.03506431876966804]
[-0.014611773839707798, -0.022736824219865767]
[-0.04440438153029236, -0.025969470235812975]
[-0.027142363265000524, 0.008842526655779781]
[0.024108703526190656, 0.007488741451855185]
[0.01775439448821592, 0.022595532889409853]
[-0.04237501232542784, 0.031203471005580852]
[-0.03184488749272174, -0.03753889619848261]
[-0.016803029049934803, -0.035990175279265735]
[0.00225993314592865, 0.021763240385434646]
[0.00561054699245922, 0.009798091750128801]
[-0.03607887143323829, -0.04574841963679255]
[-0.00660502704214494, -0.019804734940142454]
[-0.002914502269168784, 0.030680886624132597]
[-0.00856666724325067, 0.0030976014527451454]
[-0.013502197104704128, -0.028211688539577784]
[0.0034316577939154103, -0.012837972498206895]
[-0.012795415052027748, 0.019156996714574798]
[-0.012704192053113017, 0.024372403215435323]
[0.01716560584907434, 0.009579398888645008]
[-0.03331157172520527, -0.008434472417806482]
[-0.013112668962805385, -0.033097371879527326]
[0.008655775272705807, -0.010965031923613644]
[-0.01735542641913712, 0.01780122283941976]
[-0.024003896327283947, 0.016772211627638534]
[-0.012087267328621865, -0.025945581034167553]
[0.00960043001319466, -0.04256109261966268]
[-0.018850273671971784, 0.015311921110242821]
[0.0077658163623610665, 0.031658813769532224]
[-0.006198415035665095, -0.005248214438978577]
[-0.01643895291935027, -0.014979697780969657]
[0.009285801684013939, 0.005701165227267491]
[-0.005065176018679285, 0.008152693956612778]
[-0.0054501392393981885, -0.014123876494883225]
[-0.01920215662382896, -0.003703604641368541]
[-0.009365849589421327, 0.002698900470524457]
[-0.0027868305119454484, -0.009159431028316067]
[-0.00034285634398001363, -0.004013492707477084]
[-0.009645153641561599, 0.010315561425894515]
[-0.0242514271953993, -0.008964019899103448]
[0.002592406624442045, -0.025022511404532377]
[-0.003284290396253553, 0.0161113534825863]
[0.005727104598116761, 0.027046835404963776]
[-0.00414254149199611, -0.012708086671827795]
[-0.017453014524568045, -0.01878426458830324]
[-0.0015362815234842564, 0.004267727175859711]
[0.0058003481388089195, 0.006382545631853642]
[0.00020445365766852408, -0.010277458496376513]
[-0.017495425487880967, -0.000530614243695382]
[-0.011464468136196171, -0.00031726298588874435]
[-0.0063700826866062155, -0.011140533510022088]
[0.0028171901264846255, 0.0009086527770869601]
[0.0034867261841148856, 0.006030208966936623]
[-0.017978364322168705, -0.0030002143563074846]
[-0.010290170607113236, -0.002932437422843437]
[0.006013897210573882, 0.008284095517613554]
[0.00014958994153546623, 0.0031777647181781554]
[-0.013001627858501896, -0.014394131619461015]
[-0.001914505435836586, -0.008384500581268932]
[-0.0032861344909890233, 0.00736980046814311]
[-0.0021464262539490075, 0.0073797504824293925]
[0.00015553693604464236, -0.005484468159423328]
[-0.008597489168907124, -0.008958481381395433]
[-0.006843659678724023, -0.004900607990689698]
[-0.00012848268612319913, 0.0024219879977205316]
[0.0007197040754179929, 0.006731862286705637]
[-0.010594697072613943, 0.0006085236797865878]
[-0.005674379661927187, -0.007312647395695038]
[-0.002066997241809476, -0.005865579098380813]
[-0.0007921511325859054, 0.0035289192105101286]
[-0.0028015804797738575, 0.00481627409642027]
[-0.013588223790905962, -0.006677037643465611]
[-0.0005119920072050033, -0.007542191211190187]
[0.0022614716965152493, 0.005545687185751012]
[1.867188202187009e-05, 0.005241632439068333]
[-0.010088119319079936, -0.005637857263249141]
[-0.003959223136676959, -0.003700455643903977]
[0.004544250131373939, 0.004014363708979007]
[-0.003207539602296805, 0.0024416149006833976]
[-0.0003117867473177993, -0.005705922317366774]
[-0.01078344964609479, -0.0013209534343234797]
[-0.006312082583128514, -0.003605268323127797]
[-0.0008352751231547328, -0.008248823062594335]
[-0.000858787721172094, 0.0029566420560596107]
[-0.00182657814803322, 0.0055661051052084964]
[-0.011751819784763695, -0.00523920571466463]
[4.364453617089481e-05, -0.00639281652985238]
[0.001756356028402295, 0.009637331869934748]
[-0.0001805812764091308, 0.006686537391765463]
[-0.006344178323948457, -0.008726228279491412]
[-0.002494292518393393, -0.001709587238206911]
[0.0023175803758181956, 0.006094072751978485]
[-0.0068602783106341825, 0.00013838987977332629]
[0.000434025869907928, -0.009823001853788371]
[-0.00270039881560738, -0.0035610101244349934]
[-0.007173151597595323, -0.0008236679994058083]
[-0.004890650532806906, -0.0036646281930299285]
[-0.00036422582113559976, 0.0014481335059572942]
[0.00029601268181578266, 0.000127519647906138]
[-0.008377611906754234, -0.001927547247189798]
[0.0007271789537526274, -0.0013141160517660122]
[0.001104915163935738, 0.007868832161227995]
[-0.0041032697305135035, 0.006543381454307745]
[-0.0025669510032109016, -0.007057021719802374]
[1.2588454761375267e-05, -0.0049199445518301466]
[-0.00146286817886232, 0.0023575758391046198]
[-0.006464696145512483, 0.004244438830212083]
[-0.000803878652746226, -0.006534545338072073]
[-0.0008658067189629137, -0.009022966134024646]
[-0.005914336027900452, -6.278337789833444e-05]
[-0.0013456760021380854, 0.002745837805243845]
[0.0010229126649018427, 0.00047514330277986794]
[-0.003920958520169049, -0.002135622245390323]
[-0.005974891482088074, -0.00039271996907097595]
[0.0010764413951285245, -0.0015993178844395661]
[0.002058205392269419, 0.00310041290971258]
[-0.003782209057950292, 0.006208608138162618]
[-0.00526434556951158, -0.003045302034448121]
[-0.001673821250758989, -0.0059394244851391775]
[0.0010273265946075805, 0.0007133032987122756]
[-0.0012059401068559295, 0.004489735249761928]
[-0.004977290124692169, -0.004431428690979566]
[-0.002531236121410707, -0.005889336996762307]
[-0.002282793943745115, 0.0019481497682865]
[-0.0004671257170158205, 0.0021644913522924636]
[0.0024344033289313005, -0.0021176835947840367]
[-0.004214424546247653, -0.0028220844514603716]
[-0.007055768795760087, -0.001438434074274575]
[0.00022643290391710647, -0.000498037971627896]
[0.004183940279574028, 0.0035192909293148]
[-0.004314452418153383, 0.001947542457648532]
[-0.007590307972401816, -0.005078628110870023]
[0.0011824356412543091, -0.0037727852551112523]
[0.0008897201371884655, 0.0054065304042208995]
[-0.0013348289407221214, 0.0050856292096400635]
[-0.002917708169443145, -0.004069822370117437]
[-0.0028325887899788293, -0.003298703778370715]
[-0.0007450930023483182, 0.00011802348126788154]
[-0.001108327119122017, 0.00040576012242254933]
[-0.00048119700233661966, -0.0018827574501638633]
[-0.002983601437071992, -0.0025108951797687684]
[-0.0037104333749192753, -0.002280660399872181]
[-0.00041329773888831856, -0.0010886898887909058]
[0.0009634688470685493, 0.002488692812719684]
[-0.003292782870803035, -0.00033150922679484746]
[-0.005859881287353708, -0.003262949310901462]
[0.0035001171310889423, -0.0008280692457835748]
[0.0014416285528194295, 0.006666056637590109]
[-0.005746885034924931, 0.005476987587242854]
[-0.0014414437396366164, -0.0051673120928051874]
[0.0003263678746546761, -0.005300319732716274]
[-0.0012081643938756104, 0.0006474635392192951]
[-0.0019154025112642636, 0.0038432558458825206]
[-0.0015151853272357685, -0.0026427379566182907]
[-0.004104183329965816, -0.004981735007183463]
[-0.0023461353992844103, -0.002010779256800266]
[0.0028252518191067555, -0.0024970010655858133]
[-0.0023741052120612727, 0.0015096148382529595]
[-0.0025517201093631092, 0.0033942752950988364]
[-0.0014469841196707578, 0.0006980799258247405]
[-0.00017707732178842694, -0.00296174494231103]
[0.0018007425981824282, 0.0017013197475686977]
[-0.0030114288828271274, 0.0050598954381685934]
[-0.003405034510344407, -0.0030308383110870807]
[-0.000992131483363301, -0.003960742811446094]
[0.000558485051687152, 0.0019399185684628728]
[-0.002374413192486463, 0.002803373269117948]
[-0.0021872341843375692, -0.005190197942428032]
[-0.0009759658941680127, -0.0052552505164005225]
[-0.004420635224316016, 0.0013072125168474003]
[0.0016373034814994303, 0.0005823840762503307]
[0.0011581420908018947, 0.0006505019357279096]
[-0.0026754517044915715, 0.001196417414328077]
[-0.0021264195772161543, -0.0007716031453376959]
[-0.0006039851408219388, -0.0028546103833938]
[0.0012207777972923772, 0.0014206200450231996]
[-0.0016010705867358643, 0.004533693164741753]
[-0.002160220447891714, -0.0017250901501945914]
[-0.003106020529375364, -0.00353685956990335]
[-0.00023137520348615048, 0.0001038865549721768]
[2.5356791989783467e-05, 0.0012354091302604342]
[-0.0032438645773776864, -0.0017863912526445702]
[-0.00013998899368680706, -0.002081437170021294]
[-0.001703315414375517, 0.001028667815073936]
[-0.0011645090793271917, 0.0013396519607091761]
[0.000902658946255408, -0.0010813556958690906]
[-0.0012077340857550856, -0.0024324580390697736]
[-0.0034184355814202982, -0.0010508402543485673]
[0.0003165269109763197, 0.0004201605255335448]
[0.002009063968269567, 0.0018350653688310424]
[-0.003561067305944021, 0.0012586520816986607]
[-0.0025204705005301142, -0.002261853698202032]
[6.572193171106022e-05, -0.0030686227613777595]
[-0.00022735410223628794, 0.001057223010851538]
[-0.0007060036590020857, 0.0035328119298446703]
[-0.0025137966224821617, 5.2502926071062994e-05]
[-0.002355047211075517, -0.002417652774843182]
[0.0006870449024610759, -0.0011849216215382707]
[0.0007149466423683193, 0.0002363067754272974]
[-0.0027501521209830626, -0.0009558608002493418]
[-0.0017390784596939546, -0.0007204341720666307]
[-0.0009679922808676356, -8.435287051189455e-05]
[-2.5780304974659662e-05, -0.0013609437294565575]
[0.0005162554765246463, -0.0003270866138370271]
[-0.0014712220142418797, 0.0005673470762776814]
[-0.0034867031873374865, -0.000253105030744466]
[0.00024736652565604533, -0.000701715561488625]
[0.002914368519679744, 0.0022068873744383044]
[-0.00287404788285317, 0.0024601639057425517]
[-0.002948401280318258, -0.0028846203757771915]
[-0.0010415411212222753, -0.002376214981006819]
[0.00015529368136858734, 0.0009556048720836818]
[-0.000309391979197271, 0.0004760452510528257]
[-0.002482743765854889, -0.001899705924841566]
[-0.000933110698741968, -0.0009385163597494528]
[-0.0012599177312564436, 0.00016808950975188974]
[0.0003582783956892488, -0.0017316422027319547]
[-0.0006834992968658971, 6.242110611956453e-05]
[-0.00018849165391918166, 0.0016919394937660315]
[-0.0012482386933349299, 0.0003026072915690743]
[-0.0015531583600034704, -0.00063734050620462]
[0.002295601722084595, 0.0007599057116719488]
[-0.0024119925527243957, 0.0009105985240818182]
[-0.0026093144302289373, -0.002581623464328331]
[-4.3528168221840247e-05, -0.0013326237435619115]
[7.546403517105088e-05, 0.0014765967696279692]
[-0.002497930837515816, 0.0005184520223255884]
[-0.002354008055870438, -0.002458346178264348]
[0.0016419179298295394, -0.0024004878883895353]
[-0.001990971025000121, 0.0015058093573790399]
[-0.0002886890227599692, 0.0014238081832055466]
[0.00028404876348403496, -0.0001294996561865408]
[-0.0009156187478010225, -0.00010181526128548272]
[-0.0006997053435627634, -0.0002708393793773769]
[-0.0007974938859089398, -0.0006535437007669787]
[0.0009617531972220261, -0.00040487630566987676]
[-0.002261897822264214, 0.0010690227239540384]
[-0.0019225167723866399, -0.000851493913503476]
[-0.00046171979790096684, -0.002271761167252584]
[0.0003566074657819218, 0.00013553851187830812]
[-0.0012686170108592854, 0.0013431581076147614]
[-0.002890133576081755, -0.0009172896043090351]
[0.0006708556087108297, -0.0019277274564034608]
[-0.0005488596447653649, 0.00159875591995573]
[-0.0005806712845185524, 0.0017877848589122058]
[2.591626568221317e-05, -0.0013606423105458898]
[-0.0006420643502394602, -0.001154612066792328]
[-0.0017802197658290109, 0.0003115201206690694]
[-0.0005218283549169311, 0.00010115674021141108]
[0.0017817879619600463, -0.0007703885007766254]
[-0.001748020704319897, -4.1865450468525633e-05]
[-0.0030114899193414146, -0.0008185937190600123]
[-0.00024905888243392793, -0.0014081743894162058]
[0.0014387485767203279, 0.0009372459426171265]
[-0.0011676237941667111, 0.0011803214387632321]
[-0.00243505851686987, -0.0010296610119813199]
[-0.00023019329578105596, -0.0011795092116891892]
[-4.377730835858351e-05, 0.000991186562020574]
[-0.0007811325342864106, 0.0010478904052744487]
[-0.0007032930443847119, -0.0011404403282913866]
[-0.00023230738992295608, -0.0013644560338251146]
[-0.0019555293326417034, -6.129292652021397e-05]
[-6.335181316208249e-07, 0.0005507198241742062]
[0.001209374528321261, 0.00021911983857875184]
[-0.0014478788855556424, -0.0005596222866572909]
[-0.002253348786188547, -0.0012001392679140688]
[0.00028135071560669855, -0.0001997582877328874]
[0.0016438904544306965, 0.0011932524900414299]
[-0.0025134421519818345, 0.0004749955561543784]
[-0.0020219344428408087, -0.0015801295032088492]
[0.0004550664215759448, -0.0012757878913817189]
[0.00021426109970185125, 0.0008031658381147944]
[-0.0014643486278804185, 0.0009500054896708909]
[-0.0017470977361660478, -0.0009642257705486657]
[0.00040623087769231514, -0.001638866974848087]
[-0.0011574551372088016, 0.0004523914930525848]
[0.00046197717908685876, 0.001160574754660174]
[0.0002017233780459704, 0.00031981527446639166]
[-0.0017931582730037476, -0.0002135026592490763]
[-0.0008822671372301083, -0.0009548669607237215]
[0.0007250179555751135, -0.0005975473922910091]
[0.0010407934188495505, 0.0004186471379071799]
[-0.0030518888532741206, 0.0010165465262008677]
[-0.0016007839957971857, -0.001645568508388262]
[0.0004353498929422772, -0.002546259618490976]
[-2.744385715286457e-05, 0.0007445151194620525]
[-0.0008395250222919537, 0.0013121678771044198]
[-0.0020741642781728076, -0.0006674266628929337]
[0.00033625887443683444, -0.0010567991974374524]
[-0.00024278604429550654, 0.0013958012588675406]
[-0.00016401594191815805, 0.0009648055831798005]
[-0.00010194251194726306, -0.000866351063071865]
[-0.0008047107871810288, 0.00011915219479458061]
[-0.0009492828125770014, 2.7878239711093267e-05]
[-0.00039936556207109675, -0.0005439160905884588]
[0.0012041313348689076, -0.0005296720025352863]
[-0.0020199175852814444, 0.00021659775743787524]
[-0.0019649116033001665, -0.001593971324709731]
[0.0005650150725605985, -0.002202042487787992]
[-0.00025000578549499997, 0.0012282890347543596]
[-0.0010082187471075477, 0.001626078431827882]
[-0.0008683120661964194, -0.0005094800740400585]
[0.00016415198488764493, -0.0014622431725776486]
[-0.0007127313054906548, 0.0008522327067164992]
[-0.0003008249903267077, 0.0015653248087019317]
[0.00011083409725970439, -0.000274530360247497]
[-0.0007986505941819377, -0.0003259935806517733]
[-0.0008354414423420442, -0.00044487214162680644]
[-0.0006031219096493956, -0.00039966587276429877]
[0.00027231190504151126, -0.0007565853658434984]
[-0.0007467772459650301, -0.0003650124264845678]
[-0.0017900613381848507, -0.0003754937309821127]
[0.00018663921336306566, -0.0008578802200143176]
[0.0007046599246449958, 0.00033972141862437244]
[-0.0014079811847778068, 0.0007812491553366163]
[-0.0012872367944825047, -0.0003547034117883374]
[0.00036668665946093526, -0.00146713796333367]
[-0.00018430476967168374, 0.0005265293487620726]
[-0.0006169500735955097, 0.0019758792955295035]
[-0.0002100230098079775, -3.1460212752824554e-05]
[-0.00114167000670512, -0.0013684748080450698]
[-0.0009472364745533035, -0.0007415219105107035]
[0.0008316609410035647, 0.0002237160806857763]
[-0.00027793006160437006, 0.0001457345473284688]
[-0.0013774622519440172, 0.00034254490547203087]
[-0.0008877303182880103, -0.0003033058625079299]
[2.8108989436406717e-06, -0.0012618531879631245]
[0.0007894005947175764, -0.00050069614609205]
[-0.0007645558286121235, 0.0005992571832620364]
[-0.0019281841291166613, -3.066699849862964e-05]
[-0.00048690833772613296, -0.0007998600211625018]
[0.0011134770087287138, 0.00024538264829473966]
[-0.0006092489020174813, 0.0002953585929141786]
[-0.0017413272258719192, -0.0005738692295881032]
[2.7411082161254985e-05, -0.0004162518031112991]
[-0.00038637958075794787, 0.000796731323053218]
[-9.861383458709128e-07, 0.0006883009636512449]
[0.00026995507469906865, -0.00018866582679738508]
[-0.0012478793632634821, 3.5185931104741996e-05]
[-0.0010694921344269193, -0.0008803749313978093]
[0.00029060650195311677, -0.0008918457234952104]
[0.0004523014482822746, 0.0001623765219611606]
[-0.0012906701997408287, 0.00046238031170364735]
[-0.0012283010799731264, -0.0008961575834689484]
[-7.098038222230763e-05, -0.0013623976448204345]
[0.00022250850860933147, 0.0002596209452143672]
[-0.0003681582673231987, 0.00023719380171764726]
[-0.0016010924159593487, 7.790674027633587e-05]
[0.000275345349276368, 0.00028910573589624455]
[0.0006245189608439852, 0.0008823654175913048]
[-0.001093124932890932, 0.00036414078428836927]
[-0.00044868348296128735, -0.0007857893581029451]
[-0.0001244384720969216, -5.0168520314142206e-05]
[-0.0006200211274463574, -5.300187207790685e-05]
[-0.0005189139687441502, -0.00014096653417305927]
[0.00024954546234477737, -0.0006331415809983643]
[-0.0012090881763645034, -0.0005128518125619985]
[-0.0015120259093139854, -0.0007436008695573815]
[0.0010313171996791382, -0.001265112851931982]
[-1.3353075716149299e-05, 0.0006280876860033091]
[-0.0009918640603121254, 0.0012126455295898009]
[-0.0006530995526028982, 9.637886051862277e-05]
[1.456066892445429e-05, -0.0008328283385634072]
[0.00042882251108169664, 0.00030160161386080797]
[-0.0007100307788548976, 0.0009168137750733413]
[-0.0007027321139128073, -0.0004663111193610181]
[-0.0005004645693018062, -8.407971432633499e-05]
[-0.00014467745406748778, 0.00024038291841149695]
[-0.0006926072265556471, -0.0005044476289690625]
[-0.0002903030253069566, -0.0013545780948983621]
[4.784135755664387e-06, -0.0003054667787809606]
[-0.0017901626948397253, 0.0005174562216736511]
[0.00012889326037995863, -0.0004501497713042535]
[0.0010622800515959208, -3.689649418192609e-05]
[-0.0007944675869548112, 0.000342963129756263]
[-0.0013050718540594808, -0.0002992464994023558]
[0.00019150262519034011, -0.000601059828858606]
[0.0005529914966209831, 0.000621393712157435]
[-0.0010718779839068437, 0.0009537619216022919]
[-0.0003009459313973728, -0.0006646582816517005]
[-0.0003632355873816051, -0.0007863125227428602]
[-0.0008525889186441482, 0.00010248796455070153]
[-0.0002219073051956677, 0.0002066469299270013]
[8.597780802088728e-06, -0.00030697452358841026]
[-0.00021230086506506332, -0.00020117356322457702]
[-0.0012973876178003912, 2.319704613285012e-05]
[-0.00015330735787505434, -0.00013786868457299484]
[0.0008305815660163973, -0.000304211099611984]
[-0.0005930000678185665, -0.00031615724155259484]
[-0.0015385253629945361, -0.00021006653808569586]
[0.0002473685265053996, -0.00013631830070474915]
[0.0008901570723878482, 0.00029503629780759395]
[-0.0012383237382679047, 0.00020654532448168353]
[-0.0009197851417612202, -0.00046134501927980187]
[0.0003505541750992158, -0.0006026445320788665]
[-0.0002862420152590084, 0.00042065331391405447]
[-0.0005814173856533156, 0.0009388004671190275]
[7.4975731490734e-05, -0.00011220656445476429]
[-0.0007381843703719582, -0.0006631392805587222]
[-0.0009693005332787122, -0.00044883214953617134]
[0.000474713593164644, 3.954940005967966e-05]
[0.00030332695832230305, -8.008230104833425e-05]
[-0.001179457220344321, -0.00019388327444602727]
[-0.0013259285320184055, -0.00043886185645899967]
[0.0007339896727589779, -0.0007175683081289755]
[0.0005955792124201775, 0.00024597472820756666]
[-0.0009084978315891112, 0.0004571262637216387]
[-0.001114834108524157, -0.00012521360957992896]
[0.00021193706148814329, -0.0002859297270595418]
[0.0006772740929950061, 0.0005712196351717325]
[-0.0009109512448585155, 0.0006264995653222916]
[-0.0003848022873040313, -0.0007050568272184421]
[-0.0005588130421987914, -0.00039605846956414226]
[-0.000696841121448407, 3.51662821268528e-05]
[8.437432077912366e-05, -0.00021016500260828685]
[4.651737279337542e-05, -0.000380467220521874]
[-0.0007181366787809562, -0.0001735286030594696]
[-0.0014369758952341716, -0.00030513651550428955]
[0.0008612155847514957, -0.0006193682140223089]
[0.0004904453159751965, 0.000567471493641461]
[-0.0009512327601522846, 0.0006560035016917746]
[-0.0006347941383943838, -0.00043844630873946487]
[0.00025910060003037083, -0.0004504203069545659]
[0.0004503043641806703, 0.0005466101680551283]
[-0.001246449560312668, 0.0006145204901053525]
[-0.00015662446602388025, -0.0008090656703922949]
[-0.0001922404121186827, -0.0006439466351942924]
[-0.0007874081539861882, 8.547165789207778e-05]
[-0.0002744876526961648, 1.8495040716604016e-05]
[-0.00016636798763544625, -0.00025293603171372414]
[-0.0002387235119328257, -0.0002837736203206709]
[-0.0011183321405831559, 2.6043903186001582e-05]
[0.000621378112168891, -0.00021104909409996875]
[0.0003264253757347957, 0.00022121425857654642]
[-0.0009162478577488184, 0.0005772157246663641]
[-0.00040654807120571457, -0.00022776799184762858]
[0.00019857385051896825, -0.0007054687726775477]
[0.0002767598646160607, -6.785393368918813e-05]
[-0.0011108383860434778, 0.0006598798382072002]
[-0.0003349776051806419, -0.0003662717080907263]
[-8.605876689135594e-05, -0.000977672946492869]
[-0.0005253475178361722, 6.947635852178058e-05]
[-0.00021798882106981166, 0.0005386878588994337]
[-0.00014138981891034796, -0.00012762456573800485]
[-0.0004301666441032248, -0.00043838634734855164]
[-0.000962571228936171, 0.00014830340095950412]
[0.0005377750952207383, 3.637422969715587e-05]
[0.0004114484710941446, -9.293834550483382e-05]
[-0.0008856958386615418, 0.00038573091598224744]
[-0.000767312871367748, -0.0001330825656453271]
[0.00015824479347065212, -0.0008420927214149512]
[0.00037618269857533915, -0.00030090883860071915]
[-0.0005153814335460694, 0.0005754562527061358]
[-0.000680308910773697, 2.8716181036586574e-05]
[-0.00042014980136170776, -0.0006261567303712523]
[0.00011500690838744942, -2.6499290226078553e-05]
[-0.0001365848814497382, 0.0002427888575238235]
[-0.00032159845644606777, -0.00011394608330506095]
[-0.0004873202440631441, -7.62318553369501e-05]
[-0.0006777487276147243, 0.00010620989357401633]
[6.284122620275889e-05, -5.458301791660958e-05]
[0.00033963310141393865, -0.00021850906728007602]
[-0.0005256233934505805, -0.000135409366299976]
[-0.001269243764677963, -0.0002192167352411522]
[0.0005082911223114328, -0.0002412598383081943]
[0.0005626191628444466, 0.00024770154696620444]
[-0.0007819136482657418, 0.0003096852703327879]
[-0.0005706057522035513, -0.0003019543439104766]
[-3.1990191536268586e-05, -0.00043016659265743273]
[0.00021548035195365078, -1.7436682711646778e-05]
[-0.0005222369439923658, 0.00025766193976939356]
[-0.000319668375492195, -2.2209853070442875e-05]
[-0.0005672502975979654, -0.00018565656309033063]
[-0.00025362133584280744, -0.00029375216692362205]
[7.086202784595264e-05, -0.00034996586225657933]
[-0.0005025546570895378, -3.7630848053749055e-05]
[-0.00024638157248815795, 0.00011749024966106747]
[-0.00072019979990956, 0.000203882247031259]
[0.00041913773870180804, -0.00010037666723083406]
[0.00041768839262466134, -2.5285316727170423e-05]
[-0.0008006268174362563, 0.00023018921878792398]
[-0.0006577996855403334, -0.00019439014463676352]
[0.00029229374826061916, -0.00027135512244003124]
[0.0005587041717081687, 1.0770726859010704e-05]
[-0.0011314385704448426, 0.00025175956822504064]
[-0.000501003567092817, -0.0005488903667196232]
[-0.00012758006822731482, -0.0007321766568126331]
[-0.00035521687862696827, 8.276380828992069e-05]
[0.00011282660880074236, -2.976992116821009e-06]
[-0.00047220999958202947, 1.838969918971367e-05]
[-0.0003613881198235025, 0.00029633245019125565]
[-0.00036481740574462185, 0.0003642366457601576]
[0.0002600009068144393, -0.0003772421274733772]
[0.00011582864473026755, -0.00032197911451081057]
[-0.0004026272228195016, 0.0006320308473379416]
[-0.0005342398220637423, 0.00018054018743982048]
[-0.00026065715237477693, -0.00040201551123236756]
[0.0006257890944464384, -0.00045758800237205577]
[-0.0007090149246557209, -0.00016588525415778266]
[-0.0009117095709424566, -0.0005117358625562618]
[0.00025169879803028927, -0.000385255747818225]
[-0.00013886103076243828, 0.0005454947789287345]
[-0.0005600204116287533, 0.00013799098693562106]
[-3.246967841141757e-05, -0.00037474080521759934]
[8.408341100796246e-05, -0.00019765969893184576]
[-0.0007889451400345804, 0.0004465560895847154]
[-1.0854123841212704e-05, 0.0003057987195593708]
[0.0004845871573336824, -0.0001309585173990763]
[-0.0005818177144021608, 0.0001420437923278159]
[-0.0006574668863377209, -0.0001570863300253897]
[3.67643954519159e-05, -0.0004279176746735114]
[0.00015844217881000322, -0.0003875980908371601]
[-0.0004117430443744685, 4.887025044941762e-05]
[-0.0006380273456278451, 6.070304637428858e-05]
[1.001489167964248e-05, -0.0002885316524192105]
[0.00019782841383454708, -9.020749668747774e-05]
[-0.0005426112938675676, 1.210308884475042e-05]
[-0.0003738459521220594, -0.00014442526196556393]
[9.576369102687332e-05, -0.0002217247172255632]
[-0.0003900287158808413, 0.00038622523618886406]
[-0.0003018982829011488, 0.0004378929774337681]
[0.00036246335221440384, -0.00033526742414457557]
[-0.0004533199949852962, -0.00043280686958727804]
[-0.0010708746698904759, 3.8368084932106916e-05]
[0.0005193933410647111, 0.0001570670195500945]
[0.0004977915114180997, -3.824526225629232e-05]
[-0.0008527515666639784, 0.00010574905012977753]
[-0.0006735566513964286, -0.0001715333962218346]
[0.00020473949842439443, -0.000476749818176081]
[0.00030083902085156766, -0.0001733713305503426]
[-0.00044761009937452356, 0.0001875740146854432]
[-0.0004915421481990756, -8.276273616553143e-05]
[-0.00033286825855360913, -0.00028040994236036565]
[-6.181878037631039e-05, 6.107570613439472e-05]
[-1.9499809837453252e-05, -0.00011197292484837335]
[-0.00022787162161999608, -0.00019429932593054838]
[-0.0001941111712786131, 6.028367031565146e-05]
[-0.0007224361342882818, 0.00042978165885352443]
[0.00018099349508887697, 0.0002352017481253299]
[0.0006931650776618725, -0.00014762972980456035]
[-0.0007589767220128052, -7.270221613309147e-05]
[-0.000934554959813455, -0.00037764064865930536]
[0.0003864253997393069, -0.00012367138611035777]
[0.00046132387881885756, 0.00014924114150455248]
[-0.0009377806754900103, -7.131322788561656e-05]
[-0.0004914960858859452, -0.0006247643697003258]
[0.00024437285534820163, -0.0005350279928702795]
[-0.0003599022971297883, 0.00027685184951936614]
[-0.00014872553023373425, 0.000143237231821719]
[-5.71576428030629e-05, 6.920921258608825e-05]
[-0.00022663069659383667, 6.842330645576156e-05]
[-0.00035005530381172073, 0.00021150194978679024]
[8.688612535368012e-05, 0.00014096577827821255]
[0.00026252445799260227, -9.592532092145278e-05]
[-0.0006950829991433649, 0.00014159282919606886]
[-0.0005156004848601847, -0.00020629604953864566]
[0.0002498825013710071, -0.0002523906024404776]
[0.00016267411248331587, -0.00021722419282860228]
[-0.0008343641247453709, -0.00012845897786645244]
[-0.000641304379785157, -0.0003712889898987437]
[0.0005986163598261096, -0.0005470258653879623]
[-0.00017766185045509086, 0.0003571687615113728]
[-0.00047221016569690133, 0.00043848558392606263]
[5.093703315697806e-05, -0.00010952415686388273]
[-0.00014415695255488511, -0.0003035802159368755]
[-0.0003308069113483886, 0.0002512643949609313]
[1.951013196829776e-05, 0.00034606789121410103]
[0.0002535495942237731, -0.00019078089237974105]
[-0.0007660779972273046, 6.358085511631861e-05]
[-0.0005219240777836476, -5.0664859563176456e-05]
[0.0002905291701405799, -0.0004319092610005626]
[9.375661729177365e-06, -0.00034398254820350305]
[-0.0004698800016697986, 0.00020801680163634595]
[-0.0006136257437740489, 3.080641219621594e-05]
[0.00022739306091074107, -0.000518170642066107]
[6.826605801399377e-05, 1.836023753531979e-05]
[-0.0002916637137130029, 0.00030225495190538965]
[-0.00011466325291997759, -0.00011641871574517848]
[-0.00019317176119984514, -0.00026934827395468184]
[-0.00025657863979050566, 0.00020433429639012905]
[-0.00014469269104316895, 0.00022759331229958019]
[0.00028302305786104265, -0.00024402761921676203]
[-0.00048108807159066846, -0.00012853017987107807]
[-0.0007622949660760214, 7.701522970068875e-05]
[0.00022183189385727164, -4.43935134760709e-05]
[0.00028040970303525037, -0.00011188815330814839]
[-0.00046591644032116866, 7.972363373420777e-05]
[-0.0006236371830526319, -6.721152902411376e-05]
[0.000176106454031405, -0.00026109240850930027]
[0.00012515909526242264, -0.00012760578464543482]
[-0.0003770686607054152, 6.681589695547996e-05]
[-0.00026223198765454314, -7.175729395061947e-05]
[-7.830309709622174e-05, -0.0003193279650554083]
[-0.00019535728344384495, -4.852675019780678e-05]
[-7.078188239482974e-05, 0.0001536850942822519]
[5.397086392874839e-05, 8.675007028908707e-05]
[-0.0004333573708260319, -0.00010133388081529082]
[-0.0004135469909174183, 1.3307347898033894e-05]
[0.00023067464001114146, 0.00013825361271263548]
[0.00019553500390476208, -2.0705943540089145e-05]
[-0.0006950851161953847, 6.404444648433483e-05]
[-0.0004931720501555152, -9.850212735645902e-05]
[0.00027003259044293404, -0.0002503367748084018]
[0.0001109980981351677, -0.000279617348346195]
[-0.0004557517257542387, -4.263041187918537e-05]
[-0.0005995427503754647, -3.0552812733342094e-05]
[0.00015850082516888353, -0.00029360719299798]
[7.838843876528667e-05, 2.828668837473458e-05]
[-0.00010007552563551236, 8.449806995055112e-05]
[-0.00020168440168163992, 2.1547295369688142e-05]
[-0.00033465421744693913, 6.216699176944673e-05]
[-4.2277020435160795e-05, 0.00018724691500074386]
[3.5905514576384245e-05, 6.03067759220588e-05]
[0.00014559053377546927, -0.00022737944611422867]
[-0.0007371258564203148, 0.00012348508769782773]
[-0.00048565071826559003, -8.121434003255379e-05]
[0.0002790837905241039, -0.00042570200611335984]
[-2.778086650306877e-05, -0.00021341747126507604]
[-0.00033815573368584095, 9.54624002446891e-05]
[-0.0005980591724486506, 2.5522333511052153e-06]
[0.00021750825316446676, -0.0002520129762951795]
[0.00011101945155941872, 9.351138705814e-05]
[-0.000174468397639245, 3.3283339898561824e-05]
[-0.00020293921885555788, -9.803000690965496e-05]
[-0.00013667480928741815, 0.00018639763732086062]
[9.214238218957505e-05, 0.00026132722583603607]
[-0.00041559574770999586, -8.702520719566786e-05]
[0.0001061765095937417, -0.0004884779845368836]
[-0.00029319223608725853, -6.0706304545132816e-05]
[-0.0005925308322219935, 0.0001520406915201944]
[7.981792090419257e-05, -0.00012456014544948157]
[5.4281791632665444e-05, -0.0001746749901777589]
[-0.0003461623738199304, -3.9225663767461505e-05]
[-0.0005352789539432301, 3.236859335914444e-05]
[0.00040504562475315864, -0.00017047923091664807]
[-1.0552159864007926e-05, 4.94999235132465e-05]
[-0.00038863760749654683, 0.00025738928552923764]
[-6.236300689271834e-06, -4.125139042516048e-05]
[-0.00011744978051023147, -0.00020831368623243363]
[-5.218968451980999e-05, -8.492587750832253e-05]
[-0.0002660999331109415, 1.3948914307337912e-05]
[-5.9273554535332895e-05, -0.00023922176555440933]
[-0.00023817942778620038, -0.00010248424252568]
[-0.00034153530584180025, 0.00028507819864370676]
[-5.93614041588357e-05, -3.4372246003888662e-06]
[9.633695340160314e-05, -0.0004002162990696667]
[-0.0002344782095868858, -0.00010423025772116068]
[-0.0006732215302530098, 0.00033954791248347327]
[0.0002371319304809716, 6.77582544054145e-05]
[0.0003290202864541236, -0.00018530954485063145]
[-0.0004583587833536795, 1.827026459201922e-05]
[-0.0004078383329775559, -0.00012735582316542558]
[0.00010897346338673009, -0.00029012122223377734]
[-5.0644124439572225e-05, 2.824504590652477e-05]
[-0.0001602866240905665, 0.0001907562952999653]
[3.880879122783454e-05, -0.00012958831296705497]
[-0.0003893267509503251, -0.00019046724770571677]
[-0.0003061768359032824, 0.00011766297439286255]
[8.911380518317191e-05, 1.9300305273195484e-05]
[0.0001678209773200226, -0.00020869340731377584]
[-0.0004025576657306351, 3.518224888587884e-05]
[-0.0005655399851028364, 0.000195909746970091]
[4.0742123921744255e-05, -3.125493107333788e-05]
[0.00028207134235702647, -0.0002893069124564329]
[-0.00022036701361233257, -0.0002502050351959814]
[-0.0007549940084215223, 2.064923141989472e-06]
[0.000270200397558526, 0.00013954177192174524]
[0.00025034387049968285, 0.00018762891050872008]
[-0.0004145916347157441, -4.83443880052864e-05]
[-7.526553080397513e-05, -0.00031008308467785073]
[-3.111145880554944e-05, -0.00012677181323000886]
[-0.000247595008081386, 0.00017550066601013103]
[-0.00017375374772293783, 0.00021183069562918933]
[0.0003061982943093587, -0.0001623762671224549]
[-0.0005915824130618419, -0.0002719147715127268]
[-0.0005504640723974774, -0.00014672134161458628]
[0.0003956188368475777, -7.350245195189564e-05]
[-4.8095971398987025e-05, 3.869960276806084e-05]
[-0.0004247383289195106, 8.61685791238298e-06]
[-0.000429751253354288, 7.486736271802158e-05]
[0.00036993561639352135, -1.6661898610622825e-05]
[0.00013959272306230536, 1.599419589243343e-05]
[-0.000386357220846012, 6.361437903253109e-05]
[-0.0002048579713078147, -0.00014001095207794023]
[1.588422273213208e-06, -1.832284738528811e-05]
[0.00011028657426490063, 0.00010352448902800626]
[-0.0004135565366170796, 4.454503838957624e-06]
[-1.2791224600836038e-06, -0.00047729104226568175]
[-0.0002841593060846914, -0.00035348915369171063]
[-0.0005359187804109544, 0.0002088588615167808]
[0.0003189082813849775, 5.9765503607728254e-05]
[0.00010559497613618629, -2.8630646286026407e-05]
[-0.0005310331530111456, 5.067656673884979e-05]
[-0.0004234824327252751, 6.420007081252288e-05]
[0.0004688075321385918, -0.00013799834117051617]
[5.049336667443255e-05, 7.5831178030639e-05]
[-0.0004387113243798646, 0.0003556529116890972]
[-5.1041252498801315e-05, -0.00015376203526180215]
[-0.00010828388897468622, -0.0002851853690553352]
[-6.59173759406384e-05, -7.932338878605116e-05]
[-0.00018583822007184336, -4.847084328613027e-05]
[-8.81439645982196e-05, -0.0003308903207606684]
[-0.0001687174509067864, -0.0001593246530292025]
[-0.00036368486531448974, 0.0003105581751941533]
[-1.0461913479670182e-05, -6.8452761997073175e-06]
[0.00018502362332264988, -0.000236523658329435]
[-0.0002396791282509303, -5.089506724194337e-05]
[-0.0005231055945506269, 0.0002371025906494073]
[0.00021141665193931403, 0.00013116985086723994]
[0.00022724500442730666, -2.200452645187683e-05]
[-0.0004951207320708501, 6.996128908248744e-05]
[-0.00021694911053553312, -0.00019862616519296383]
[0.00016784315736353972, -0.0002796429641107323]
[-0.00024129890294874445, -2.3498367674790188e-05]
[-0.00019607480289507428, 0.0001890401770889838]
[0.00011611408530620704, -8.565435646717967e-05]
[-0.00023652827238722363, -0.00031699407635882304]
[-0.00032147565795505664, -3.606308258996549e-05]
[8.394485303600541e-05, 0.00010005983088845483]
[0.00011163595203003696, -5.408158010544728e-05]
[-0.0004126236146770601, -9.47568588451353e-05]
[-0.00033256042697213384, 0.00014517904497912681]
[0.00017150419488823343, 3.9306235120016575e-05]
[9.813123253131495e-05, -0.00018934125952286412]
[-0.0003499762357232483, -3.0103182973998006e-05]
[-0.00042210354097976105, 0.00012748572345428703]
[0.00021289896985277057, -3.620901750164829e-05]
[7.430311189413064e-05, -8.267518490913395e-05]
[-0.00025178259685329496, 0.0001264258274141783]
[-0.00011529741795152093, -8.120388175858473e-05]
[-0.0001895491497714702, -0.00024114557487847632]
[-0.00011361473739346026, -6.354924823276376e-05]
[5.031821523442115e-05, 6.962306280233754e-05]
[4.374222872882694e-05, -0.00013574341806171786]
[-0.0005244825217850801, -0.0001678900497417979]
[-0.00033879185803803447, 4.45282957878268e-05]
[0.00032854981579530373, -0.00011078341742797038]
[1.4075885903963581e-05, -4.335727913580556e-05]
[-0.00033829502691640895, 0.00013040924295635008]
[-0.0003550630867128063, 0.00019449465475591433]
[0.00015891294371989106, 2.3175946870318542e-05]
[0.00018904707623902672, -6.887669677765884e-05]
[-0.0002680726550266799, 5.5502844514776495e-05]
[-0.00024037434320586804, -0.00013868053770557665]
[-0.0001281472256371985, -4.320488986836457e-05]
[1.429173694079966e-05, -4.452447471281484e-05]
[-0.00013898096261506787, -0.0001878457111870735]
[-0.00012460407194445078, -0.000285132407258748]
[-0.0002001885521386304, -0.00012638444780532776]
[-0.00030675447466249617, 0.00016156566876543432]
[0.000173099490774542, -6.859137228643064e-05]
[3.3932784054696574e-05, -1.5078024033991777e-05]
[-0.0003095939308592685, 0.00010379748887948646]
[-0.00021898569537001644, 0.00017465636340408593]
[0.00016362021380422753, 7.78574413832292e-05]
[0.00010537437063523614, -6.304877204593023e-05]
[-0.0004320868096063246, 7.157169711180522e-05]
[-0.00016099552531226302, -0.00013273809046354668]
[4.637585334954508e-05, -0.00013570318210243126]
[-0.00010961009126192467, -0.00010831553458590104]
[-0.00021523155489961907, -0.00010055161757610565]
[-0.00017954429050456855, -0.00019968173865014816]
[-2.0032784273441018e-05, -0.0001893502910927103]
[-0.0001903015365808114, 0.00019673783989404559]
[6.243106791628539e-05, 3.113037324366241e-05]
[1.8655083394880645e-05, -0.0001398679873309272]
[-0.0003000041195001489, 5.7987262396030914e-05]
[-0.0001275075981284346, 0.0002849095067600244]
[5.6313884581327134e-05, 1.304481246434952e-05]
[7.809245630567563e-05, -0.00028027100094146426]
[-0.0003445948473409788, 7.017106717849275e-05]
[-0.0002764199932928646, 0.00010112318239000051]
[3.9501941114433725e-05, -0.00013408913482376716]
[-2.1274615690000664e-05, -0.0001643753721700114]
[-0.00014410621774437957, -2.1463415375788664e-05]
[-0.00024155657898195654, -0.00013456918721804767]
[-7.446541790523398e-06, -0.00015084656970704158]
[-0.00013114922822154984, 0.00020304180875913014]
[-4.5881300998390495e-05, 6.359026239230459e-05]
[0.0001234280702287205, -0.0002797730102402779]
[-0.0002515367433909982, -0.00011048465415310765]
[-0.00030863081773883916, 0.0002544986498854186]
[3.518146602510264e-05, 5.996764610500301e-05]
[0.0001876755243875941, -0.0002261212955471069]
[-0.0002750349364181448, -2.7890571476729686e-05]
[-0.00036836750215796243, 0.0001572504328684471]
[2.9511976350621305e-05, 2.0828708606396296e-05]
[7.189068437761514e-05, -0.00013230006179032472]
[-0.00012780980337494252, -4.555565811908968e-05]
[-0.00024084812524730569, -3.932388182975588e-05]
[-6.315792130755227e-05, -2.549014451513898e-06]
[-4.375495887093406e-05, 6.5938449597124915e-06]
[-0.00013096529402781276, -9.586866617691814e-05]
[-2.596336452961867e-05, -0.00025966711256703023]
[-8.834372261623535e-05, -0.00019201531652596193]
[-0.00032574829757167634, 0.0002173807469723829]
[3.97674562787817e-05, 0.00018588151573265856]
[0.00023799050298459884, -0.00012039262766802431]
[-0.00034320830207898445, -0.00019935766550083223]
[-0.00037530126504695116, 0.00010742218012442517]
[0.00022007005977334182, 0.000224060746168514]
[0.0001659185053014267, -1.2368228741121978e-05]
[-0.00044741558984032204, -2.3658554210492788e-05]
[-0.00020510911351113298, -0.00011642464500277727]
[4.977064757964722e-05, -0.00012804211529054976]
[-9.051460144908485e-05, -0.00010800719778325529]
[-6.871552925388769e-05, -6.610313324661998e-05]
[-0.00021667318358506438, -0.00011522786198917001]
[-0.00011216906659144987, -0.00013184444578651783]
[-0.00010330717180889737, 0.00017093418779003805]
[0.00011779927630151295, 2.9536403114478575e-05]
[4.0580767356798025e-05, -0.00016387482613154647]
[-0.00030081955899632917, -1.5202555827029118e-05]
[-0.00020003440486955626, 0.0002579636666818208]
[8.296629188858651e-05, 0.00018692247931401118]
[0.00027176384509838836, -0.0001666672898182342]
[-0.0005164996710162184, -0.00012051679518554348]
[-0.0003842317346771651, -0.0001742334471617757]
[0.00023120947230550332, -0.0001021489221011973]
[-7.644444779983384e-05, 0.0001087824521341374]
[-0.0002133563113901754, 7.54466516636465e-06]
[-0.0001534122545628347, -0.00024183153974352556]
[3.728820267492883e-05, -0.00018835036876162226]
[-0.00021251402301389333, 0.0002248009534102785]
[9.479364948497201e-05, 9.226136248729339e-05]
[0.00011999828721558081, -0.00013440173659221965]
[-0.000326973922599727, 4.401107375447827e-05]
[-8.842577592441114e-05, 0.00015120309249493438]
[-2.754448941133525e-05, -1.829926692734074e-05]
[9.392937889382558e-05, -0.0002528166272954546]
[-0.00031539250277307085, -7.816923185322011e-05]
[-0.00031054120848476863, 3.811715555690487e-05]
[0.00012263587707193185, -1.6943816533721012e-06]
[-4.320871499051415e-05, 1.752313526992566e-05]
[-0.0002562801668431758, -6.449752840392842e-05]
[-0.0001760326863640138, -0.00017710007920029858]
[0.00022851263119541554, -0.00012139221388908494]
[-0.00022041208145351376, 0.00024771308528873104]
[-0.00015342394951627786, 0.0002461904057194913]
[0.00023654216143942364, -0.00022471013115006686]
[-0.0002498469113164231, -0.00028773716516765184]
[-0.0002737323707966144, 4.487709471337649e-05]
[0.00013406167525076285, 0.0001218751268644569]
[8.376561875528266e-05, -0.00011008328419601088]
[-0.0004195474343773875, -5.855024376885676e-05]
[-0.00015259711947442078, 9.51591737502755e-05]
[0.00012421935969217368, -8.730527420913736e-05]
[-9.595780506237682e-05, -0.00015309450543299352]
[-0.00016236627011587124, 8.318447424859876e-05]
[-0.00017123403001165216, 0.00011349100229113285]
[-1.6220301959440908e-05, -8.718675413418864e-05]
[-4.2806604550776894e-05, -3.773549743063542e-05]
[-5.481858493065761e-05, 5.93588809653621e-05]
[-6.458930734790091e-05, -0.00019698171380944096]
[-0.00013007434940329188, -0.0002172366072103753]
[-0.0002308430571372408, 0.00017490007975470845]
[0.00010380453203245876, 0.00017236108177441645]
[0.00020715615868376058, -0.00017422149299230194]
[-0.0004031832249909162, -0.0001639878501208114]
[-0.00028344200710360423, 8.544733606238863e-05]
[0.00017690479482720955, 5.432823870915593e-05]
[0.00010411833609853816, -5.368529747240558e-05]
[-0.00033495209560066574, 5.061091895364189e-05]
[-0.00017975013669332962, -2.2573735483311097e-05]
[-3.3424433854373214e-05, -0.0001456927426720933]
[-0.00012787312104897697, -8.354461272527813e-05]
[7.810621471519841e-05, -2.034144993976611e-05]
[-0.00017227432749050697, -1.0911200415575362e-05]
[-0.000132487813256775, -9.343307975366762e-06]
[-7.32381041637642e-05, 9.50413190258818e-05]
[7.858017657449978e-05, 6.335131585086251e-06]
[6.685421287744298e-05, -0.00015375614150237027]
[-0.00027493699338920763, -4.747450475359183e-05]
[-0.00014951412361580152, 0.00010472846187942197]
[2.066110521234399e-05, 0.0001054786664381746]
[0.00014871172986561515, -0.0001378033614939933]
[-0.0004074756694927191, -0.00017797297903848763]
[-0.00027232173803817816, -8.729316534605847e-05]
[0.00020198478708326195, -4.4801759259999185e-05]
[-0.00014283990659394452, 6.640097964044633e-05]
[-0.00014146444653344303, 3.0228468612530923e-05]
[-0.00011569891775370378, -1.3703659052392847e-05]
[1.9627755750612624e-05, -6.530360245885717e-05]
[-8.239475321556583e-05, 6.359313697296143e-05]
[6.264641136083382e-05, 9.657122433877688e-05]
[-2.6703529065613685e-06, -9.447553108401369e-05]
[-0.0003327748301228117, -4.959769765389144e-06]
[3.87362197913077e-05, 3.78836815764505e-05]
[1.545792103825605e-05, -8.868078919466171e-05]
[-7.44569856615529e-05, -0.00028535073250607335]
[-0.00029159494780666914, -8.97923683639279e-05]
[-0.00020142036257561613, 0.00015446399203972172]
[0.0001318286254412826, -5.437812838479661e-05]
[-4.466732209959523e-05, -5.315303115580039e-05]
[-0.00015523899359154436, 3.634903868456052e-05]
[-0.00019038521283420984, 2.824071435315878e-05]
[6.846269460818177e-05, -1.3087819879017276e-05]
[-1.6917708575300838e-05, 0.0001326528579754984]
[-7.880240999928734e-05, 0.0001125277144116768]
[4.053098759934648e-06, -0.00024423457901229587]
[-0.00020810122498063355, -0.00010211723325129207]
[-0.00010731518073636703, 0.00010785610582397798]
[1.7106046781012463e-05, -6.023047859224362e-05]
[-9.402939454727921e-06, -0.00029030657099249346]
[-0.00020218868470255752, -6.924057952190088e-05]
[-0.00018613340719284346, 0.00020939606794334598]
[1.5012194274771629e-05, -3.48550156125671e-05]
[1.0605949373299062e-05, -0.00013387865425962264]
[-0.00010402515403185042, 2.0450438281693906e-06]
[-0.00016802224211984185, 0.00010667517734730403]
[-2.4084404491593603e-05, 5.044721983832323e-05]
[-1.8055080950568625e-05, 1.7105596059892314e-05]
[-0.00010348292140599513, 4.953049317939738e-06]
[-6.703682827209623e-05, -0.0001751031939726819]
[-4.684725948428392e-05, -9.76167205326145e-05]
[-0.00016916476619438514, 0.00012414467013344144]
[-2.8514868959633732e-05, 7.261831725030587e-05]
[7.796900108140992e-05, -0.0002296949778748114]
[-0.0001721267861284695, -0.00018429188517743444]
[-0.00019387507917364294, 0.00015175990850258003]
[1.2128188985029154e-05, 0.00011321928031482464]
[8.542737588779215e-05, -0.00017233764200236257]
[-0.00022872811235813417, -0.00014629248490050095]
[-0.00020774767392855997, 0.0001048304246776266]
[5.003368797082408e-05, 5.00084234380041e-05]
[-1.4417641920838609e-05, -5.0054114439639086e-05]
[-0.00010063346111757049, -9.182396754878024e-06]
[-0.0001666864808139313, -1.248925256266964e-05]
[-1.8229773425249007e-05, -4.6576810568722815e-05]
[-5.4228020935950805e-05, 8.230063096338613e-05]
[1.6177399473682463e-05, 0.00011887017042927495]
[1.4353582311096846e-05, -0.0001834036457453725]
[-0.0002599678644807507, -0.00015293872050081703]
[-0.00011146050705748006, 8.96878609911167e-05]
[5.6054856140026754e-05, 5.029054818878054e-05]
[6.026729438488032e-05, -0.00023725022056109157]
[-0.00027108445190027197, -0.00018360834978847773]
[-0.00027783029192199327, 0.00011382069052368049]
[0.00010756790388044557, 4.383640524149163e-05]
[6.295034027317681e-05, -4.952018259424262e-06]
[-0.00011398346786392795, -4.883096043261292e-05]
[-0.00024277588543741846, -5.858114956267674e-07]
[3.322747956809036e-05, 0.00010546427679002102]
[6.632519374139001e-05, 0.00016855994498264637]
[-0.00011340355223193876, 5.2275696179771014e-05]
[-1.5034015376794163e-05, -0.0002916124878984405]
[-0.00017368899102181146, -0.00012182900256205165]
[-0.000154132010983285, 9.110512895743605e-05]
[3.0227426401727153e-05, 6.118895669759983e-06]
[3.541356664434753e-05, -0.00021580495406342548]
[-0.00024024127513332105, -0.00019922878611530748]
[-0.00023914639853758746, 6.40887610535712e-05]
[0.0001752157786066022, 3.6758490004021316e-05]
[8.704297849437825e-07, 6.43439753087588e-05]
[-0.00019823996776832317, 5.799860855094582e-06]
[-8.966506263050067e-05, 1.1990136885227029e-05]
[5.0027457327059266e-05, 9.36296169950189e-05]
[1.8797912402813977e-05, 9.655584308570359e-05]
[-0.00020960474953787833, 2.611130504417969e-05]
[-5.862605822350153e-05, -0.0002588064635527937]
[-3.114136399604006e-05, -0.00012012098778479974]
[-0.00014490189616186977, 0.00012584555242711737]
[-5.6154714004025275e-05, 4.615207743091654e-05]
[-1.0472188881990863e-05, -0.0002681982789438653]
[-0.00013282523894551923, -0.00025643521075127684]
[-0.00021244305624235071, 0.00015605481445088443]
[0.000176267927161175, 0.0001261282033507699]
[4.818287452773573e-05, -1.787748639796305e-05]
[-0.0003233093399171369, -1.5034721982803978e-06]
[-3.459534294573963e-05, 1.450024740198494e-05]
[8.914595606517028e-05, -6.070252007426245e-05]
[-8.494041555807963e-05, 1.2984984222348325e-05]
[-0.00015956096427027777, 0.000152132997392182]
[-3.01862451768109e-05, -9.621044817187396e-05]
[-0.00010192711769421714, -0.00017432972541539526]
[-0.00013436377711410763, 5.4375888947300055e-05]
[5.2661685519969637e-05, 6.607937237784745e-05]
[-5.7178557418472234e-05, -0.00022028702912540998]
[-0.00013094493770221538, -0.00014309891101080274]
[-0.0001438729669172717, 0.00021629609088591462]
[2.9171730301438825e-05, 8.5026088406992e-05]
[0.00011399259578825927, -0.00022313917800673155]
[-0.00020165466886989947, -0.00014195311238317243]
[-0.00021363988998276962, 8.96646029360168e-05]
[6.440833870050705e-05, 4.945992813574487e-05]
[3.918810425952192e-05, 3.2711049136545465e-05]
[-0.00017673811039681242, 4.8097872346719583e-05]
[-6.440665878341967e-05, -8.994435657030952e-05]
[-3.5233494942332744e-05, -0.00011616420537499672]
[-0.00016952032236323966, 8.53063292529932e-05]
[4.2166059876294626e-05, 0.0001634870788398135]
[6.438885442864445e-05, -0.00011226411660136826]
[-0.00024813235332538097, -0.00016038511862470628]
[-0.00015848307458220245, -8.316217037451779e-06]
[0.00010215068919695869, 1.030037353752511e-05]
[-1.550920679355139e-05, -0.00014069323408863466]
[-0.00016773644057190007, -0.0001459564634435917]
[-0.0001515816944532289, 0.00010992430126480213]
[5.3360988742919696e-05, 8.57069816626527e-05]
[4.961163474324036e-05, -3.6417989949943594e-05]
[-0.00015325468053703495, -7.074617987701953e-05]
[-0.00013030584458484373, 2.4417154422501364e-05]
[2.000627339970862e-05, 8.365789356709619e-05]
[1.3277893530047602e-05, 7.672973248995518e-05]
[-0.00015311435129311546, 9.00528492704944e-05]
[-1.7653361350511432e-05, -0.00018008071087491362]
[-0.0001562433279324732, -0.0002176913362838262]
[-0.00018149366831402003, -1.1698804140286567e-05]
[0.0001682373251192526, 7.03891910140142e-05]
[-7.16686408858136e-05, -7.284293000139885e-05]
[-0.0002686988074419999, -0.00014371311873780102]
[-7.307427790761989e-05, 5.2449684444635936e-05]
[0.000206570042710897, -1.3233076685462315e-05]
[-5.2414465851184644e-05, -2.327754610237029e-05]
[-0.00019320720375187728, 8.70287508331763e-05]
[-3.302457785667179e-06, 0.0001026030611313497]
[-8.991818346862357e-05, 2.3314162394885707e-05]
[7.110882416792863e-05, -6.691807975478525e-05]
[-0.00011909279298176478, -2.8862656361955397e-05]
[-0.00019377736697030745, -0.000156824727949062]
[-7.526782021846819e-05, -6.264341850914512e-05]
[-6.593098631858113e-05, 0.0001365880583655832]
[3.172578063162512e-05, -1.3958957712223441e-05]
[-0.0001038455325524934, -0.0002287765347080417]
[-8.678786387150694e-05, -0.00011659776400210764]
[-0.00013520778926121024, 0.00018198678704015037]
[0.0001241133274918274, 6.932682430615955e-05]
[5.186352026727292e-05, -6.412183063752783e-05]
[-0.00024281481410995398, 2.1549292415859803e-05]
[6.0846853111584664e-06, 3.81944208912785e-06]
[-3.424725118500449e-05, -5.500777699159187e-05]
[-5.819125326385344e-05, -4.541872579068296e-05]
[-0.00011128351955959348, 2.4389258886009513e-05]
[-7.31679326936574e-05, -5.8636782593463055e-05]
[-8.505719531441691e-05, -6.032045783876949e-05]
[-9.950320273329621e-05, 6.529063066046392e-05]
[1.0669056952752887e-05, -1.3987411922489201e-05]
[-0.0001193232852233772, -0.0001573115000810532]
[-6.377554142622532e-06, -5.2472167356015786e-05]
[-6.807576716255648e-05, 0.00020681695351597307]
[-4.154184148252166e-05, 9.81516082770792e-05]
[3.6377367775328184e-05, -0.00022854450528581038]
[-0.0001290170900364665, -0.00015671205889965885]
[-0.00010345242285337425, 9.861540509170999e-05]
[1.8357805875363065e-05, 6.467206128825398e-05]
[4.5379674446094365e-06, -7.151381992602512e-05]
[-0.0001777990443766475, -2.016168424967546e-05]
[-5.641804657884053e-05, 5.126483207107402e-07]
[-2.7630717262111526e-05, -7.984615948977702e-05]
[-9.238079020426615e-05, 1.94308433457413e-05]
[-9.415159874126555e-06, 0.000113074433830046]
[-6.59753547999492e-05, -6.938046657375962e-05]
[-0.00013877099561084016, -0.00012176764898191861]
[-6.488709424842809e-05, 7.839108175464182e-05]
[6.21964807160924e-05, 5.137397137669475e-05]
[-7.145374232224444e-05, -0.0002125957644786812]
[-9.77309943696672e-05, -0.00012840750797557532]
[-0.00011172358859773933, 0.00019128222101680173]
[4.273233137772059e-06, 8.762442763311784e-05]
[9.331325405870228e-05, -0.00015605077645438475]
[-0.00011954602380759294, -9.17082029997518e-05]
[-0.00015716534173695895, 6.357420635041966e-05]
[-6.136538007796288e-05, 6.896507394690832e-05]
[8.643011000849382e-05, 1.8264060933859128e-05]
[-0.00010686448450678704, -1.0619425083985279e-05]
[-0.00013150781298047753, -0.0001568526067424747]
[-8.998891776638984e-05, -0.00010263468369048345]
[-0.00011921449585822197, 0.00011030273969819815]
[7.713725652895576e-05, 4.3501864574239935e-05]
[-6.224417856172393e-05, -0.00014157495944647908]
[-8.777218776049624e-05, -0.00011263324029138488]
[-0.00011903662727858616, 0.00013644014710981894]
[6.179662991652457e-05, 0.00012018703312040996]
[8.580408050171129e-05, -8.704347942462692e-05]
[-0.00017586097996374894, -9.890564070798302e-05]
[-8.71682044715355e-05, 1.558291254283306e-06]
[-4.3238561542022214e-05, 9.114049926284284e-05]
[7.021054227816792e-05, -1.7589468617185133e-05]
[-0.00018371066959464027, -0.0001168533567843244]
[-0.0001661527208010466, -0.00014605335675013653]
[2.6928736645476237e-05, -5.005454599041337e-05]
[-8.985380674075838e-05, 0.0001471111711494888]
[-1.1052855154639052e-05, 5.0540185183425845e-05]
[-9.754100390935161e-05, -0.00012577332183437429]
[-2.9487740629174225e-05, -9.955675699620508e-05]
[-6.005743900617394e-05, 0.00015884965677615947]
[5.5648987731068966e-05, 0.0001585237045408014]
[3.683812874369363e-05, -0.00012908232162274144]
[-0.00023393821131451054, -0.0001124425373050103]
[-3.846619440546484e-05, -4.759699111275828e-06]
[3.477239858447334e-05, 1.673138918503736e-05]
[-5.63321356727986e-06, -6.39930036814007e-05]
[-0.00021072048727231382, -7.083111097708206e-05]
[-0.00013145246730143778, -8.09194777201816e-05]
[6.238470579225663e-05, -8.821869592431919e-05]
[-6.642480925439509e-05, 0.00015198765340970755]
[-4.51418145210325e-05, 0.00011164515952857834]
[-7.561797245880797e-05, -0.0001359372216954008]
[-4.8205574484767866e-05, -9.384907417564654e-05]
[-5.30933241526671e-05, 0.0001860486688398666]
[2.1762653491116946e-05, 0.000126044915901952]
[6.841126611287912e-06, -0.000213156532527437]
[-0.00016093572650527355, -0.00010733702174124671]
[-8.159370381780051e-05, 7.542607153622483e-05]
[1.0299618368320163e-05, -8.779354507271186e-07]
[3.6106165890587016e-06, -0.00011830004690824292]
[-0.0001250518479370688, -6.633467183797537e-05]
[-0.00011303596764405954, -1.0155155850455344e-05]
[2.091255233045708e-06, -3.134924141814932e-05]
[-2.5161838027726313e-05, 0.00010750452823388157]
[-9.220961586546561e-05, 7.055109170756024e-05]
[-3.08118849294825e-05, -0.00014592218516079614]
[-2.8098867438597352e-05, -0.00011621041570508]
[-0.0001383778789964818, 0.00016155083992760652]
[-9.014197927488532e-06, 0.00016230859115019553]
[4.222823862325229e-05, -0.00016480638270562845]
[-0.00011056989076198287, -0.0001875843845796435]
[-0.00014855298716462406, 6.011527288669882e-05]
[6.734191695215164e-05, 0.00010628572445448015]
[2.0622940314699023e-05, -6.870121301869037e-05]
[-0.00015969780161277647, -8.313148914107504e-05]
[-3.74777416418115e-05, -7.201901983944214e-07]
[-2.9810956492216933e-05, -1.5312853877791355e-05]
[-3.1618683907552736e-05, -3.2658820421777035e-05]
[-8.769185759763265e-05, 2.7485068164745385e-06]
[-7.66301464891761e-05, -3.687701194937665e-05]
[-5.351053153421215e-05, -9.743782424563585e-05]
[-7.697648230846343e-05, 7.977499621428241e-05]
[2.487093059758659e-05, 0.0001243350436940737]
[-5.6941629498291624e-05, -9.437139268254208e-05]
[-8.983536829437755e-05, -0.00015361656955600878]
[-9.624164045056449e-05, 0.00010797891202859317]
[9.098513320898727e-05, 0.0001881142724580731]
[5.932005361038162e-05, -9.274458648422801e-05]
[-0.000251735295499822, -0.00013056378159470583]
[-6.820294808156102e-05, -4.937092079596028e-05]
[5.267717161105967e-05, -2.9647716782765787e-05]
[-2.647892610569552e-05, -4.0476850013987375e-05]
[-0.00012610767039314408, -9.051667789500284e-06]
[-9.771651353832067e-05, -3.246254480512856e-05]
[-6.098129184067824e-05, -0.00011332244801200153]
[-4.785864502919457e-05, 6.618542455053694e-05]
[9.744191889043616e-05, 7.65692726751744e-05]
[-0.00011664329951838193, -2.3818689500772986e-05]
[-0.00013169866023472754, 1.4955972673227208e-05]
[3.9829833281213034e-05, 0.0001243574532657915]
[1.4135889816968561e-05, 6.747765825472485e-05]
[-2.2411446241848987e-05, -0.0001870974863231456]
[-0.00015441009839463338, -0.00010013840469255686]
[-9.308808333387264e-05, 1.024637659280403e-05]
[1.7936037501015828e-05, 8.664941652136715e-06]
[5.179038068472974e-07, -5.2676237517923497e-05]
[-0.000140402465815051, -0.00011193815222440562]
[-0.00012032327941804977, -8.535947961021972e-05]
[6.746068848523246e-05, -5.005276594273467e-05]
[-6.542036433135334e-05, 0.00016134708107401474]
[-4.548536705868689e-05, 0.00011311721756509033]
[4.293167719507385e-06, -6.054747590015716e-05]
[-0.00010650712755419511, -4.4419663198201186e-05]
[-1.3422562229054025e-05, 6.819062923406859e-05]
[8.589040754125588e-06, 6.957287401891665e-05]
[-9.02914685131373e-05, -0.00013208366392257476]
[-0.00012780930000982904, -6.044043414318856e-05]
[-1.4894538398479984e-07, 4.3705039920433064e-05]
[-6.785565662803528e-06, -3.2486743285348174e-05]
[-0.00011196615129956816, -0.00014956249612405048]
[-4.6115704468191465e-05, -9.047577471829604e-05]
[-7.159252304636543e-05, 6.95964087589207e-05]
[1.7366091667456174e-05, 1.5272466920498995e-05]
[1.3740362319630828e-05, 3.641634632046975e-05]
[-0.000122233842443982, 4.365840759770756e-05]
[-4.401950164389934e-05, -8.672024060903463e-05]
[-2.5433057813592508e-05, -0.00010001149550901284]
[-4.51155952965257e-05, 0.000120561773011263]
[-2.9383868704505045e-05, 0.00015494172532293932]
[-4.015370302996868e-05, -0.0001404794378493529]
[-0.00012721991452960268, -0.0001392122614833069]
[-6.011440263027634e-05, 7.637497040549612e-05]
[6.388530391947256e-05, 3.499397484041378e-05]
[-8.643129095380411e-05, -0.0001372631654898704]
[-7.480636497412402e-05, -2.6089319605543393e-05]
[-2.318330438864924e-05, 9.906140173060463e-05]
[-7.97533629580266e-05, -4.2388096566259303e-05]
[6.548333663120021e-06, -0.00012052010401439328]
[2.3208413556519147e-06, -3.299838292596807e-05]
[-0.000129938140170191, 1.3203031664812959e-05]
[-8.447745591097337e-05, -7.694524079468554e-06]
[4.013477901529394e-05, 9.868774122086298e-05]
[-3.5478130316637935e-05, 4.6354242144705515e-05]
[-8.057769660207992e-05, -0.00014773784392540373]
[-3.388492626646422e-05, -8.304531411071348e-05]
[-8.09361000668335e-05, 0.00016199412482989506]
[-2.2794806942241785e-05, 0.00015508486216941897]
[4.601939693767154e-05, -0.000148726412931538]
[-0.0001198003654682353, -0.00016048522840766966]
[-0.00012234915032793836, -1.0094154955037071e-05]
[1.230254363096539e-05, 2.5931182522198615e-05]
[-2.036853887137091e-05, -5.047318741877027e-05]
[-5.174403323431054e-05, -8.767726514000151e-05]
[-9.368792066781484e-05, 1.9491004188687544e-06]
[-3.557052232189446e-05, -4.449434995255647e-06]
[1.540722211404444e-05, 4.946244992866519e-05]
[-9.818618851728522e-06, 2.9754042649196566e-05]
[-9.237592044693266e-05, -3.1544401071923606e-05]
[-7.43894999975514e-05, 6.195611458606476e-06]
[5.385286715883786e-05, 0.00010194658388147648]
[-7.577887530792193e-05, 9.664975690193423e-05]
[-5.901227992784197e-05, -0.0001865105563268188]
[-8.90592620329143e-05, -0.0001793656555603429]
[-0.0001146884700199205, 4.289879658600504e-05]
[5.303187853666902e-05, 8.260424480949213e-05]
[-1.9680723841161707e-05, -6.684112159505151e-05]
[-0.00011305299373531863, -0.0001428809875872461]
[-0.00012580701539685601, -1.3941638273076706e-05]
[9.25792687823529e-05, 1.27338164909261e-05]
[3.628386762599689e-05, 0.00010081109823398878]
[-0.00010242603216999158, 8.103440196771325e-05]
[-4.14950354517829e-05, -7.602208555448908e-05]
[-9.585926894635499e-05, -4.832583491851117e-05]
[5.380998351094124e-05, 7.890387769490803e-05]
[-4.6115459215095855e-05, 5.6905646918792296e-05]
[-0.00012357313858586683, -0.00017814903728463616]
[-8.646756006959466e-05, -0.00010048308675619788]
[-5.58369455436053e-05, 0.00010905892201548695]
[2.7120379527484362e-05, 2.2425263949604757e-05]
[-6.591944456350862e-05, -0.0001260801345454865]
[-3.5180235869861076e-05, -9.064830436553151e-05]
[-0.00011154404923224837, 5.392669306697462e-05]
[3.761562527752893e-05, 5.185160985238246e-05]
[6.851398550365706e-05, 5.586271906494501e-05]
[-0.00013651156963689903, 5.401997483856728e-06]
[-4.561298608644904e-05, -0.00014112088767944536]
[-1.617845086757108e-05, -6.209211517965024e-05]
[-1.5545603291033938e-05, 0.0001346823853647025]
[-0.00010608145044799233, 8.476665117074234e-05]
[-3.97475232358363e-05, -0.00017475713965228734]
[-3.5028626812580455e-05, -0.00013923277532371103]
[-0.00010134637687026805, 0.00011948429200311916]
[4.168699841190782e-06, 0.00010161524601989824]
[-4.1976711186372806e-05, -9.757333472845686e-05]
[-4.749827494890391e-05, -0.00010160204653431038]
[-6.234303688604226e-05, 4.5778712980767966e-05]
[1.0420616889439405e-05, 5.019491426053874e-05]
[-6.879382717553395e-06, -3.6657103221142406e-05]
[-9.979866340926666e-05, -3.89266096034388e-05]
[-4.26453783747751e-05, -5.466644676246175e-05]
[2.8286672147936898e-06, -6.56838703003218e-05]
[-2.3004522640118763e-05, 7.019440986576198e-05]
[-8.922469328859206e-05, 0.00010516875429658623]
[-2.5099316492346868e-05, -9.660472882824789e-05]
[-5.193922415352992e-05, -0.00014843931351174455]
[-5.928393600513823e-05, 9.890150739963466e-05]
[-9.038216517896769e-06, 0.00016418437069173897]
[-2.7032313415366327e-05, -0.00011185491706197648]
[-0.0001034692076941901, -0.00015736924090611892]
[-9.136554400235308e-05, 4.499413648784145e-05]
[5.211396293339221e-05, 5.897851440439528e-05]
[-2.3423466631311562e-05, -6.977461099535315e-05]
[-7.264483241302237e-05, -6.26968814534559e-05]
[-8.999158399734114e-05, 5.619940190407843e-06]
[8.796775270353274e-06, -3.2330114236058666e-05]
[3.141174922922235e-05, 4.2473043533941546e-05]
[-5.334095992350074e-05, 8.662086574215411e-05]
[-3.650227213090884e-05, -6.815702091404752e-05]
[-0.00011769394837218838, -9.891352483432092e-05]
[3.996134419551045e-07, 6.0357125636151254e-05]
[-4.762499583241264e-06, 0.00010201945776075472]
[-5.579471271356662e-05, -0.0001133405585634073]
[-0.000122684401140008, -0.00013738786194802954]
[-0.0001023838742115063, 3.775834289526658e-05]
[7.414196773364301e-05, 4.382560296165017e-05]
[-4.997383159711932e-05, -3.316901776247855e-05]
[-4.093809709956181e-05, -6.391325616924431e-05]
[-8.566371913871357e-05, 1.535456255050832e-05]
[1.5197643183778586e-05, 4.7963008208513555e-05]
[6.011275118302656e-05, 4.3160428076779306e-05]
[-9.65286757471373e-05, 6.6720399064246205e-06]
[-4.211344749910362e-05, -0.00010748536513739693]
[-6.97854011912219e-05, -5.094992341089788e-05]
[1.3558279914574478e-05, 5.863331863492638e-05]
[-7.301037767730098e-05, 4.722531011303044e-05]
[-7.88585525748238e-05, -0.0001164122732399131]
[-7.027214012626792e-05, -0.00014527961002402945]
[-8.120399946756618e-05, 5.105730586368873e-05]
[8.622897931256923e-05, 8.15309211567028e-05]
[-9.27743756606314e-05, 8.449180456976402e-06]
[-8.743936503076422e-05, -3.5688188843297636e-05]
[8.051103552966787e-06, 1.1235904856108508e-05]
[4.363459284451032e-05, 1.91137891309783e-05]
[-2.7309708511620567e-05, -1.4027978710397671e-05]
[-0.00010805020522935971, 2.7347743013536596e-05]
[-1.3531791855106445e-05, -6.034869314609781e-05]
[-6.007486972828269e-05, -8.112334056645243e-05]
[1.9009579029866108e-05, 6.293994320727414e-06]
[-6.5380570617668e-05, 1.6826716622897475e-05]
[-0.0001335445868797594, -0.00010508915056303691]
[-2.264595870452718e-05, -0.0001012631161362576]
[-4.598425192195443e-06, 0.0001400119575790948]
[2.3029284073605716e-06, 9.850121815016544e-05]
[-7.659900768804129e-05, -9.500477944013319e-05]
[-6.545563665958515e-05, -5.9318043472547655e-05]
[-2.5892600307830804e-05, 7.175979731397983e-05]
[2.7564533742911734e-05, 2.891651690375193e-05]
[-3.140262516162541e-05, -5.448923427464267e-05]
[-8.6271559401635e-05, 2.2131861025218025e-05]
[-2.1175167016343477e-05, -4.084252233102492e-05]
[-4.952044712917825e-05, -0.0001119828955665203]
[-2.726690466829662e-05, -5.4877326572944085e-06]
[-3.7184371643739222e-06, 5.248016032960434e-05]
[-7.286479942568078e-05, -5.0615903232853476e-05]
[-8.556968858105043e-05, -6.672163318383051e-05]
[2.589704995832609e-05, 9.19950663326452e-05]
[-3.886092196490887e-05, 4.414477970661468e-05]
[-8.723068886987151e-05, -0.00012795570099717601]
[-1.7076705584040397e-06, -6.508065883997077e-05]
[-5.279829818155557e-05, 0.0001268063988795337]
[-5.782974083041407e-05, 8.274560718541909e-05]
[-4.650022072585219e-06, -0.0001022657007523904]
[-9.235374184068945e-06, -9.657476853312807e-05]
[-0.00010113963557975558, 7.515790284833707e-06]
[-2.0934256314553146e-07, 3.0363115228623783e-05]
[2.1344326894476295e-05, 2.1797418967489657e-05]
[-7.876077213206378e-05, 2.6884140504779275e-05]
[-1.9954587426859738e-05, -7.50679497492357e-05]
[-7.290936539229576e-05, -0.00010982888866936658]
[-1.810488292818685e-05, 1.2878333102400719e-05]
[-1.8440510760581175e-05, 7.283114646083888e-05]
[-8.475160471030363e-05, -4.5380582952253556e-05]
[-7.081966910406357e-05, -0.00010690797875666236]
[-1.5451715907943697e-05, 6.130490088759877e-05]
[1.3560413506814861e-05, 6.96248861576502e-05]
[-8.886668185852098e-05, -6.740349651192593e-05]
[6.22443814241036e-07, -5.858719617589034e-05]
[-5.381571595050594e-05, 9.425377442492597e-05]
[-3.34285244854432e-05, 9.655194137986323e-05]
[8.310313378404044e-05, -6.46077728668204e-05]
[-9.107156763046853e-05, -6.319659015774359e-05]
[-0.00012253824721750184, -8.089600008132081e-05]
[-2.502389421189105e-05, -4.946589839285864e-05]
[5.3780529262484333e-05, 4.3465561789413076e-05]
[-7.065732863142937e-05, 2.527766119794772e-05]
[-0.00011691230586947932, -0.0001099729183172693]
[-3.948011006141283e-05, -0.0001340167356512073]
[-3.260167552593396e-05, 0.00010552287208522027]
[5.89667209850292e-05, 0.00010308147973732938]
[-6.134166437734428e-05, -1.834431416646888e-05]
[-7.927809707110323e-05, -9.426877900945395e-06]
[1.4387504505102011e-06, 4.84220460042345e-05]
[-2.3911139895915756e-05, 3.925472755422765e-05]
[1.0534580947157979e-05, -7.092863369254077e-05]
[-5.932362351590559e-05, -4.342031770376842e-05]
[-0.00010832538548670445, -6.02103082366634e-05]
[-4.0983294576784485e-05, -1.912903694986645e-05]
[5.885918905580885e-05, 2.8759457708416036e-05]
[-7.120591228649414e-05, -6.540430605414538e-05]
[-0.00015581750386904625, -0.00013467130201696986]
[5.64512207107265e-05, -5.284931725102471e-05]
[8.93100829857385e-06, 0.00018643072753632417]
[-7.905848422534723e-05, 0.00011379952645574135]
[-1.2721646701088773e-05, -9.698556155797629e-05]
[-3.4926643411828384e-05, -8.970776851221379e-05]
[-4.1573109604857786e-05, 5.058446265169625e-05]
[-7.14071229719615e-06, 9.858820073623681e-05]
[-1.926004730540276e-05, -2.994550529323431e-05]
[-0.00010575696263652457, -5.2670477032945584e-05]
[-4.539527722616232e-05, -7.21385428696375e-05]
[2.5832532546274378e-05, -5.9874494922673716e-05]
[-4.8363696087311975e-05, 1.290617367991076e-05]
[-5.6788820087777525e-05, 1.915865878984735e-05]
[-7.005076198532412e-05, -5.607501198731657e-05]
[7.373193835633063e-06, -7.910314327715107e-05]
[3.5792153631725165e-05, 9.159832536458079e-05]
[-8.732248071749438e-05, 8.789878753192454e-05]
[-6.783376140326314e-05, -0.00011486254605060087]
[-6.1389625634709205e-06, -0.00011026599542773852]
[-2.179576533469646e-05, 0.00012027436035083041]
[-4.36763684578817e-05, 0.00012349321361766405]
[-1.3568884941819737e-05, -9.457578711150744e-05]
[-6.144101737456942e-05, -9.257594995927543e-05]
[-9.055372124310013e-05, 1.242338682246047e-05]
[3.6163495104879484e-05, 1.2636950298600125e-05]
[2.747579116064991e-06, 2.768505806494126e-06]
[-8.272427101660082e-05, 3.57657662990174e-05]
[-5.178565474694974e-05, -7.514136927863624e-05]
[-2.736554379875744e-05, -0.00012960751608284693]
[-6.739267683367189e-06, 3.738504788776409e-05]
[-2.2705768193895248e-05, 8.452445406709197e-05]
[-6.077940374528412e-05, -7.364684154392842e-05]
[-5.3111282161835346e-05, -0.00011495315374278553]
[-2.288894530168284e-05, 9.29576213951561e-05]
[-1.1346259226274746e-05, 9.959797096735154e-05]
[-2.1333350634526738e-05, -6.179614855111176e-05]
[-3.1683048702060845e-05, -6.271256177081685e-05]
[-7.119584523762601e-05, 5.156440270223661e-05]
[-3.126444165527098e-05, 8.290489521911582e-05]
[4.838167536307808e-05, -3.353288047089342e-05]
[-7.685881030259842e-05, -5.845264118231608e-05]
[-0.00010646937989395797, -9.477685063710717e-05]
[1.0397295304026555e-06, -6.261678163441142e-05]
[-8.594158520641715e-06, 4.191821958929309e-05]
[-4.23284400907914e-05, 2.699147020093773e-05]
[-6.708120272995444e-05, -6.640539895465952e-05]
[-1.3216305115512639e-05, -0.00011590652137774115]
[-2.1009885248876592e-05, 7.23623221207505e-05]
[3.599260173840768e-06, 0.00013315268258343345]
[-1.6002979713346244e-05, 1.7601162367250622e-06]
[-9.607766266812867e-05, -6.484707285120406e-05]
[5.887265056708779e-07, -2.6274274342596993e-06]
[-6.925011937677916e-06, 7.499475839720104e-05]
[-2.5777455700419505e-05, -3.326114603055541e-05]
[-0.00010276459995811962, -6.324622378273137e-05]
[-8.304988310199775e-05, -6.666349902167967e-05]
[3.5750009407052585e-05, -5.439280414573644e-05]
[-2.2859766811586524e-05, 1.678410921865381e-05]
[-3.93610839276165e-05, 1.3574182303355276e-05]
[-0.00010210841791127856, -4.2238334399230526e-05]
[7.972997206728838e-06, -8.105768582977561e-05]
[5.010153977960674e-05, 8.093703198380764e-05]
[-2.5260412401723054e-05, 0.00010882946162352322]
[-5.1731277991531877e-05, -4.949183372324065e-05]
[-0.00010207950694135492, -5.700216595446589e-05]
[3.840550854154745e-05, 2.8881160857294197e-05]
[-1.4716860897767692e-05, 3.565083308773587e-05]
[-6.876619398334116e-05, -6.390190178601207e-05]
[-7.97591647193549e-05, -3.538603366887161e-05]
[-6.788923088337818e-05, -1.5893773536251876e-05]
[3.176661408069159e-05, -5.0476775247887407e-05]
[-3.233450511037905e-05, 1.739712717765962e-05]
[-2.9290946294294185e-05, 3.346974423602822e-05]
[-7.814978245057613e-05, -5.290223918136272e-05]
[-4.6904930152413815e-07, -6.943088431423869e-05]
[3.7979272226165706e-05, 7.562240314528193e-05]
[-5.156507199247096e-05, 7.29856983686392e-05]
[-4.587293808301293e-05, -9.072059998895942e-05]
[-5.572410258768146e-05, -7.00063771323367e-05]
[1.8092628508575848e-05, 5.685186761593408e-05]
[-5.00997578947171e-05, 3.472264573693706e-05]
[-7.017901343177313e-05, -6.821894895189806e-05]
[-2.178570744246211e-05, -3.301621343279604e-05]
[-3.545480883889937e-05, 3.7071798767857045e-05]
[-2.845259727900229e-05, 3.1783196070278574e-06]
[-3.651583022381416e-05, -2.4607755008621002e-05]
[-1.702858638034932e-05, -3.308711483962501e-08]
[-6.30940662808277e-05, -2.7527516215944403e-05]
[-5.01126358423698e-06, -4.903838837962138e-05]
[9.096328239130425e-06, 2.370318169482577e-05]
[-6.230736978614891e-05, 4.757791738609421e-05]
[-5.5252941784465076e-05, -7.238398842784053e-05]
[-4.486865028768827e-06, -0.00011440202371124086]
[-6.114083059699515e-07, 6.006027775378245e-05]
[-4.343446057690492e-05, 0.00010889326939804433]
[-3.601545840274667e-05, -4.098013031383907e-05]
[-5.775808017466355e-05, -7.306242272428487e-05]
[-5.629799018573578e-06, 3.2454218257177425e-05]
[-2.7837056783667352e-05, 3.777080683259326e-05]
[-4.655415736534718e-05, -5.920196648520615e-05]
[-3.079367545100187e-05, -1.5040387949305511e-05]
[-7.184431270912395e-05, 1.6718139644766872e-05]
[-3.06194635310425e-05, -5.280584711293834e-05]
[1.1071010914423529e-05, -4.25759069389367e-05]
[1.3270775507546323e-05, 1.0428861054195219e-05]
[-0.00012938684838004894, -1.0876241759496912e-05]
[-1.61402184654727e-05, -4.876843659472503e-05]
[7.953951132571441e-05, 6.840732975801032e-05]
[-5.272624735609688e-05, 8.021955541391568e-05]
[-4.4846122301600566e-05, -8.359190689612161e-05]
[-5.691162642254555e-05, -7.822642910249034e-05]
[-1.1563063965533416e-05, 4.950806262374319e-05]
[-4.6638916570238e-05, 6.702291477103661e-05]
[-5.809909875281738e-06, -6.0686384968089424e-05]
[-5.837021122197944e-05, -7.54730834418571e-05]
[-0.00011900254030483559, -2.1296094051187486e-05]
[2.2274916785816612e-05, -2.0767887967343412e-05]
[-5.627851826353614e-06, 2.5197912063706918e-05]
[1.0238051930691605e-05, 1.3230389221028163e-05]
[-0.00010114612612239365, -1.4338093074415387e-05]
[-2.395861852830944e-05, -7.299871890348655e-06]
[9.162541452937406e-05, 3.947880427483544e-05]
[-5.667535762340914e-05, 2.2729079628538984e-05]
[-8.16870321535268e-05, -8.269231092501717e-05]
[-3.5681699280615264e-05, -3.773484509225766e-05]
[4.3839427075864634e-05, 4.656730794772024e-05]
[-9.791338059446375e-05, 3.0479954780920915e-05]
[-5.335938768951873e-05, -8.694272710610407e-05]
[-9.139619259600218e-06, -0.00011005385241566468]
[-0.00010887325739245002, 2.0013588971551366e-05]
[4.036795454756548e-05, 6.305982895304929e-05]
[8.078291564767026e-06, 5.4561527361413065e-05]
[-7.563936178226621e-05, -9.849576705422275e-06]
[-7.330635841355793e-05, -6.304220632050855e-05]
[5.600839424330789e-05, -3.0706950389515486e-05]
[3.542774054599365e-05, 5.535944636448774e-05]
[-9.60680846337214e-05, 7.393316523691962e-05]
[-5.3073053652610835e-05, -8.602290553437475e-05]
[-3.616261643085705e-05, -0.0001021075964254825]
[4.114500954270628e-05, 1.966576867340475e-05]
[-4.999014152435449e-05, 2.4106970813564388e-05]
[-0.00010943653268915415, -6.928674905540277e-05]
[-8.791111556459563e-06, -4.912388447833593e-05]
[-9.59444486557659e-06, 8.428097469595497e-05]
[-2.889111046792958e-05, 3.5385978968988097e-05]
[-1.0946571137260275e-05, -4.473930353457445e-05]
[-3.189171245975703e-05, -1.6245938887604616e-05]
[-0.00010233083045046998, -3.1453834448275098e-06]
[2.9231867156523893e-05, -6.281974487411246e-06]
[5.490916880436861e-05, 4.4961926171411745e-05]
[-9.988425344450991e-05, 4.438555684008194e-05]
[-7.594068026843537e-05, -0.00012479164059614467]
[2.8305259358596402e-05, -0.00012326557129772875]
[-7.949897123382677e-06, 8.167339998532697e-05]
[-5.879655746708623e-05, 9.772537282834448e-05]
[-1.6271021986431766e-05, -7.328983983065362e-05]
[-4.29086968863953e-05, -9.015674254475581e-05]
[-2.674309246333828e-05, 3.944317229664929e-05]
[-3.526158595047735e-05, 3.460255220485986e-05]
[-2.476373201332205e-05, -3.570184640140639e-05]
[-1.5835878480766064e-05, -1.8509460038174108e-05]
[-7.559158429434887e-05, 1.711276163222225e-05]
[-2.359737127216599e-05, -4.5685924157691515e-06]
[1.5936464595182886e-05, -2.434225960137263e-06]
[-2.0208833037708984e-05, 1.8306136445461751e-06]
[-0.00010079818868823781, -4.548965875425526e-05]
[3.0392809700421908e-05, -3.83122080810927e-05]
[3.9056851001820214e-05, 6.562635686395424e-05]
[-0.00010426266199337064, 8.589807244974157e-05]
[-7.810563458852948e-06, -9.694715698035927e-05]
[-1.9430904073467967e-05, -0.00014459790754153823]
[-5.011187514470522e-05, 1.5753049976641176e-05]
[-3.354038101476692e-05, 9.819650508474664e-05]
[-4.926849540981548e-06, -8.81795221308046e-06]
[-7.011414514594694e-05, -9.903982827851043e-05]
[-7.979355314140235e-05, -1.9370136645470437e-05]
[5.49892658019413e-05, 1.4384690153499552e-05]
[-2.4155973744957593e-05, 3.896566480349889e-05]
[-3.798862861883329e-05, 4.810542995803153e-05]
[-5.5451581774921405e-05, 1.6743651475338572e-06]
[-1.1561992346309502e-05, -3.696484815469969e-05]
[6.250928507457731e-05, -1.1440672685214537e-05]
[-5.719679170662628e-05, 5.281037046656056e-05]
[-8.526128240819025e-05, -6.64428689189922e-05]
[-4.522556545449516e-05, -0.00010001780256507775]
[2.8256984907208682e-05, 1.0295860217085506e-05]
[-3.445607172900683e-05, 3.586535377311795e-05]
[-6.464180135427877e-05, -5.083810619560536e-05]
[-3.7530064255358875e-05, -9.200353378266413e-05]
[-7.162160719498267e-05, 3.4181153459419966e-05]
[5.048526369067635e-05, 5.098788170579058e-05]
[1.7478147203521532e-05, 5.245487800840075e-05]
[-7.978131373870267e-05, 3.590664081827783e-05]
[-5.69360915926298e-05, -4.4847163861527414e-05]
[1.0250916954682165e-05, -3.4944088687753616e-05]
[3.44991607179046e-05, 2.3353174553264466e-05]
[-6.492811946660904e-05, 5.0101458867191084e-05]
[-7.69190173616624e-05, -8.558343620893027e-05]
[-3.257238583100064e-05, -9.354385769891338e-05]
[1.846422758006519e-05, 9.096358283722239e-06]
[-2.3110902005275824e-05, 1.8743974280754916e-06]
[-9.217007231425434e-05, -4.00196781397133e-05]
[-6.073718394755678e-06, -3.922727851404795e-05]
[2.927099262972632e-07, 5.10553530273794e-05]
[-2.4013528910120374e-05, 3.3643675361471476e-05]
[-1.2253943877896245e-05, 5.188261890970436e-06]
[-4.876482375272377e-05, 5.319518996930225e-06]
[-4.0931714466921516e-05, -2.1669681643175266e-05]
[6.220259185465982e-06, -7.246689403349327e-06]
[4.136498286511081e-06, 2.1872442844853707e-05]
[-8.34385597180548e-05, 3.389350282165249e-05]
[-6.538981469635108e-05, -7.761768494378429e-05]
[2.898462338041946e-05, -9.875437238732188e-05]
[-7.391879633666942e-06, 2.4603195607042494e-05]
[-4.980467571944619e-05, 6.103021790809793e-05]
[-5.957843151722236e-05, -3.8417026329673476e-05]
[-1.339283981488526e-05, -7.96603195007406e-05]
[2.3106265728253805e-05, 2.6091385967874636e-05]
[-3.625233578828657e-05, 3.513015548710363e-05]
[-5.165404012787145e-05, -2.9996480038950446e-05]
[-3.669462430800491e-05, -1.3181146264237614e-05]
[-1.891693479893347e-05, 3.212340210969602e-05]
[-1.2926377776723008e-05, -1.6029153061015988e-05]
[-1.3972726873499874e-05, -2.3285175952472703e-05]
[-3.217241265883464e-05, 4.7432210014325404e-05]
[-7.424608399929367e-05, -1.598835354860162e-06]
[-5.611795291751709e-06, -6.578041649007993e-05]
[3.343940739056889e-05, -2.0162447590399424e-06]
[-4.257017985038504e-05, 6.119279124128241e-05]
[-7.456028564112316e-05, -5.723726893974712e-05]
[-2.617137366722755e-05, -9.376559421953035e-05]
[1.595820252271729e-05, 2.203457676731857e-05]
[-3.72902523338714e-05, 2.5726170966286488e-05]
[-4.900020923304105e-05, -5.2414089798426267e-05]
[-7.668208338178911e-06, -4.676237777848785e-05]
[-4.7737890491644785e-05, 5.642408220320628e-05]
[-2.659627703051337e-05, 2.6097839638593995e-05]
[2.362687533577837e-05, -8.92072698898197e-06]
[-1.643651396768253e-05, 2.0119836075686848e-05]
[-8.004040733290696e-05, 5.074246083161538e-06]
[-3.276273917329764e-05, -5.180455631637049e-06]
[5.48695863591131e-05, -1.007183016449309e-05]
[-5.145476489660725e-05, 1.6967332519685074e-05]
[-9.346971331026036e-05, -6.52671676830141e-05]
[-1.3245686642231191e-05, -8.371408609167408e-05]
[4.61762826807488e-06, -2.1595800211993144e-07]
[-2.5175842094660172e-05, 1.3098120525925627e-05]
[-7.082309326339464e-05, -1.90778961798449e-05]
[5.833688392749281e-06, -5.396170122610143e-05]
[-1.1810189000677207e-05, 4.063444583065137e-05]
[-2.7790335958857715e-05, 5.7553839066781885e-05]
[1.5270446081830716e-05, 3.2466944528417377e-06]
[-4.364860827689443e-05, -1.015592902402912e-05]
[-5.645399973414067e-05, -8.55099868017628e-07]
[-2.2603582607264028e-05, 2.766670522973136e-05]
[5.458419242142937e-05, -1.7609314120495267e-05]
[-8.359439650293399e-05, -2.063235243673911e-05]
[-0.00013132175742154324, -6.688957128161976e-05]
[4.231480205690169e-05, -6.908286388077056e-05]
[2.2644969242327506e-05, 2.5737348411519756e-05]
[-4.031312751101579e-05, 3.2336167706259467e-05]
[-9.000012004380109e-05, -3.0160572828077936e-05]
[4.243493802125187e-06, -6.242595470603088e-05]
[2.7942220893750758e-05, 3.9429963376837185e-05]
[-1.5976611615328706e-05, 5.073749393693294e-05]
[-1.438295216096841e-05, -1.2461926718944707e-05]
[-7.322635283342482e-05, 3.7028734192097457e-06]
[-1.7598881210084683e-05, 1.239435418104451e-06]
[-2.3176025898560826e-05, -1.947071107244458e-05]
[1.478235523001692e-05, -2.8676310919559245e-05]
[-5.0634206773585155e-05, 1.5616329075429647e-06]
[-0.00013218855958487333, -3.1155577634583986e-05]
[3.296621789846202e-05, -3.5801416977454537e-05]
[5.353046544182005e-05, 4.5783999016141275e-05]
[-6.420736635520674e-05, 1.5123903242791892e-05]
[-0.00010327924685848977, -8.445344917602793e-05]
[4.942351288911295e-05, -4.983385696994552e-05]
[2.118450318029652e-05, 8.147810810492373e-05]
[-7.838740453906118e-05, 5.221690890878927e-05]
[5.747244911653848e-06, -6.507471596038823e-05]
[-2.8561544253791205e-05, -5.35767934501212e-05]
[-5.114173913662451e-05, 7.29320550455978e-06]
[-1.414742586131057e-05, 9.77198707181881e-06]
[6.987656433796174e-06, 1.2261479177433365e-05]
[-5.74437454240323e-05, 2.00095120962418e-05]
[-6.53163152889158e-05, -2.776744095009387e-05]
[1.4171066567441118e-05, -4.425267954913381e-05]
[6.360512613774738e-06, 1.6768755824819737e-05]
[-5.5801147152312325e-05, 3.86034872985469e-05]
[-7.675566546425094e-05, -4.817407397716966e-05]
[3.3754745014921705e-05, -6.379310294751805e-05]
[1.6101017665332007e-05, 3.182203451722321e-05]
[-8.252857013090267e-05, 3.84025699802352e-05]
[-3.7364986081339646e-05, -6.634817588561069e-05]
[3.1677325715906424e-05, -8.549137702150433e-05]
[-4.347828946023313e-05, 5.3619580957686014e-05]
[-3.811117893161298e-05, 8.05775525776764e-05]
[4.655419964588736e-05, -9.913167979144766e-06]
[-7.584892142696587e-05, -3.2034824636623105e-05]
[-7.228001563477221e-05, -2.275497292744677e-05]
[2.6389651150357518e-05, -1.6659950551417557e-05]
[1.374711945398982e-05, 1.0396745463631119e-05]
[-8.256545964464845e-05, 5.472229511058191e-05]
[-7.196876274530306e-05, -4.0010253910288673e-05]
[1.4676286645406988e-05, -0.00011790378946349711]
[-1.4188541063234195e-05, -8.426607899236771e-06]
[2.9704857778915794e-06, 6.071753508289299e-05]
[-6.630672986263075e-05, -2.3551862162168175e-07]
[-1.5143630902748895e-05, -5.183822709623528e-05]
[1.817275153096279e-05, 3.201031060208557e-05]
[-3.332411967876814e-05, 4.647171689477203e-05]
[2.2173943077533065e-05, -3.723118284575111e-05]
[-5.3288505205847936e-05, -2.5969031356432026e-05]
[-7.137221233437241e-05, 5.251239445835942e-06]
[-2.4886243369076633e-05, 1.379259376874109e-05]
[5.990174133258322e-05, -1.012643434794569e-05]
[-7.568987764203922e-05, -2.2241748042994836e-05]
[-0.00013893594830864664, -6.086054716036848e-05]
[5.992113299302382e-05, -6.127922287882392e-05]
[4.891164575582252e-07, 5.8446722355373626e-05]
[-2.763798876886936e-05, 6.662250473815634e-05]
[-4.205181379648981e-05, -1.9790993825291592e-05]
[-1.051646106468504e-05, -5.888896263380079e-05]
[7.241422232276765e-06, -3.0410669084979074e-06]
[-1.5106033261241825e-05, 4.573940331723675e-05]
[-5.408050269481435e-07, 2.7457714606021755e-06]
[-7.95112815343002e-05, -1.8218843114051197e-05]
[-1.2150391779167102e-05, -4.065232982265743e-05]
[-2.1322431143888654e-05, -2.684464202373782e-05]
[-1.2369044086253667e-05, -7.087633736357901e-06]
[-4.6979391580968116e-05, -1.423372180894833e-05]
[-0.00010337209551901372, -1.2614703136681893e-05]
[4.913419742537395e-05, -1.421686012566259e-05]
[2.8986911671941007e-05, 4.437935130326143e-05]
[-7.05667995781617e-05, 3.653099718189945e-05]
[-7.58833327813846e-05, -4.120788845311113e-05]
[4.531296482726283e-05, -5.136018434670573e-05]
[2.3146670763817684e-05, 2.4647357113627335e-05]
[-5.969424273841173e-05, 6.345248137716933e-05]
[-1.8417455513460024e-05, -3.472785658830205e-05]
[-5.7924185418736784e-05, -6.63551550249275e-05]
[-1.0684559643786562e-05, -3.049301971662366e-05]
[1.5863546536869222e-05, -1.8380601011586117e-05]
[-3.891475720690929e-05, 9.208472994459704e-06]
[-6.912766629012593e-05, 3.5441114579815025e-05]
[-2.9395625917208457e-05, 6.011494807889317e-06]
[1.3404568459579602e-05, -6.192589836534479e-05]
[-4.151965989074302e-08, -5.9718991369667185e-06]
[-3.766906395386016e-05, 6.171096983000751e-05]
[-8.469574373852484e-05, -4.51447559803031e-06]
[9.922743637655676e-06, -4.831469027555355e-05]
[4.123647116648088e-05, 1.28724737324757e-05]
[-5.080674494059578e-05, 2.6273636389401514e-05]
[-6.588549925313353e-05, -6.207890723219402e-05]
[1.1640203080282019e-05, -4.6841233948768934e-05]
[-8.351609896969925e-06, 4.0282771235092274e-05]
[-4.2477972827470456e-05, 1.8822370502630248e-05]
[1.3988634391566557e-05, -3.5643767924170566e-05]
[-4.4495528751629584e-05, -8.384200195499236e-06]
[-5.199232051350186e-05, 8.747168078471201e-07]
[-1.3817032167344478e-05, -3.42951650451756e-05]
[8.109269550388154e-06, -3.3763901030325894e-06]
[-3.981023710063203e-05, 3.8919315959222434e-05]
[-7.337003239230033e-05, -6.821559177534742e-06]
[6.409121049627542e-06, -5.9571271877823656e-05]
[-9.006674924066926e-07, -5.859880274610568e-07]
[-1.5557276975698697e-05, 4.025215960128201e-05]
[-6.051902496388706e-05, -2.3716007384322335e-06]
[9.61814603335498e-06, -2.7625795988660273e-05]
[2.1343313553287557e-05, 9.497871013793013e-06]
[-6.364367128774973e-05, 3.0351076785548048e-05]
[1.3602546755642209e-08, -4.480169777248966e-05]
[-2.7633684836922412e-05, -4.695645751193189e-05]
[-4.538838572166245e-05, 2.1106926426095463e-07]
[-3.2990762127788065e-05, 1.4795346225948691e-06]
[1.6287611564802518e-05, -2.451027661506955e-05]
[-4.2755346317410736e-05, -2.3387151288939423e-05]
[-0.00010413102032359733, 1.1204931093772297e-05]
[3.896261095333309e-05, -2.2708581631033023e-05]
[2.441495311555908e-05, 1.4108676854581587e-05]
[-3.3595403671406177e-05, 5.580690822211149e-05]
[-6.994281530483919e-05, 1.212011657010124e-05]
[-3.171577512312007e-06, -3.101246451085726e-05]
[4.797750725440281e-05, -1.6114781486976926e-05]
[-4.341242698911729e-05, 3.138179669803787e-05]
[-3.981940869712819e-05, -4.082902443378056e-05]
[-4.7221330395488814e-05, -4.932827033543585e-05]
[-1.9690607706429608e-05, -9.818645052894759e-06]
[-1.3724235578806143e-05, -2.1213726932978183e-05]
[-5.956499648566982e-06, -2.8375639099409433e-05]
[-3.2631129121399316e-05, -1.782590275474505e-05]
[-0.00010091271362419607, 2.9185357721422944e-05]
[2.7817490517036136e-05, 8.944820140306675e-07]
[6.330387100431101e-05, 2.4843924383635696e-05]
[-5.18143055163265e-05, 3.4535222761790385e-05]
[-9.498569269242134e-05, -1.8018437716529976e-05]
[9.183949610858111e-06, -5.672229737796464e-06]
[6.005771153416023e-05, 1.167556870654285e-05]
[-6.625105080185212e-05, 3.71158028919516e-06]
[-6.583370147456025e-05, -6.793631921074572e-05]
[-5.254561792622514e-09, -4.0315188215678255e-05]
[-1.8058992971001914e-05, 1.1242235136654788e-05]
[-3.0253939835592214e-05, -1.4385070117500787e-05]
[-7.544799493094945e-06, -2.3462817069080932e-05]
[-2.1774347896824642e-05, -1.973793348206132e-05]
[-6.753739592453567e-05, 1.3213884360069317e-05]
[1.4120453591920379e-05, 9.081919031345143e-06]
[4.5683548014957553e-05, 2.874426884633824e-05]
[-8.085876330955408e-05, 2.0008981328174065e-05]
[-7.292927598201784e-05, -3.386339783258813e-05]
[4.160582746534636e-05, -2.2315343712546454e-05]
[2.2675171375816094e-05, 2.2244336369717926e-05]
[-8.236020449046977e-05, 2.8154727203022478e-05]
[-6.206417588351665e-05, -4.9322265576662305e-05]
[3.397812238749298e-05, -5.115689557513847e-05]
[-4.02416555807944e-06, 1.6274034370239443e-05]
[-4.8981295483987997e-05, 1.660416435295131e-05]
[-2.0140127464426255e-05, -3.92179862652442e-05]
[-1.4890733368300157e-05, -3.269038538263047e-05]
[-3.4151332411899715e-05, 2.290028490750662e-05]
[-1.2637400621517969e-05, 7.789755961593037e-07]
[2.5960652425577324e-05, -2.0816441181431555e-05]
[-6.635425917211196e-05, 9.970048126832151e-07]
[-8.466150442466153e-05, 2.4433944884045926e-06]
[4.89370630477326e-05, -2.899195758196936e-05]
[2.738545098990991e-05, 2.5070714971469482e-05]
[-7.741997754250052e-05, 6.299111684870268e-05]
[-5.494592835500467e-05, -3.351977154517766e-05]
[2.728206546705192e-05, -6.62658312781117e-05]
[-4.534900513920859e-06, 1.5584297202955733e-05]
[-4.480963176643413e-05, 5.1995067107568627e-05]
[-6.132685964711088e-06, -4.7803287733155786e-05]
[-3.406854835577566e-05, -5.770195743487472e-05]
[-4.6462335966113155e-05, 1.6054484488492449e-06]
[-9.357036020632425e-06, -1.828011042956379e-05]
[1.2471019922258297e-05, -2.801780520610836e-05]
[-2.5237223162201394e-05, -3.3434842850905977e-06]
[-8.906258224152669e-05, 3.39496276780555e-05]
[9.713673315349391e-06, -2.9521027657057435e-06]
[5.8872459040208366e-05, 1.299368992448667e-05]
[-5.4077397492136026e-05, 3.424845545354355e-05]
[-7.379433002805552e-05, -1.861135812478848e-05]
[1.7665789257922948e-05, -1.889280597040799e-05]
[1.999048862249414e-05, 1.3418417455057785e-05]
[-7.65746645133257e-05, 3.716997394054289e-05]
[-1.3576366657773974e-05, -6.0861566747894e-05]
[-6.648561932491581e-06, -9.335731849052786e-05]
[-7.946923711110027e-05, -1.820756469653184e-05]
[1.4282292766107374e-05, 2.1339367891129446e-05]
[1.8089856453712416e-05, 2.2652060035113775e-05]
[-5.1867695334176234e-05, -2.757734839086562e-05]
[-5.9731200138850304e-05, -7.921395849382062e-06]
[3.608417255816093e-05, 3.677740062426379e-06]
[3.599753773535653e-05, 2.6422636770138692e-05]
[-7.543777414417696e-05, 4.3337082954893885e-05]
[-4.832238569865699e-05, -7.955492050890078e-07]
[-2.2868886545290845e-06, -2.029111172587028e-05]
[3.532415458907395e-05, -2.9407854309840276e-05]
[-6.274585160401941e-05, 6.236698543105046e-06]
[-8.466429313745e-05, -3.1869835796755064e-05]
[1.805772131268854e-05, -5.634765634035532e-05]
[-1.9988019286473757e-05, 3.839034676988984e-06]
[-4.794135005481426e-06, 1.9432081218156982e-05]
[-1.143736795965189e-05, -7.048571229170686e-06]
[-4.27218867201859e-05, -3.588868729770267e-05]
[-4.6983523437946206e-05, 5.337524693928286e-07]
[4.593372391612817e-05, 1.119546434824462e-05]
[4.322550040341579e-05, 2.6441368920864655e-05]
[-0.00011588589877001981, 4.122403891803489e-05]
[-4.252255458746246e-05, -3.184141351581654e-05]
[2.333600019016613e-05, -6.320606520801575e-05]
[5.98855608652249e-06, -5.251198668704271e-06]
[-4.5414199237106545e-05, 4.281351794779842e-05]
[-7.482603114530167e-05, -8.233803381385574e-06]
[-1.9566498618102043e-06, -3.502320955550697e-05]
[1.2046574928096382e-05, -3.788054107334293e-07]
[-1.2291442166315059e-05, -1.2143530754113452e-05]
[-5.1765514395563095e-05, -3.0045595626138066e-05]
[-4.726170634371252e-06, 5.532932664593926e-06]
[-1.5031019133054935e-05, 2.906242051482072e-05]
[-2.3846229318266743e-05, -1.52548355039318e-05]
[3.099669885876441e-05, -2.9470452838035056e-05]
[-5.423754802114794e-05, -8.561618581037767e-07]
[-6.997636529725015e-05, -7.798354965097079e-06]
[2.9522940579257417e-05, -2.191878939977049e-05]
[2.2216269081651308e-05, 2.7753501172858575e-05]
[-8.20747761879903e-05, 4.616767543012823e-05]
[-3.7893633165246576e-05, -2.7653892014853354e-05]
[2.4206158920184878e-05, -5.455693698258601e-05]
[-2.390946648717432e-05, -9.324851202585638e-07]
[-3.5052553159165e-05, 3.654506106229305e-05]
[-2.5369175790990184e-05, -1.0931136532457697e-05]
[-1.4166714977587036e-05, -3.3942161663476356e-05]
[-1.8445113395618162e-05, -1.4522279430558005e-05]
[-1.0741440968190658e-05, -2.4709635102385108e-05]
[-2.3449821750870514e-05, -2.4252215328994867e-05]
[-1.2020567564517692e-05, 5.599027213833412e-06]
[-3.409839800964584e-05, 4.489046504856922e-05]
[-1.0155975236278425e-05, -2.7063932052304174e-06]
[4.318586968127258e-05, -2.899807279604233e-05]
[-6.426315661688109e-05, 2.1869499585103203e-05]
[-6.418340886053808e-05, 1.0490769588727966e-05]
[1.1974863491939075e-05, -2.7703973276005378e-05]
[1.979567735466148e-05, -1.4896069298886427e-05]
[-6.218506783782496e-05, 3.226571039358084e-05]
[-5.242289164621855e-05, -2.7199661723015245e-05]
[4.531846408750706e-06, -7.314548695083745e-05]
[-4.355860948979107e-05, -4.14521245722943e-06]
[2.167346772809914e-05, 1.726554824060464e-05]
[-1.0746122689093973e-05, 1.175870199741219e-06]
[-3.580631389248079e-05, 5.691741862294195e-07]
[-2.5836251379648435e-05, 2.4369880949181005e-05]
[-3.3296138212263182e-06, -1.0876590546639309e-05]
[4.58305604100831e-05, -3.4318958394341514e-05]
[-5.2424478038451405e-05, 2.4948963406837277e-05]
[-6.746810771106337e-05, 2.147332621642295e-05]
[-3.1416101362299886e-05, -1.5807655536548282e-05]
[5.1121580989672497e-05, -3.9611352652263454e-05]
[-3.984056464454572e-05, -2.3242956400298942e-05]
[-0.00011152627949189559, -1.6568288084745086e-05]
[3.0418904081244702e-05, -1.5358169977344738e-05]
[-6.562787499858613e-06, 3.0000786350001252e-05]
[-1.701277232072501e-05, 1.0774412729605554e-05]
[-1.0839808503415593e-05, -1.7946422981609395e-05]
[-8.001036857460328e-06, -1.3735550225417274e-05]
[-3.878629269585092e-05, 9.598797751950855e-06]
[-5.043971322525598e-06, 1.8758458319043103e-05]
[5.345695340491785e-05, -1.0555884675210458e-05]
[-8.194490040315527e-05, -1.1216248857359723e-05]
[-6.001637058198478e-05, -2.4831011015566395e-05]
[1.1720568319689706e-05, -2.1843392983195153e-05]
[2.19667113870968e-05, -9.643647427809432e-06]
[-5.9299370454325706e-05, -8.016599378435352e-06]
[-8.821646835507208e-05, 1.9230223563260207e-06]
[3.7771615669118797e-05, -5.044750133770259e-06]
[1.8030562787207938e-05, 1.5141321373479677e-05]
[-4.185031692278962e-05, 7.015998345821783e-06]
[-4.9729090654565544e-05, -1.9096102791868463e-05]
[1.1999398005691289e-05, -6.897033519433389e-06]
[-4.0620489736714616e-06, 1.7642808649584148e-05]
[-2.35708461455153e-05, 8.763925807305992e-06]
[1.485132105037007e-05, -4.1560882289518736e-05]
[-5.8941388356409385e-05, -2.4909176997718607e-05]
[-5.735288430464697e-05, 1.0313351742896604e-06]
[3.144728207432612e-05, -1.617591300674681e-05]
[3.081706377158766e-05, -4.4226893086418695e-06]
[-8.508397642226564e-05, 1.6298398936159808e-05]
[-6.782345141754381e-05, -4.796129430356677e-06]
[3.860856730981965e-05, -2.9666364803518364e-05]
[1.8077249470158097e-05, 1.5835320749627013e-05]
[-5.766665540688637e-05, 2.810183009485656e-05]
[-5.2832333601246506e-05, -3.17025224199699e-05]
[1.6109932361008106e-05, -2.5985308196439794e-05]
[-1.5839681801792238e-05, 2.7863881625737625e-05]
[-2.1004457967127577e-05, 2.5474401535159445e-06]
[-1.0113624403229604e-06, -4.896270353446468e-05]
[-1.7671314351291878e-05, -1.0331666082580293e-05]
[-5.2097962525358976e-05, 3.095750407158121e-05]
[-2.6555024398855487e-06, -5.344888994091024e-06]
[5.1447344709611154e-05, -2.6358326782674468e-05]
[-6.87146341429197e-05, 6.102466550944596e-06]
[-6.525213273593511e-05, -5.868184846546942e-06]
[1.4812644869348357e-05, -2.6174590956343224e-05]
[1.7071142459294808e-05, 3.868135109372228e-06]
[-6.407711626811585e-05, 1.3793845064752341e-05]
[-5.277220482394207e-05, -2.5794233911989595e-05]
[3.759249269749687e-05, -3.7419074827715545e-05]
[-3.958858385431918e-05, 2.9292457334921876e-05]
[-2.5649722504315908e-05, 3.4073525152046764e-05]
[1.2541048853549272e-05, -2.055596706569034e-05]
[-3.924564488499982e-06, -2.7957056195931917e-05]
[-5.028260393862699e-05, 1.4004451881502455e-05]
[-1.0779688871739856e-05, 3.034454755959648e-05]
[5.769786703272578e-05, -2.8124343838697996e-05]
