[459.713866281459, -21.262435845610817]
[13.518124150016519, 93.21049749597668]
[1.0768744122870828, -4.748665886508348]
[4.572642183947899, 10.955249509474882]
[-2.091566288718605, -5.074361285724464]
[-0.2672663451730557, -6.946746875166795]
[-3.021800688295478, 1.5153753391112303]
[-1.7318779342878265, 2.4794965495480623]
[-1.0601206228678723, -0.2548331177229448]
[-3.350302335895414, 1.059722077076282]
[-0.7037440318903823, 1.2674309983293672]
[-1.337636965586567, 0.14928193475122953]
[-0.4161048048218099, -0.41662854118309767]
[-0.44274148123636436, -0.7428741019634764]
[-1.0870719767817567, -0.23475463683488584]
[-0.10486699768791397, 0.1999846902361595]
[-0.6517923673096071, 0.005128181152032951]
[-0.7857798289433804, 0.4023531296066105]
[-0.34984591846926616, 0.3792972123068319]
[-0.6184602924407585, 0.12110123521682326]
[-0.06708393329639328, 0.01373979055376573]
[-0.32600708288190305, -0.2382412290258138]
[-0.3684051856655972, -0.1577572323927967]
[-0.01739751000088141, -0.05482598321432608]
[-0.357579969819259, -0.05372952034348888]
[-0.24983543843026013, 0.18145162535519743]
[-0.25170840496064817, 0.15313375572205956]
[-0.31885519901364123, 0.11895473270540702]
[-0.037336910797046485, 0.08988909849313487]
[-0.2465578675453255, -0.07644129477034767]
[-0.13527779116306915, -0.07319350509462197]
[-0.038352530469451196, -0.09188687606153323]
[-0.1979966253168466, -0.06706055977238634]
[-0.0848848652044012, 0.06963881716337217]
[-0.18996931268471595, 0.05127068754216535]
[-0.1659886115601874, 0.09669017617516984]
[-0.05151086495104895, 0.09025173215093196]
[-0.1815926249366111, -0.0019799837872911397]
[-0.05235082629328325, -0.0162709192197239]
[-0.06212637718619085, -0.07714816038685157]
[-0.10534352755505094, -0.055612383229991735]
[-0.0333000110157089, 0.00930822972664247]
[-0.13850791172434018, -0.0010272947248441966]
[-0.08233863243028727, 0.0660562605127637]
[-0.06503149469578651, 0.06760092846464749]
[-0.12630626714781545, 0.03238094545243886]
[-0.027212208629738832, 0.016402319867085957]
[-0.07362790268316077, -0.0486902392982147]
[-0.05238350141935033, -0.034582949241717564]
[-0.02332625380594422, -0.019807290648157228]
[-0.09434715117741765, -0.025077176045964933]
[-0.03833097033024746, 0.035610442405856535]
[-0.06907467942641654, 0.03979929429299367]
[-0.08104199721255756, 0.0431412106648405]
[-0.025031900325162226, 0.03029472260970023]
[-0.07258406228376302, -0.020385501622313562]
[-0.025226568522945136, -0.012875884331474907]
[-0.027551568186646946, -0.028672092989907583]
[-0.058616786725764314, -0.031080192662529704]
[-0.018725222566170707, 0.010570296283552327]
[-0.06376337723644143, 0.01504515496777481]
[-0.04684186438944249, 0.03952725525573764]
[-0.029900546131279793, 0.03093075310751836]
[-0.06244391464473775, 0.0016554299737419065]
[-0.014732702013240395, 0.004439948672480654]
[-0.03378702022294999, -0.02513565381016747]
[-0.032490368991579976, -0.026084649853702402]
[-0.013632082595706141, -0.006460303912201759]
[-0.05208873129070479, -0.002800364378532816]
[-0.023925256446615695, 0.028288351384596955]
[-0.03418050445763199, 0.023608224249201004]
[-0.04755859668439255, 0.015163355799545641]
[-0.013943113118005446, 0.015052234976066114]
[-0.036779431338169744, -0.015431738639738679]
[-0.016055588254352493, -0.015722487352002545]
[-0.015887114206527775, -0.015016276571216292]
[-0.03775583955440465, -0.012606403520632803]
[-0.011276414452342731, 0.014681132290033538]
[-0.03474679563536087, 0.013018451520792562]
[-0.03197590400017403, 0.02030420120376769]
[-0.01745130174653431, 0.01875715163437547]
[-0.03508502900772581, -0.004379836740692422]
[-0.00814819936265243, -0.004412112138169277]
[-0.02033435985866161, -0.016270568205655422]
[-0.024093085758200572, -0.015142478223639344]
[-0.006788653482757034, 0.002518378889141859]
[-0.031201993668623862, 0.002834264681839338]
[-0.018763852438841377, 0.01880905744029271]
[-0.02136412649346575, 0.0168445023099954]
[-0.029444216628179642, 0.004717571966794232]
[-0.006638090177349287, 0.0047816136980773916]
[-0.023646371978349956, -0.012431771524406887]
[-0.013445397357151556, -0.012371411730089932]
[-0.00770699069317371, -0.00591657798721501]
[-0.024716393285167282, -0.004573198793108357]
[-0.009680255904690682, 0.013211951772147568]
[-0.02333465945833957, 0.011440528915142967]
[-0.02167081536423021, 0.01011716593045009]
[-0.008930744986807904, 0.010232358915819473]
[-0.024185057366490348, -0.006094855879028582]
[-0.006925621471395749, -0.006761558092891473]
[-0.011182921488215092, -0.009822430486767786]
[-0.01712715843897994, -0.008196762202798968]
[-0.005149560126589403, 0.006158192452135447]
[-0.022463729937300503, 0.004863366456383522]
[-0.01380800497989182, 0.011489959617251522]
[-0.01251263690367832, 0.011648968466046405]
[-0.021734135363068008, 0.00035231455639839204]
[-0.004469725527358692, -0.0006707543566755181]
[-0.014788346167414868, -0.009633809470734889]
[-0.010236364855757407, -0.008220946275897756]
[-0.00449741002948123, -0.00015154451175170003]
[-0.01902232103327739, -0.0009161876158525484]
[-0.0075229583883285045, 0.009586299640663154]
[-0.015405642434808797, 0.009777106134380875]
[-0.01708762891624982, 0.005168073920977345]
[-0.005123807065382513, 0.004115529783122351]
[-0.016875542439901636, -0.006612672458726099]
[-0.005332842925691583, -0.005666113057966271]
[-0.006357357337415825, -0.004312462718425003]
[-0.014035593663283219, -0.004628919393014463]
[-0.003758938736216244, 0.005778041274141998]
[-0.016440392841149398, 0.005970327413666043]
[-0.011557418036339306, 0.00747900043542013]
[-0.007462959953748793, 0.006632450106364235]
[-0.01672252847846445, -0.002365613650950671]
[-0.0029614632659704654, -0.0019408962393341334]
[-0.009140353941393342, -0.005829879156019846]
[-0.008815309603424554, -0.005837298861838036]
[-0.0026451600073249537, 0.0015775883504682842]
[-0.015312836511612637, 0.0017282990141060939]
[-0.006494268388183233, 0.007273167921913126]
[-0.010030230445314453, 0.0067566637874268975]
[-0.014460472144708802, 0.0016091671136604369]
[-0.0029287481290913853, 0.0015923994825761678]
[-0.011457974791159564, -0.005013334905472622]
[-0.004538310618614205, -0.0048522782311839485]
[-0.0036258090539413868, -0.0017670527742701392]
[-0.012442736893722772, -0.0016990773058684905]
[-0.0029124767426287335, 0.005203174861947768]
[-0.01169549956566207, 0.005034534101586885]
[-0.010830325398882845, 0.004256384621880466]
[-0.0044931599288212665, 0.003948950456702516]
[-0.01241456938737806, -0.002711300992797483]
[-0.0019510226289281007, -0.0024919823939340002]
[-0.005734208031905608, -0.003528463218407385]
[-0.008696066185290008, -0.003567571699367278]
[-0.001278623668950818, 0.0022744723914648324]
[-0.011866287955754284, 0.00238949442268932]
[-0.006849257916388907, 0.005126803784171768]
[-0.006658879908566562, 0.004693118370519056]
[-0.011724443506742288, 2.625398052535921e-05]
[-0.0012431836117197115, 0.00023489376947449792]
[-0.00791944289044405, -0.0035763995315800656]
[-0.005056710812017862, -0.003721033301867571]
[-0.0014819865732083048, -0.000489831985106548]
[-0.010526317385803896, -0.00020260608289790483]
[-0.0034778775191306455, 0.004361432821885253]
[-0.00848217625676534, 0.003938819152552175]
[-0.00965657244211049, 0.0022663500499052747]
[-0.002090031619572441, 0.002432732673122273]
[-0.009335964544959108, -0.0022890001422068984]
[-0.0023332106766298377, -0.0025111600090241826]
[-0.002960779376863343, -0.002323988373545749]
[-0.008121783622974887, -0.00198696615182703]
[-0.0013666737992767963, 0.002531540677785382]
[-0.009311201642701494, 0.0022085771593612358]
[-0.006849605779838369, 0.0034193232411135754]
[-0.003822991356087768, 0.0035374682228846432]
[-0.009529723509306587, -0.0003494932401191253]
[-0.0009658608035700844, -0.0006022813119268555]
[-0.004925701807143884, -0.002877228606944948]
[-0.005349100899036979, -0.0025935785872452932]
[-0.0007301393660752442, 0.00039840449357841923]
[-0.008908764296546634, 0.00021090078977159532]
[-0.0040649365319600506, 0.0033328779907247086]
[-0.005663843420119163, 0.0034090948862723347]
[-0.008490103784839387, 0.001500690153212858]
[-0.000965674844181752, 0.0012703582917667489]
[-0.006607474189416318, -0.002233860524649689]
[-0.0029142549557193975, -0.002068458112854721]
[-0.0013588804067328208, -0.0013332000472110472]
[-0.007444688991816162, -0.0013930802860757652]
[-0.0019508953567020093, 0.002252365014881408]
[-0.006951268572086167, 0.0022948599405638315]
[-0.006575346003528826, 0.0026813333281054397]
[-0.001979324410112393, 0.002518928700660533]
[-0.007459986291716292, -0.0008130235023038335]
[-0.0013307499972045056, -0.000786272783869002]
[-0.0027441082654011684, -0.002203151812283366]
[-0.005379816565066892, -0.002170592380327241]
[-0.00087757905776642, 0.0006797466048641398]
[-0.007301038162222606, 0.0006932407942168428]
[-0.004350529063404829, 0.002911885927907587]
[-0.003443009456247814, 0.0028443229746683285]
[-0.0072720524281241206, 0.0008064788885585594]
[-0.000803475590016367, 0.0007132979411605955]
[-0.004263988686732889, -0.002085555743706058]
[-0.0032888121620172073, -0.0020054930974593432]
[-0.0008749839293009654, -0.0008149807213742033]
[-0.006666801409477285, -0.0008297279369084976]
[-0.0023944511775655375, 0.002244319607200479]
[-0.0047704900813880236, 0.0022746067785296697]
[-0.006171316034672247, 0.0020778564327769145]
[-0.001216564849779056, 0.001909334978069055]
[-0.005372503527669492, -0.0011709972089037901]
[-0.0016785711335509657, -0.0010837755066115395]
[-0.0016753640497016997, -0.0017714451527959252]
[-0.005299324956759333, -0.0018148645954108034]
[-0.0011321528608184694, 0.0009972308706998056]
[-0.005519235620975449, 0.0011056490901474314]
[-0.004534716879245976, 0.0026399303539605956]
[-0.002213129780072376, 0.0024500615444015272]
[-0.00573917712582428, 0.00013757819702819862]
[-0.0008524553036978189, 0.00020477970351384656]
[-0.0028328466705910826, -0.0019583780041250165]
[-0.003629560408971902, -0.002028370514352673]
[-0.000735226245159315, -0.0003763477061965448]
[-0.005492257966338676, -0.00022544625663012408]
[-0.0028430734751296316, 0.0023957721289032397]
[-0.0033316428022130418, 0.002232775875084664]
[-0.005308326030598498, 0.001374069474467332]
[-0.0008514706905576874, 0.0014096205857254684]
[-0.003876161640542608, -0.0014099501513298307]
[-0.0021182142800254544, -0.0014992894396221867]
[-0.0011080445274390671, -0.0014412621721766605]
[-0.0047563898045316355, -0.001289331132190652]
[-0.001527547182868516, 0.0015048346757777498]
[-0.004152983459212889, 0.0014006020091007765]
[-0.004272595965161663, 0.0021554894310349404]
[-0.0014783506347418873, 0.00216076600378895]
[-0.004447188108734013, -0.00038020130563309884]
[-0.0011181456249093058, -0.00047628159048196395]
[-0.0019521051320954275, -0.0019069952472885454]
[-0.003583261664275972, -0.0017907680122333236]
[-0.0008518063795035502, 0.00030235297347203094]
[-0.004415238864290405, 0.00026808933081279296]
[-0.0029798209554445787, 0.002284391363006316]
[-0.0023867918453788772, 0.002268503789348786]
[-0.0043881192689124715, 0.0007605922978468627]
[-0.0007864917717304021, 0.0006735371804430512]
[-0.002880019960294994, -0.0016961048399701806]
[-0.0023398913868032944, -0.0016393740534481616]
[-0.0008582739183725652, -0.0008217177774133555]
[-0.004067826021650567, -0.0007938713199633352]
[-0.0018083364807644497, 0.0017839994690674044]
[-0.003202093451781629, 0.0017581193765091319]
[-0.0037591446385086824, 0.0016504696828371912]
[-0.0010649569764427103, 0.0015875116979906512]
[-0.0035403362568774965, -0.0009420154409072179]
[-0.0013665457520980473, -0.0009515316335044766]
[-0.0013854130104686835, -0.0015445732960497338]
[-0.0032571441617760266, -0.0014755742892418322]
[-0.001050334920466689, 0.0008644499958513352]
[-0.00363470536479904, 0.0008375291962060549]
[-0.002790402424682231, 0.00204273168540349]
[-0.0017252670891718669, 0.0020141469636816983]
[-0.003716032812977055, 7.46694620059607e-05]
[-0.0008785176663989036, 8.629978932694904e-06]
[-0.002142141268356726, -0.0016981117789349742]
[-0.002256377427977671, -0.0016140870534306906]
[-0.0008357380397413516, -0.00016169906197693873]
[-0.003554784823098567, -0.00018492682752258016]
[-0.0017902104513658479, 0.001866354214600699]
[-0.0024586580106599754, 0.0018746893421452415]
[-0.0033714355210006097, 0.001025691324820055]
[-0.0009172601686429083, 0.0009247973000234833]
[-0.002810886219837938, -0.0013009182791956508]
[-0.0013665856867792203, -0.0012256658716922608]
[-0.0011136257116156623, -0.000984154831309425]
[-0.0030107272840966814, -0.0010029414020502614]
[-0.0010415390815897707, 0.0012276429131641287]
[-0.00297813842922523, 0.001266921161339668]
[-0.0026400065436843756, 0.0016374729983882827]
[-0.0013591701401235445, 0.001528480335961882]
[-0.0031459090169856374, -0.0005317868905466705]
[-0.0008213944615177438, -0.0004815110431798386]
[-0.0016897283726610146, -0.0013869140599973573]
[-0.0021927197053390746, -0.001402789603225596]
[-0.0007184302123312003, 0.00035925268809083866]
[-0.0031021512971733944, 0.00041656896679553856]
[-0.001763379260534631, 0.0017660807523557642]
[-0.0019726928428836776, 0.0016736676385408211]
[-0.0030386798023644968, 0.000340934256276737]
[-0.0007229414484559715, 0.0003597937521211958]
[-0.0023024273857072397, -0.001302091322072263]
[-0.0013582007723763612, -0.0013167458922298536]
[-0.0008447383010741216, -0.0004626856934357715]
[-0.002797144986928568, -0.0004036848469440857]
[-0.0010050310203665869, 0.0014258208329162303]
[-0.002501383528190182, 0.0013669548555289845]
[-0.0025347822813080456, 0.0010486378350136466]
[-0.001024597655970405, 0.0010386027539022596]
[-0.002710427432897844, -0.0008139073860541357]
[-0.0007454133846328537, -0.0008276220306823179]
[-0.001302768701226975, -0.0010054931088159247]
[-0.0021709975020702543, -0.0009602971651798686]
[-0.000566887144768824, 0.000767990872207136]
[-0.0027453768166064707, 0.0007490307260815121]
[-0.0018026616502156145, 0.0014021426648139906]
[-0.0015605976219112694, 0.0013717988962250877]
[-0.0027647351107664697, -0.00011700455253260689]
[-0.0005019829114443208, -0.0001281891946176561]
[-0.0018839196136872655, -0.00114479440230153]
[-0.0014245138222429565, -0.0011241334113716306]
[-0.0005333341914367518, 2.1249064808825935e-05]
[-0.0026170851346934976, 3.8117602567000475e-05]
[-0.0010686424806395367, 0.0013392769103651725]
[-0.002108849514282196, 0.0012995343817986116]
[-0.0024450758494384273, 0.0005537606550285457]
[-0.0006482732219359466, 0.0005478874731343619]
[-0.002361833599485663, -0.0008903226926768593]
[-0.0007798409838757903, -0.00089775202809661]
[-0.0008565436802617232, -0.0005848219880282279]
[-0.0021570569702641373, -0.0005438944896463127]
[-0.0005411206767038657, 0.0009296002328022107]
[-0.002464730961854289, 0.000890319604884296]
[-0.0018534466223039392, 0.0009982257853264481]
[-0.0010830086615712942, 0.0010002314694707998]
[-0.002563830004368328, -0.00036893032393625624]
[-0.00040959398080386844, -0.0004004749912458472]
[-0.0013833903929495739, -0.0008885679224236442]
[-0.0015091805755941545, -0.0008388234688379015]
[-0.00034775464191949546, 0.00033923514681577505]
[-0.002502568787027204, 0.000307061035421774]
[-0.0011709856975639643, 0.0011076891662116645]
[-0.0016253607476506907, 0.0011184533734001217]
[-0.0024192540986079925, 0.0002258836559121402]
[-0.00038794546139597763, 0.00018006287336325144]
[-0.0019118527670166918, -0.0008377669631491891]
[-0.0008666420662633012, -0.0007935373362087939]
[-0.0005032895705179286, -0.00022969194337918442]
[-0.0022073921263001117, -0.0002519839728424289]
[-0.0005947068277586398, 0.000888316649430787]
[-0.002077372538545008, 0.0009061246132028994]
[-0.0019722982822115154, 0.0006995461497848326]
[-0.000676343590029993, 0.0006520638670419326]
[-0.0022571291870820964, -0.0004940409477924845]
[-0.0004077387497025131, -0.0004653599172868006]
[-0.000914820392916238, -0.0006043443544579974]
[-0.0016700678029490101, -0.0006171927432568891]
[-0.00027513019915070824, 0.0004473860657319695]
[-0.0022860014462574574, 0.00046797640248547046]
[-0.0013586487264370256, 0.0009159157104490084]
[-0.00114496568497513, 0.0008785987572226261]
[-0.002306618050742615, -2.407692615558066e-06]
[-0.0002419463452636439, 6.667898840850839e-06]
[-0.0014194454135371265, -0.0006910904191819167]
[-0.0010505527354136013, -0.0006967375538748932]
[-0.0002736505376979004, -4.9937393383880924e-05]
[-0.002186049809013879, -3.2350333006414544e-05]
[-0.0007562427169886532, 0.000833321485983772]
[-0.001620173218611215, 0.0008141744715350896]
[-0.002048130309740326, 0.0004615625378200927]
[-0.0003817230645521974, 0.0004527767595927934]
[-0.0018399827028003912, -0.0004964090668060361]
[-0.0005231852400420234, -0.0004973974909374679]
[-0.0005508529208148039, -0.0004374402782570952]
[-0.001812658629635533, -0.00042850259505700095]
[-0.00032731881270142704, 0.0005083634330849129]
[-0.001941262726594284, 0.0005098358543918491]
[-0.0015651340072217468, 0.0007489252463487167]
[-0.0007464051226488411, 0.0007281670073873148]
[-0.0020402464945479815, -0.00011512998190754686]
[-0.00022215946857750968, -0.0001132451335646989]
[-0.0009866598783470903, -0.0005997704174863783]
[-0.0012821969694235824, -0.0006032386067084117]
[-0.00017009444284010744, 6.9205236174541e-05]
[-0.0020084518620565595, 8.810723416718957e-05]
[-0.0010033054794509333, 0.0007811118737532097]
[-0.0011942897529988589, 0.0007559913121144152]
[-0.0019631186973007586, 0.0003074500765908039]
[-0.00020374072768791773, 0.00031152299942421857]
[-0.0014234815106018983, -0.0005039914771826082]
[-0.0007500256487572021, -0.0005204777208888123]
[-0.0002939502168021746, -0.00033082371774495467]
[-0.0018082328480250598, -0.00030189365718713557]
[-0.0005209670411538414, 0.0005680976896192819]
[-0.0015707790636053653, 0.0005455553688436948]
[-0.001641285405756393, 0.0006256813093245966]
[-0.0004353371470425249, 0.0006320305816622518]
[-0.0017173014955739752, -0.00020286403722347135]
[-0.00035990444966621515, -0.00022949192623544779]
[-0.0006237318920448709, -0.0005634382066436183]
[-0.0014102518366078676, -0.0005336909704520831]
[-0.0002398184326064534, 0.00019763207218986834]
[-0.0017565741719242078, 0.00018223200839781462]
[-0.0011796471342604906, 0.0007394741822268486]
[-0.0008125714540047346, 0.000748252094051452]
[-0.00178045712689745, 0.00018878556179696693]
[-0.00020113122455300836, 0.00015769520332281628]
[-0.0010294899755402959, -0.0005636934224064749]
[-0.0009390085167892553, -0.0005415226716749544]
[-0.0002109324144437541, -0.00019873737364373145]
[-0.0017011859349224112, -0.00020548834401867833]
[-0.0007171038064170965, 0.0006222292142777225]
[-0.0011968963225391094, 0.0006329504897875926]
[-0.0016037099458410253, 0.0005351337454862076]
[-0.000285848655350307, 0.0005065511752107149]
[-0.0013705412151394092, -0.0003455501234218561]
[-0.0005310735855261206, -0.00033641523739391666]
[-0.00040513501896061177, -0.0004905009294965401]
[-0.001432675055221544, -0.0004898202044654187]
[-0.0003810761167127308, 0.00032362137842023575]
[-0.0014606332187833138, 0.00033480762207674375]
[-0.001252502749753387, 0.0007238031819571181]
[-0.0005518216824426658, 0.0007041058903829792]
[-0.0015392547777738907, 8.300811105199646e-06]
[-0.0002920907577581011, 2.9667033551450395e-06]
[-0.0007287386852139199, -0.0005891987980319868]
[-0.0010425045586751128, -0.0005839862701098042]
[-0.0002492795867539699, -5.164380757638476e-05]
[-0.0015250745821425715, -4.23067096505525e-05]
[-0.0008405830324383912, 0.0006996745737611609]
[-0.000887801306251837, 0.0006929463388214291]
[-0.0014911883307208718, 0.0003772427849756954]
[-0.0002667786520111348, 0.00035992245208438245]
[-0.0010577850191308413, -0.0004732409480602273]
[-0.0006520884607887356, -0.00046678608254979714]
[-0.0003299126956026188, -0.0003806874623494272]
[-0.001380513861482635, -0.0003757298626015926]
[-0.0004908550109036791, 0.00047839044678658904]
[-0.0011719102533223613, 0.0004853879281719736]
[-0.0012533999281402752, 0.0006431090914199716]
[-0.00043014490697185215, 0.0006190618958857586]
[-0.0012788256749978189, -0.00019008195910463765]
[-0.00037273195242093493, -0.0001849669017404132]
[-0.0005649154146100677, -0.0005623411981190429]
[-0.0010834457724957502, -0.0005636629588945397]
[-0.00029649078567345333, 0.00013684385754617057]
[-0.0013102295645864848, 0.0001549031768020015]
[-0.0009100651678073182, 0.0007269481708522263]
[-0.0007009867989506702, 0.000702477949794944]
[-0.0013231828432674342, 0.0001632548464651773]
[-0.00027181436726347874, 0.00016575435162013985]
[-0.000853513502699188, -0.0005474662026074828]
[-0.0007335382661108614, -0.0005555858836623351]
[-0.0002942785660314251, -0.00021476458574054558]
[-0.0012636718664622015, -0.0001908916696262697]
[-0.0005715585391864453, 0.000611064575631079]
[-0.0009718127834374701, 0.0005917411851615872]
[-0.0011846190395169431, 0.0004737131841879849]
[-0.00035519972588732296, 0.000473642522939674]
[-0.0010872254645244994, -0.0003509771927797667]
[-0.000439003351421996, -0.00036466837079363046]
[-0.0004575381172526871, -0.00046935652906832104]
[-0.0010557184170807143, -0.0004460127246913581]
[-0.0003377889491208985, 0.0003405497543554903]
[-0.0011446846379709052, 0.0003298745749890919]
[-0.0009162023156365495, 0.0006484168398689094]
[-0.0005701330963804041, 0.0006466936822721245]
[-0.0011846185065791381, -4.3111264463324694e-05]
[-0.0002819399672837064, -5.958237283149037e-05]
[-0.0007093671719869271, -0.0005560201851646518]
[-0.0007600437558126505, -0.000538945730464313]
[-0.0002675670236386707, 5.246580806195222e-06]
[-0.001161406640963869, 4.064796821801053e-06]
[-0.0006088820457837985, 0.0006421526265716349]
[-0.0008262484653423219, 0.0006399098992658364]
[-0.0011150203461180452, 0.00027592906854664867]
[-0.00029440242263389926, 0.00026034206814956606]
[-0.0009506433390287228, -0.0004596566558620063]
[-0.0004733412106797952, -0.000452563848244103]
[-0.00036307821361758474, -0.0002909352615807492]
[-0.0010190580671670113, -0.0002842224310215524]
[-0.00035976845233498533, 0.0004682045502300558]
[-0.0010268728273050698, 0.0004662091765860188]
[-0.0009045781425050803, 0.000508965965201974]
[-0.00045187365246185385, 0.0004977990075677452]
[-0.0010930241797631468, -0.00022203435606915622]
[-0.0002828744729653221, -0.0002258246279509546]
[-0.000573224442042719, -0.00046300019339129417]
[-0.0007670389659822918, -0.0004516025782623778]
[-0.0002407399400150556, 0.00019031114755227452]
[-0.0011001535575353993, 0.00018866985991844443]
[-0.0006239945147206716, 0.0005917178691938058]
[-0.0006849665187534798, 0.0005873791013789736]
[-0.0010863036426918549, 7.484426628773244e-05]
[-0.00023926050518463526, 6.20556710915765e-05]
[-0.0008134871124327175, -0.00046977792921820694]
[-0.0004878082007271911, -0.00045739210791839735]
[-0.00027716968224344996, -0.00010048750285751584]
[-0.001020294693102053, -0.00010226068562596557]
[-0.00036301634378488323, 0.0005104815517896558]
[-0.0009044602131336732, 0.0005135629416459439]
[-0.0009319491732407981, 0.00033674318590483365]
[-0.00034265122137105974, 0.00031886778774289914]
[-0.0009949901516040638, -0.00032358574375712656]
[-0.0002684279900670439, -0.0003133428276868022]
[-0.00044275437138260876, -0.00031591463319902147]
[-0.0008129046963469555, -0.0003185414519137897]
[-0.00020054444502115576, 0.0003029299687641318]
[-0.0010309556675203169, 0.00031204250215291496]
[-0.0006794807637835326, 0.00048713016720750013]
[-0.0005457654219572228, 0.00046888361261924333]
[-0.0010530628593637958, -8.26586374862992e-05]
[-0.00017243538037481354, -7.643064639351049e-05]
[-0.0006710146579851639, -0.00039763063205067173]
[-0.0005437949181823082, -0.0004015995631760916]
[-0.0001800256160640057, 4.2878583994265806e-05]
[-0.0010195618239549065, 5.505986160264653e-05]
[-0.0004079142914347744, 0.0004896292240264555]
[-0.0007717402264460008, 0.0004752222017836358]
[-0.0009663859207833525, 0.00017016302921452064]
[-0.0002208549155388595, 0.000171962517713814]
[-0.0008787961604661554, -0.0003332497200115858]
[-0.0002957711081233161, -0.00033844327226761894]
[-0.0002975282901142573, -0.00018519841586017716]
[-0.0008721853568081361, -0.00017363062022368592]
[-0.00019901062629079647, 0.0003564930037696229]
[-0.000940269079215017, 0.00034860161087715835]
[-0.0007613067119894013, 0.0003549576735003765]
[-0.00038776221398079125, 0.00035311258144794105]
[-0.0009936442061834194, -0.00015693641209441056]
[-0.00014142697613472865, -0.00016251518881921223]
[-0.0005054805567887288, -0.0003132970744864627]
[-0.00063433066492731, -0.00030570368132298853]
[-0.00011121431183641617, 0.0001413571704734773]
[-0.0009933062384891445, 0.00014062473657172614]
[-0.0005008770053220313, 0.0004194782472912856]
[-0.0006109278049434841, 0.0004154171239417609]
[-0.0009762152815367964, 6.460607125755025e-05]
[-0.00012071085618103883, 6.000650872967084e-05]
[-0.0007299698993243064, -0.00031007940110217014]
[-0.0003783464991713448, -0.00030857912456927483]
[-0.0001624124500284596, -8.045960256836127e-05]
[-0.0009122825027451653, -7.531205115357542e-05]
[-0.0002629667975241057, 0.00035359018721917157]
[-0.0008133197407301229, 0.0003487720645635531]
[-0.0008309759161900521, 0.00025543635177109614]
[-0.00023002101933017327, 0.0002532605740232091]
[-0.0008953852264682316, -0.00018825202819361397]
[-0.0001791766779602466, -0.00019318340464064]
[-0.00032640426999999694, -0.00023716645461535624]
[-0.0007219148907630646, -0.0002287234383445691]
[-0.00011496171098518415, 0.0001895329392168632]
[-0.0009280915714618976, 0.00018498273796893616]
[-0.0006025077924897287, 0.00035507189702330827]
[-0.00042558386947169624, 0.0003563104213027343]
[-0.0009482471765679956, 2.3912169107020986e-06]
[-9.065841382671636e-05, -7.515760379384062e-06]
[-0.0005433994144633282, -0.0002829831633575086]
[-0.00048018062483670687, -0.00027424570504352985]
[-9.317628531635425e-05, -1.1185584871620247e-05]
[-0.0009190162448866057, -1.5066304509925299e-05]
[-0.00035940282034035986, 0.0003367344559039795]
[-0.0006392431772096474, 0.0003414946056363305]
[-0.0008727963168827235, 0.00019320347947771044]
[-0.00012977079771120392, 0.00018108055649940225]
[-0.0007404584610483655, -0.00021100684005914694]
[-0.00025838622987364723, -0.00020451527573273065]
[-0.0001931658862725505, -0.00017931727282577414]
[-0.0007902099626623804, -0.00018265291912866743]
[-0.0001715057302736911, 0.00021378965005307282]
[-0.0008010138365502073, 0.00022113245387797575]
[-0.0006939117579296827, 0.0003197829121685883]
[-0.00027332034411392536, 0.0003086752212705726]
[-0.0008549139746942824, -5.299563438604382e-05]
[-0.00011814368043777668, -5.021063999410824e-05]
[-0.00037335255720111205, -0.00026053501997169715]
[-0.0005826903807821526, -0.00026368338394289204]
[-8.801907295469258e-05, 3.304922893535012e-05]
[-0.0008609576008450359, 4.116434423173665e-05]
[-0.00046714887383011994, 0.00034236800690633923]
[-0.000467399606749859, 0.0003350598365699439]
[-0.0008532729145372397, 0.00013309130409966397]
[-9.265233752303592e-05, 0.00013200852306177735]
[-0.00057007353812083, -0.0002320090511229722]
[-0.0003595741401376251, -0.00023522299897948962]
[-0.0001232924563803195, -0.00014218727969184108]
[-0.0008035690807916274, -0.00013551004483008944]
[-0.0002597307054297282, 0.00025724492078468136]
[-0.0006459338414437354, 0.00025533454340625344]
[-0.0007399371951165856, 0.0002831613162583499]
[-0.00017792328375315636, 0.00027916331369528397]
[-0.0007186896467823722, -0.00010800947125316762]
[-0.00018517830047293238, -0.00011120084311050382]
[-0.0002543280828148642, -0.0002534068921730137]
[-0.0006505856108308811, -0.00025015039089326674]
[-0.00012894954963810212, 9.606107024995314e-05]
[-0.0007519880115463007, 9.959906006948294e-05]
[-0.0005535833240315827, 0.00034789630990852277]
[-0.00033615232903747017, 0.0003425722159049946]
[-0.0007737917989625309, 6.662281602087816e-05]
[-0.00010491204065010695, 6.392384343489876e-05]
[-0.0004301360911484059, -0.0002654977742809761]
[-0.0004519876727914346, -0.00026682865528793176]
[-0.00010489221727877363, -8.608203146376336e-05]
[-0.0007549919853265252, -7.849999172676592e-05]
[-0.0003530279179716489, 0.0003078443814943724]
[-0.0005095135982485094, 0.00030283684667049837]
[-0.0007222140780541453, 0.00023240684031794467]
[-0.00013222178990712763, 0.00023088770110964163]
[-0.000589345949042086, -0.0001769456862162344]
[-0.0002686715137351081, -0.0001828479741216582]
[-0.00018266911871300806, -0.0002293948880814356]
[-0.0006587003160513083, -0.00022013929029873758]
[-0.00019760133061158536, 0.0001782315456127087]
[-0.0006394660574932376, 0.00017473984136295861]
[-0.0005851674948568197, 0.0003350058221873349]
[-0.0002463003802086472, 0.00033527517436775234]
[-0.000680081809196792, -1.8816674944688305e-05]
[-0.0001526977472103841, -2.8063425732582914e-05]
[-0.0003260636794747279, -0.0002887312075896542]
[-0.00049789792118091, -0.0002804218413154924]
[-0.00012849958558369678, 2.508244880849997e-06]
[-0.0006851964481475736, 1.0162302868099715e-06]
[-0.0004094295419792282, 0.0003423946454123028]
[-0.0004006906791054199, 0.0003446764682459372]
[-0.0006757209324655122, 0.00015658326341475015]
[-0.00013145983160112173, 0.00014610882386917323]
[-0.00048082792460658885, -0.00024733861676384805]
[-0.0003255110158296992, -0.0002421196741385634]
[-0.00015692522718524504, -0.00016275069026933098]
[-0.000635434222426623, -0.0001624727929841474]
[-0.00025097175698488017, 0.00025410316174855757]
[-0.0005394824115360908, 0.0002580473411657805]
[-0.0005817909987146097, 0.00029326621235668815]
[-0.0002005412974694365, 0.00028399505952703824]
[-0.0005929115227357173, -0.00012095725659916345]
[-0.00019471550737298893, -0.00011996887387866195]
[-0.0002623786733555178, -0.00026638149345570294]
[-0.0005102666427268671, -0.0002650465218905773]
[-0.00015660841379139256, 0.00010000210556246336]
[-0.0006155860610809749, 0.00010469439121585378]
[-0.00043230517906825416, 0.00034947543379484913]
[-0.0003270399263399504, 0.00034349299926699634]
[-0.0006256078044349633, 4.8555948328726783e-05]
[-0.00014196907341951226, 4.537920801461759e-05]
[-0.00040108501960559734, -0.00027857205341219604]
[-0.0003529120757138071, -0.00027702936646822884]
[-0.00014957783971780714, -7.047086386730017e-05]
[-0.0006052024246172849, -6.628927095936321e-05]
[-0.00027725498205355414, 0.00031026936803812966]
[-0.0004617430124822103, 0.0003087639697092609]
[-0.0005702565297232565, 0.00020755497248844956]
[-0.00017629131311291957, 0.00020133393208901507]
[-0.0005213452714109001, -0.00019929857906547666]
[-0.00021458229038223697, -0.00019820717468765903]
[-0.00022341671191294932, -0.00020477234063770444]
[-0.0005141111986597391, -0.00020234125754275967]
[-0.0001656853172846695, 0.00019105344418371417]
[-0.0005558276542090013, 0.00019402853964997635]
[-0.0004474536388914818, 0.00030797821773453915]
[-0.0002778663450594132, 0.0003004660329486604]
[-0.0005805810195199379, -5.6960657937144e-05]
[-0.00013759000704027802, -5.6592694401724764e-05]
[-0.0003456404034915955, -0.0002639227843814207]
[-0.0003742096335299372, -0.0002640741599712615]
[-0.00012994896925355715, 3.13750413457603e-05]
[-0.0005765517234861406, 3.769887406299133e-05]
[-0.0002988731768511915, 0.00032214089089924874]
[-0.00040593512397307796, 0.0003151768447311673]
[-0.0005585738448241895, 0.00010187701477989974]
[-0.00014215528363692442, 0.00010165093361172439]
[-0.0004695605807383263, -0.00023410669794732275]
[-0.00023189446748686504, -0.00023698105645636458]
[-0.0001760853203157664, -0.00011859644996226049]
[-0.000517000271975987, -0.00011083122155336467]
[-0.00017277109262472945, 0.0002504064810476894]
[-0.0005130021441432653, 0.00024541625829840874]
[-0.0004628823054580178, 0.00022796575452706247]
[-0.00022092452512287308, 0.00022752881852263623]
[-0.0005500742143754733, -0.00012978196792146068]
[-0.00013238367547857566, -0.0001347485950604077]
[-0.00028308552657410613, -0.00021428939868506358]
[-0.000397080838170083, -0.00020721219847030792]
[-0.0001080901611311691, 0.00011966299065155339]
[-0.0005605231840030145, 0.00011734271133423402]
[-0.0003250972998440037, 0.000284936199055702]
[-0.00034257696020362216, 0.00028469139587398995]
[-0.0005582003333083896, 1.2276033537317321e-05]
[-0.00010516193768034254, 6.462095913706278e-06]
[-0.00041085561601420656, -0.00023040208428593]
[-0.0002558736935761585, -0.00022578352186425343]
[-0.0001222907302680376, -2.646954072421659e-05]
[-0.0005310016621987712, -2.6218217941798017e-05]
[-0.00018956816374643415, 0.0002600259970435559]
[-0.00046294525941030507, 0.0002601770400028833]
[-0.0004897871101435247, 0.00014567750106284777]
[-0.0001551299400542605, 0.00014052503771010139]
[-0.0005139379261361876, -0.00016783344243292975]
[-0.00013818255169165128, -0.00016664234849012027]
[-0.0002066070572498968, -0.00014220838411477255]
[-0.00043279980413316044, -0.00014010751975407354]
[-9.854489630056751e-05, 0.0001668188245940727]
[-0.0005397649956889461, 0.00016725390366108261]
[-0.0003658774936121101, 0.00022952706313093124]
[-0.00026201319413843294, 0.00022637065498003206]
[-0.0005563592891237312, -5.200681772415949e-05]
[-7.984045253883743e-05, -5.4220903401625e-05]
[-0.00032990036921806687, -0.00019412098305582326]
[-0.0002964558443450567, -0.00019119438149139967]
[-7.863673903046875e-05, 3.9518700846813415e-05]
[-0.0005461927514137377, 3.98407535496248e-05]
[-0.0002249874851946998, 0.00024104110229081904]
[-0.0003878467023147453, 0.0002406496431388086]
[-0.0005228269539305497, 7.647010612274463e-05]
[-9.651217193784589e-05, 7.176488278783089e-05]
[-0.0004494975549800412, -0.00017099612152815524]
[-0.0001640530595910239, -0.00016821584348913898]
[-0.00013284525233758782, -7.90150078807117e-05]
[-0.000478841716928885, -7.93256203208137e-05]
[-0.00011011037607061569, 0.00018179500668886323]
[-0.0004897961780084836, 0.0001841465728793512]
[-0.0004228663761236262, 0.00017548563883796817]
[-0.00017940953517353586, 0.00016975765033322432]
[-0.0005252595540948812, -8.617389452247881e-05]
[-7.532676505772606e-05, -8.418903443307979e-05]
[-0.0002404673765099008, -0.00015137525146236008]
[-0.0003580123396532478, -0.00015273017818456802]
[-5.4812421008854084e-05, 7.592127997907427e-05]
[-0.0005340043684763929, 8.021231579394272e-05]
[-0.00028688582024990333, 0.00021490146452055742]
[-0.0002989872865743273, 0.00020971358752398112]
[-0.0005322653214273332, 2.8040366840703657e-05]
[-5.5071563014041924e-05, 2.902001929308562e-05]
[-0.00036456156566903875, -0.00015727337435206268]
[-0.0002203748148617013, -0.000159767882498274]
[-7.288428654311785e-05, -3.878968835552277e-05]
[-0.0005060154541972617, -3.3905242350529274e-05]
[-0.0001557594508632687, 0.00018555787924205008]
[-0.00041510408695087653, 0.00018212718628440872]
[-0.0004681394644307779, 0.0001317257414205214]
[-0.00010580164430665229, 0.00013187825460251462]
[-0.000464280422099006, -9.916683009081328e-05]
[-0.000106745012681847, -0.0001024761728810053]
[-0.000154691095162085, -0.000123724023320948]
[-0.00041461056493224957, -0.00011973982817248263]
[-6.750881797085162e-05, 0.00010115171039803972]
[-0.0004901442560920344, 0.00010005299544511848]
[-0.00035292447021050694, 0.00019057607847029756]
[-0.00020777985101874674, 0.00019029242933816387]
[-0.0005079437496495753, -3.3542706032174685e-07]
[-4.903940549605412e-05, -3.761495714932339e-06]
[-0.0002711026204070405, -0.00015194316235805916]
[-0.00028811565986327364, -0.00015006961956848253]
[-4.5430018024927854e-05, -7.284590204048591e-06]
[-0.0005008052253418771, -6.200149306134772e-06]
[-0.00022185491189730122, 0.00018670699364334298]
[-0.0003261016461623342, 0.00018637311942228119]
[-0.000482667547363147, 0.00010363595842592666]
[-6.058123010821426e-05, 0.00010097539343362216]
[-0.00038344118009965567, -0.00011637232470851355]
[-0.00016467239647605103, -0.00011719761296097309]
[-9.13701752287277e-05, -0.00010220961194989941]
[-0.00044486207697791436, -9.96791635398675e-05]
[-0.00011362782567725382, 0.00012369902373528252]
[-0.00042229341974758805, 0.00012352061656404484]
[-0.0003976364363512813, 0.00017695230115483823]
[-0.00013269030126511483, 0.0001758502561532288]
[-0.000456040351201753, -3.124980883689732e-05]
[-7.981482109767346e-05, -3.4589750410374265e-05]
[-0.00018606661035039385, -0.00015201538567749528]
[-0.0003409719623952284, -0.00014907523247842391]
[-5.8081400869047783e-05, 2.4519001588035882e-05]
[-0.0004665579029345668, 2.445004037035514e-05]
[-0.00028024916210441647, 0.00019525523902109987]
[-0.00023837183287497843, 0.00019614763199746893]
[-0.0004673219941688511, 7.333999529648971e-05]
[-5.540738577597404e-05, 6.836548113231533e-05]
[-0.00029614109879450706, -0.00014103958564859465]
[-0.0002218735978778974, -0.00013868451824927686]
[-6.721478516455437e-05, -7.670964723982543e-05]
[-0.00044675563922078054, -7.691748258004116e-05]
[-0.00016666290428882236, 0.00015311013850668326]
[-0.00034163331093341187, 0.00015590380270465165]
[-0.0004159408862837721, 0.00016181401400291312]
[-9.339527068780162e-05, 0.00015650851638004254]
[-0.00038524793692712445, -7.404699292151706e-05]
[-0.00012342044302499078, -7.29455214209529e-05]
[-0.00013225360029736621, -0.0001461961536581291]
[-0.0003714108542817868, -0.00014685249821683177]
[-8.997724504300475e-05, 6.510423984826263e-05]
[-0.00040923480766863474, 6.916189379765902e-05]
[-0.0003202565895789114, 0.0002048093667764636]
[-0.0001761433978197391, 0.0002005188139737185]
[-0.0004256623716820396, 2.6028304698638705e-05]
[-7.310807119420559e-05, 2.5683656895453266e-05]
[-0.00022743075328838375, -0.00016141959037108133]
[-0.00026604067779624485, -0.0001627249574462919]
[-6.991267192790751e-05, -3.954217108653735e-05]
[-0.0004210403681201291, -3.524877720492703e-05]
[-0.00021158413735498927, 0.00018846903171638313]
[-0.00027297187768708653, 0.0001862069540274347]
[-0.0004066130718384797, 0.00012608997133875532]
[-8.176428897044286e-05, 0.00012456802833893388]
[-0.0003189897627776661, -0.00011803393283221775]
[-0.0001642570686142819, -0.00011995046687673927]
[-0.00010720195351304751, -0.00012687400954602968]
[-0.0003757437045744938, -0.00012348541843604233]
[-0.00012363322497963014, 0.000118417241383513]
[-0.0003505418972721275, 0.00011860406298749848]
[-0.00033685250799850297, 0.00019385175836015775]
[-0.00014091192699211552, 0.00019172854721330457]
[-0.00037631991820877286, -3.068745750378632e-05]
[-9.669252593955124e-05, -3.290401795169595e-05]
[-0.0001842790547858797, -0.00016926929777871802]
[-0.0002903471451066661, -0.00016771719671737628]
[-8.165761674017169e-05, 1.735435820832132e-05]
[-0.0003836190165128761, 1.9739088441744768e-05]
[-0.0002408963925634583, 0.00020815551742228017]
[-0.00022640446570493244, 0.00020608647377161338]
[-0.0003815836185800947, 7.227352371652618e-05]
[-8.136717476284194e-05, 7.02650829016993e-05]
[-0.00027177912391936065, -0.00015409299955926326]
[-0.00019382788086796943, -0.00015483372909236293]
[-9.478339848179029e-05, -8.272257724395438e-05]
[-0.00036276507268204194, -7.894726442730926e-05]
[-0.00015040196008944684, 0.00016536532711959942]
[-0.00030691119168681225, 0.0001638657908159813]
[-0.0003348280471753007, 0.0001582936486992509]
[-0.00011850762664114556, 0.0001570358029748531]
[-0.000338530644811208, -8.726074738663048e-05]
[-0.00011725882684596178, -9.014410608043644e-05]
[-0.0001538301369705397, -0.00015099238580479346]
[-0.00029663130061381715, -0.0001469279477789298]
[-9.364282991475292e-05, 7.994555214649313e-05]
[-0.0003543395812030947, 7.924969465313014e-05]
[-0.00025313744279097106, 0.00020110357548196872]
[-0.00019128692458604546, 0.00020098115991160764]
[-0.00036170055504386456, 9.238137005845859e-06]
[-8.368881359260838e-05, 4.925636049396553e-06]
[-0.0002350938909787617, -0.0001675376605008716]
[-0.00020834323981354375, -0.0001642565031096388]
[-8.652433468461784e-05, -2.074307121910368e-05]
[-0.0003527808634271601, -2.070820305935528e-05]
[-0.0001643436987388558, 0.0001888353265504343]
[-0.000272006961108448, 0.00018992322996894823]
[-0.0003338377082519606, 0.00010484664671367439]
[-0.00010102988467280971, 0.00010017802414756527]
[-0.00030863961012422836, -0.000129257569582375]
[-0.00012737620745334466, -0.00012751658668774812]
[-0.00012795251356689796, -0.00010555428019609625]
[-0.00030317141405976356, -0.0001050852923075718]
[-9.753161607878313e-05, 0.0001272595971439014]
[-0.00033152589697094115, 0.0001292666647307386]
[-0.00026467947726102614, 0.00017039812078422853]
[-0.00016010930182608352, 0.0001665036547244432]
[-0.00034826735390655617, -5.022605165386218e-05]
[-7.970714362109943e-05, -5.029616219945354e-05]
[-0.00020086704629246332, -0.00014952594562694932]
[-0.0002223416589966845, -0.00014899248305261237]
[-7.351276155112552e-05, 3.7296565000899395e-05]
[-0.00034878179081568317, 3.963008363419562e-05]
[-0.0001773439507949809, 0.0001872642775044009]
[-0.0002383078436066395, 0.00018502085941422136]
[-0.0003398916783430017, 4.340967356195047e-05]
[-7.947248904260906e-05, 4.17595061598941e-05]
[-0.0002783858275033982, -0.00014150304302562589]
[-0.0001369707817938659, -0.00014119141830121196]
[-9.832971719148098e-05, -5.21905732090433e-05]
[-0.0003173535826458962, -5.025625091276131e-05]
[-0.00010034146540674471, 0.00015281141441308987]
[-0.00030740220917863104, 0.0001526138842861749]
[-0.000285705340930531, 0.0001221604508752916]
[-0.00012475684729401637, 0.00011953540314088573]
[-0.00033289409974288087, -8.707819925996008e-05]
[-7.457703882260414e-05, -8.708712810168162e-05]
[-0.00016176626452539533, -0.00011384424974902885]
[-0.00024706368108588783, -0.0001129470124292542]
[-5.8124495617956073e-05, 8.056732284711376e-05]
[-0.000342935517385734, 8.224507142240434e-05]
[-0.00020294585265256265, 0.00016263979187224747]
[-0.00019871597572312244, 0.00015980017580709965]
[-0.0003450496061427333, -6.095186036642053e-06]
[-5.45446132851346e-05, -6.318127582422006e-06]
[-0.0002411618822086778, -0.00013040663735292002]
[-0.00016028726077074729, -0.00013089443635616593]
[-6.326376058057859e-05, -4.752818142800264e-06]
[-0.0003320496134882056, -1.8558654801825725e-06]
[-0.00011785436714149833, 0.00015468834939607462]
[-0.00027548409842354654, 0.00015231437782430718]
[-0.0003098137112122479, 7.427724821817971e-05]
[-8.206801709764733e-05, 7.408260125801869e-05]
[-0.00030911810067354994, -9.97518079337012e-05]
[-8.434009004931742e-05, -0.00010156487970991446]
[-0.00011270681020722484, -7.557963495224973e-05]
[-0.0002773172147393921, -7.239243006712526e-05]
[-5.6934067756087003e-05, 0.00010399921750278707]
[-0.0003288016970708907, 0.00010251189781735476]
[-0.00023767569703628255, 0.00012851919389342617]
[-0.00014685847501227922, 0.00012860594602777733]
[-0.00034248721871257826, -3.4887241571163186e-05]
[-4.2523030128471806e-05, -3.756432392315601e-05]
[-0.00018918128400702977, -0.00011039492876085966]
[-0.00019548147729266802, -0.00010784250255685413]
[-3.840458964066151e-05, 2.9582311611653367e-05]
[-0.0003405005812210926, 2.9068065260928755e-05]
[-0.00015084237191632238, 0.0001408357382190542]
[-0.00022686743394664116, 0.00014133839679362353]
[-0.0003297143414328907, 4.088218580228231e-05]
[-4.674039876553793e-05, 3.80732854126653e-05]
[-0.00026712095777532696, -0.00010034353200172319]
[-0.0001116803245229947, -9.908979295558673e-05]
[-6.658448283242135e-05, -4.292173401737598e-05]
[-0.0003061278979216986, -4.2672503254181926e-05]
[-7.578547444897499e-05, 0.00010978804719145169]
[-0.00029566748695430967, 0.00011064009511038697]
[-0.00027423233575810113, 0.00010189539667219277]
[-9.400404516671235e-05, 9.9741945419278e-05]
[-0.0003210666166444942, -5.1524923800227995e-05]
[-5.1158781714744084e-05, -5.180841879681708e-05]
[-0.00013090194721827875, -8.977964949896666e-05]
[-0.0002360000792062597, -8.91469608879647e-05]
[-3.4657067180421386e-05, 4.812897078641798e-05]
[-0.00033100714159520206, 4.906064334536664e-05]
[-0.00019295173525179718, 0.00012851952128195565]
[-0.00016781204440943776, 0.00012762874468699031]
[-0.00033377198944026243, 1.7606196655445272e-05]
[-3.120776674236936e-05, 1.6002049053442935e-05]
[-0.00020969520043537249, -9.675026118338703e-05]
[-0.00015149872390902985, -9.612393859376178e-05]
[-3.835896451076515e-05, -2.1922190531209473e-05]
[-0.00032176471728037614, -2.1302474154494266e-05]
[-0.00011048996343053508, 0.00011327060854815496]
[-0.0002437981041816667, 0.00011388736626646856]
[-0.000301433325806566, 8.271514763139032e-05]
[-5.5901655762524705e-05, 8.035832189928066e-05]
[-0.00027742708048317244, -6.331870122000538e-05]
[-7.794928842072557e-05, -6.296063464378276e-05]
[-8.34276526298916e-05, -7.627832657985945e-05]
[-0.00027113230289867174, -7.634620465413189e-05]
[-5.112548404978545e-05, 6.278646150784106e-05]
[-0.00029770318636801463, 6.471918696974305e-05]
[-0.0002344679766052224, 0.00012171814080386839]
[-0.0001152239525893245, 0.00011933134334977252]
[-0.00031289450486318704, -2.3431346644897655e-06]
[-3.647138947629469e-05, -2.3166395138329854e-06]
[-0.00015360203147982837, -9.690824473496118e-05]
[-0.0001951387815851864, -9.787770918862071e-05]
[-3.1123057058546344e-05, -4.835612085224428e-06]
[-0.0003130453338343886, -2.158899012311144e-06]
[-0.00015374279664168156, 0.00012189644787213849]
[-0.00018871289241001454, 0.00012013293902713579]
[-0.000305778545318075, 6.460797793975126e-05]
[-3.743806999248478e-05, 6.442475592430275e-05]
[-0.00022541432532637018, -7.7522712281064e-05]
[-0.00011714016688178785, -7.934498894279773e-05]
[-5.386837824530866e-05, -6.631883093960456e-05]
[-0.0002860499788478188, -6.368256665917338e-05]
[-8.361001251694367e-05, 8.374052285393951e-05]
[-0.00025230893316374736, 8.300119947541457e-05]
[-0.00025950226578966284, 0.00011457706772047965]
[-7.757828962601243e-05, 0.00011440754389797914]
[-0.0002758806835264638, -2.5267305206022606e-05]
[-6.01723550761879e-05, -2.7612758728312592e-05]
[-0.0001092699879947645, -0.0001009604127961139]
[-0.00022636204275559846, -9.913338253780823e-05]
[-4.4081650241667436e-05, 2.039702831543866e-05]
[-0.00028610704754603034, 2.073976706230829e-05]
[-0.00018961322108626555, 0.00013074933373659336]
[-0.00014152371155101012, 0.00013080223670100533]
[-0.00028976235216737756, 4.199098123913725e-05]
[-3.9679693151217776e-05, 3.965695476088049e-05]
[-0.0001774729193412261, -9.731246130162408e-05]
[-0.00015346009241967717, -9.682844148334313e-05]
[-4.4669084576620666e-05, -4.6959061582974027e-05]
[-0.00028050560725478846, -4.579887743008659e-05]
[-0.00011836483207716686, 0.0001077623369864604]
[-0.00020715297120180165, 0.00010812944802334953]
[-0.0002640921734607532, 0.00010176664971477817]
[-5.8926802669168055e-05, 0.00010003435873602584]
[-0.0002355485276490238, -5.667216837623723e-05]
[-9.006961884494569e-05, -5.7683901810545724e-05]
[-8.179556398849042e-05, -9.620753379868674e-05]
[-0.0002388421188261186, -9.470188464438811e-05]
[-6.736286325040308e-05, 5.315456143208108e-05]
[-0.0002528941430175735, 5.3761223723608476e-05]
[-0.0002086150289262803, 0.00013437517527497417]
[-0.00010846441488356062, 0.00013371372503111212]
[-0.0002649184430666973, 7.64373988468292e-06]
[-5.478767351768665e-05, 5.396461364715055e-06]
[-0.00014048179701748806, -0.000111465770609942]
[-0.0001757955874132841, -0.00011012851218938913]
[-5.06977387302876e-05, -1.5392436470113013e-05]
[-0.0002645819389203441, -1.4766430650015039e-05]
[-0.00014214509729591762, 0.00012923929339787865]
[-0.00016967645888245342, 0.0001298480649550085]
[-0.00025711178645485, 7.487908523284847e-05]
[-5.630740495290998e-05, 7.198184584288059e-05]
[-0.00019961372953136713, -8.8059171380106e-05]
[-0.00011221557842258645, -8.72861592878249e-05]
[-7.07444541243607e-05, -7.600179601641166e-05]
[-0.00023968997664991498, -7.563990637271534e-05]
[-8.615076764509344e-05, 8.808651210887725e-05]
[-0.00022112852624336932, 8.982315023384896e-05]
[-0.00021606977075272482, 0.00012368553666293643]
[-9.103669948543058e-05, 0.0001208725890129228]
[-0.00023897847940024253, -3.374988708521043e-05]
[-6.81609872133504e-05, -3.3713919706995776e-05]
[-0.00011788229429746111, -0.00010973060119362499]
[-0.00018767273202636992, -0.00010986733343465449]
[-5.7722544088922856e-05, 2.4102671292353106e-05]
[-0.0002455841025882921, 2.6512158034897038e-05]
[-0.00015637832336127047, 0.00013897148909183116]
[-0.00014475589634877287, 0.00013691544090439767]
[-0.0002457495538595311, 3.405743998666222e-05]
[-5.6445970869956064e-05, 3.342944839875017e-05]
[-0.0001740868691741601, -0.00010655593848435396]
[-0.00012644131329912767, -0.00010727702512819404]
[-6.420504015214323e-05, -4.2566778707564534e-05]
[-0.0002354129638811875, -4.0128940412775815e-05]
[-9.813596562729954e-05, 0.00011655610529430482]
[-0.00019764168394668935, 0.00011568686977649414]
[-0.0002183572630250069, 9.41157374701393e-05]
[-7.875143944019447e-05, 9.308473401349604e-05]
[-0.00021910554739493215, -6.833220865176681e-05]
[-7.623687215416175e-05, -6.95250537058878e-05]
[-0.00010116425329081968, -9.14164337937895e-05]
[-0.0001947081380180432, -8.96033230862181e-05]
[-6.022081998202644e-05, 6.420305231848167e-05]
[-0.0002309255013091538, 6.46069919398029e-05]
[-0.00016658831401860502, 0.0001281925703929404]
[-0.00012546883271911946, 0.00012709590641716423]
[-0.00023714007989059094, -7.863889772391497e-06]
[-5.2959769294147474e-05, -9.238359199997825e-06]
[-0.0001542348800404325, -0.00010810401278665838]
[-0.00013754043222685003, -0.00010739302089923797]
[-5.41774217333868e-05, -1.1878508157092682e-06]
[-0.00023298607458449583, 2.3567145063241313e-07]
[-0.00010800790569474861, 0.000126757453058568]
[-0.0001792053163722912, 0.00012588644183980646]
[-0.0002218648076889318, 5.5490261149947206e-05]
[-6.312119610996092e-05, 5.431544893005902e-05]
[-0.00020412710264341993, -8.881062952853513e-05]
[-8.303947624974106e-05, -8.937105476092277e-05]
[-8.067367188363539e-05, -5.9215495019304676e-05]
[-0.00020292856640224954, -5.726615059981066e-05]
[-6.197689341874701e-05, 9.17167579347275e-05]
[-0.00022070383348335443, 9.122557426140265e-05]
[-0.00017821388839417418, 0.00010216687258650728]
[-0.0001019936680542316, 0.00010154014481161475]
[-0.00023307825329968446, -4.110921754052477e-05]
[-4.898889917223648e-05, -4.2760729922153295e-05]
[-0.00012959035538275682, -9.254961158872144e-05]
[-0.00015057329884032855, -9.06487654845356e-05]
[-4.326987001870841e-05, 3.541488862812692e-05]
[-0.00023519287588127935, 3.5288915525830133e-05]
[-0.00012046026884772465, 0.00011860786184034883]
[-0.00015545878601310945, 0.00011872487790282743]
[-0.0002306224933336376, 1.8828117706579106e-05]
[-4.6048557291983316e-05, 1.655517874876722e-05]
[-0.00018360419136838335, -9.230955199290847e-05]
[-9.296651511636611e-05, -9.094435143808255e-05]
[-5.736609166639983e-05, -2.365926090780457e-05]
[-0.00021710287825904562, -2.357021867258058e-05]
[-6.731802845613699e-05, 0.00010134720093353533]
[-0.00020484580393412277, 0.00010217627595875481]
[-0.0001968354994937721, 7.167470452429034e-05]
[-7.445004252656928e-05, 6.93971554966491e-05]
[-0.00022400546248084463, -6.056780379037896e-05]
[-4.864250152386562e-05, -6.001263522303901e-05]
[-9.888355492183865e-05, -6.69799667324944e-05]
[-0.00017167362226697125, -6.688120692494026e-05]
[-3.5736473736558416e-05, 5.773395738606357e-05]
[-0.00023311329212899468, 5.9013630833354425e-05]
[-0.00014207878696091691, 0.00010121816499619393]
[-0.00012415988178708648, 9.952004134925613e-05]
[-0.0002368097297173466, -9.270111205383902e-06]
[-3.155423567996474e-05, -9.536713107577421e-06]
[-0.00015357074859060488, -8.189134792413455e-05]
[-0.00011302125266795388, -8.194869318789433e-05]
[-3.5426498616347724e-05, 3.1687298405469466e-06]
[-0.00023034259773824228, 4.480699495018614e-06]
[-8.342359148980072e-05, 9.941844005857681e-05]
[-0.0001783591163551923, 9.868751301453371e-05]
[-0.00021718542373086458, 4.3965255976774475e-05]
[-4.6640614806581215e-05, 4.309428198901594e-05]
[-0.00020311333883266114, -6.542622563737721e-05]
[-5.938555338633189e-05, -6.569367576236829e-05]
[-6.58647336158058e-05, -4.4146718735094126e-05]
[-0.00019679224361675296, -4.325096826413022e-05]
[-3.899768632986689e-05, 6.867164298584444e-05]
[-0.0002190249894302304, 6.899992392227217e-05]
[-0.00017081803339136226, 8.172027057571848e-05]
[-8.84149115227828e-05, 8.059319054836214e-05]
[-0.00023112885600978794, -2.487996367966927e-05]
[-2.71649229960369e-05, -2.5276180318001273e-05]
[-0.00011667348259787602, -6.917949847906613e-05]
[-0.000142597095040789, -6.903802019980754e-05]
[-2.2131406988423752e-05, 2.0642471932924567e-05]
[-0.00023275909401820893, 2.1817338851634616e-05]
[-0.00011185604239716262, 9.238194137113631e-05]
[-0.0001429475052884717, 9.135201995371517e-05]
[-0.00022838708518496675, 2.4939334087314968e-05]
[-2.5691085285550752e-05, 2.459786492919891e-05]
[-0.00017116288017218761, -6.481171504535421e-05]
[-8.430078789305184e-05, -6.554219398702266e-05]
[-3.719091473780578e-05, -2.7850104110493934e-05]
[-0.00021498002733796873, -2.626574342798338e-05]
[-5.819235477502738e-05, 7.368560599743668e-05]
[-0.0001925135920505805, 7.30001643348098e-05]
[-0.00019559880532195317, 6.679205794810072e-05]
[-5.440312221793864e-05, 6.671432731550353e-05]
[-0.00021181080644372408, -3.3872440677068516e-05]
[-3.942204950846406e-05, -3.532856690910413e-05]
[-7.839164374022489e-05, -6.047662940600329e-05]
[-0.00017117778608257556, -5.900333387026668e-05]
[-2.5669406374162484e-05, 3.312121810354618e-05]
[-0.00022134016819772007, 3.285954177499606e-05]
[-0.00014294410081047357, 8.67080160705351e-05]
[-0.00010326323094107803, 8.703727637063285e-05]
[-0.0002258676105446611, 1.2115877166263278e-05]
[-2.0852954484673614e-05, 1.0306994635000954e-05]
[-0.00013189152299390716, -6.670385014362346e-05]
[-0.00011490820021572284, -6.57888946346552e-05]
[-2.3096617551454646e-05, -1.4830854602743138e-05]
[-0.00022057708979217328, -1.4755707521879602e-05]
[-8.658239944343837e-05, 7.84477184789939e-05]
[-0.0001561921305458791, 7.919014120975898e-05]
[-0.00020928344876042226, 5.697258701685415e-05]
[-3.28900836645829e-05, 5.53026827027972e-05]
[-0.00018040229160527776, -4.506177632035424e-05]
[-6.326197364586728e-05, -4.495414953720189e-05]
[-4.9654322939907125e-05, -5.364619780723334e-05]
[-0.0001909187376296917, -5.342898687504816e-05]
[-4.3348772179263584e-05, 4.531960032456983e-05]
[-0.00019633908506511144, 4.6320372210501004e-05]
[-0.00016774540709912217, 8.528981406263555e-05]
[-7.01241811832537e-05, 8.422417662821632e-05]
[-0.00020877066360402985, -3.375408148986736e-06]
[-3.133299335439377e-05, -4.0678730163223875e-06]
[-9.5447495733543e-05, -7.02226424322272e-05]
[-0.00014210144316159634, -7.007653018770155e-05]
[-2.5388939992709858e-05, -1.1576372049848516e-06]
[-0.00021144631619374188, -1.7974481261728847e-07]
[-0.00011457378301832355, 8.746317504404119e-05]
[-0.00011946154946106471, 8.730223610281529e-05]
[-0.00020871391667920403, 4.4027763542189846e-05]
[-2.748835378255099e-05, 4.2776558616175464e-05]
[-0.0001449400105471843, -5.908470145787881e-05]
[-8.952676146040117e-05, -5.9154906113190187e-05]
[-3.6454789740125726e-05, -4.522608076393264e-05]
[-0.00019758681276058065, -4.4595119380791415e-05]
[-6.62423274604973e-05, 6.270579827136885e-05]
[-0.00016453762348489498, 6.349571674843513e-05]
[-0.0001812176907890345, 8.114875105474234e-05]
[-5.093340551687309e-05, 7.972419823479987e-05]
[-0.0001820837095759531, -2.400173073272005e-05]
[-4.91763163770198e-05, -2.431274313002829e-05]
[-7.099935011398162e-05, -7.213650802734284e-05]
[-0.00016012574909493593, -7.211360743847317e-05]
[-3.702824850870812e-05, 1.91243733619062e-05]
[-0.0001910368564831677, 2.0643351463067727e-05]
[-0.00013589686945595508, 9.557083155299628e-05]
[-9.228504149756678e-05, 9.437633995297914e-05]
[-0.00019544711603167175, 2.3433790676694044e-05]
[-3.249924414772121e-05, 2.2980676811112932e-05]
[-0.00011627805778892386, -7.294184317613306e-05]
[-0.00011167989633011771, -7.363262172399576e-05]
[-3.453405460271397e-05, -2.909139401910399e-05]
[-0.00019118533243109304, -2.7267768304584106e-05]
[-8.761542923421684e-05, 8.24279142478887e-05]
[-0.0001368793464323545, 8.176381402884986e-05]
[-0.00018169830695852207, 6.772885805336748e-05]
[-4.291391238206432e-05, 6.730970298307604e-05]
[-0.0001566911304154428, -4.729814292722678e-05]
[-6.781979353898127e-05, -4.860516625665445e-05]
[-5.749313497567521e-05, -6.63849697013219e-05]
[-0.00016599885145730797, -6.476011306510987e-05]
[-5.153281061529014e-05, 4.5839301486841344e-05]
[-0.00016966869859752487, 4.582320870921697e-05]
[-0.00014637340584379432, 9.458266317527095e-05]
[-7.499973146425643e-05, 9.437586977919729e-05]
[-0.0001789034756707053, -3.4185191956359606e-06]
[-4.196302604042579e-05, -5.056542993930879e-06]
[-9.649627549716822e-05, -8.088523660954028e-05]
[-0.0001246320498473029, -7.989764125171384e-05]
[-3.821612281657005e-05, -2.5881194220256365e-06]
[-0.00018008517554410353, -2.038384406544136e-06]
[-0.00010176611412054948, 9.5476930394571e-05]
[-0.00011655903098440126, 9.558796108275966e-05]
[-0.00017607065143351863, 4.473432842803937e-05]
[-4.112512267656632e-05, 4.316283527924791e-05]
[-0.00013731847937792363, -6.815764617851272e-05]
[-8.112570316845535e-05, -6.805974294338268e-05]
[-5.0388933970690886e-05, -4.763439617397336e-05]
[-0.0001653045182889029, -4.675527850619976e-05]
[-6.270490915250004e-05, 7.02972277161068e-05]
[-0.0001528002781882032, 7.071123654804959e-05]
[-0.0001498351589052649, 8.204370751534878e-05]
[-6.387072698044172e-05, 8.093493442512881e-05]
[-0.000165697530530598, -3.247832878924828e-05]
[-4.967847860010144e-05, -3.327312296377838e-05]
[-8.231558034144104e-05, -7.541141271077967e-05]
[-0.00013090466423273245, -7.450507184419974e-05]
[-4.164279212923172e-05, 2.719103313879312e-05]
[-0.00017123192522144892, 2.777100687068046e-05]
[-0.00010951374915669707, 9.709866439437317e-05]
[-0.00010106094086094475, 9.67305701550028e-05]
[-0.00017198040871871378, 1.4717299804498096e-05]
[-4.0012757482776884e-05, 1.3265364238457256e-05]
[-0.00012194264491231788, -7.776156051825245e-05]
[-8.878107685213188e-05, -7.709599074712248e-05]
[-4.466557562421425e-05, -2.022157459796725e-05]
[-0.0001656665434120741, -1.9690136566635763e-05]
[-6.881852214132844e-05, 8.574819935533787e-05]
[-0.00013907489680151097, 8.619675499790466e-05]
[-0.0001541402816194054, 5.864203567359713e-05]
[-5.4329692887794545e-05, 5.6928399626128556e-05]
[-0.0001550270803336029, -5.471147471497462e-05]
[-5.3069933865959595e-05, -5.444213030353362e-05]
[-6.968347964272925e-05, -5.732010093661977e-05]
[-0.00013806584974264402, -5.7053634797660235e-05]
[-4.124106922287485e-05, 5.2240994356675396e-05]
[-0.00016439465760823002, 5.335588069778352e-05]
[-0.00011823335401769247, 8.594044869685014e-05]
[-8.679446930774659e-05, 8.440039022496529e-05]
[-0.0001698608720722694, -1.4244066883412065e-05]
[-3.545296287049693e-05, -1.4380297845922874e-05]
[-0.0001073312992403222, -7.315837217974908e-05]
[-9.768823288818299e-05, -7.329557230872918e-05]
[-3.5630168234407344e-05, 7.647107815478282e-06]
[-0.00016803291018177569, 9.094758269517778e-06]
[-7.621611101369524e-05, 8.888813921839253e-05]
[-0.0001256501899793913, 8.787291914738246e-05]
[-0.00016104722724190335, 3.0466608893456315e-05]
[-4.138088648419913e-05, 3.0043471213270223e-05]
[-0.00014421347770399856, -6.383557629338621e-05]
[-5.788545156697189e-05, -6.43820628341285e-05]
[-5.339061028858394e-05, -3.385994773591472e-05]
[-0.0001483743327789222, -3.2498956744592133e-05]
[-4.189780140362309e-05, 6.76751286944749e-05]
[-0.00015720699758778323, 6.736106171402814e-05]
[-0.00013113050008162208, 6.540167936877964e-05]
[-6.841563659139294e-05, 6.487936813328807e-05]
[-0.00016738237215768725, -3.351670188020406e-05]
[-3.164523326881774e-05, -3.433436349700725e-05]
[-8.817005302785147e-05, -5.9609601067101003e-05]
[-0.00011155124165674463, -5.8718523032574854e-05]
[-2.6385172273019064e-05, 3.0092813027376986e-05]
[-0.00017036661161953792, 3.0447995330806776e-05]
[-8.960632014171077e-05, 8.018653344066262e-05]
[-0.00010717628658196698, 7.974571298203711e-05]
[-0.00016856812815105315, 7.160525964791664e-06]
[-2.7353500353516358e-05, 6.314360734727131e-06]
[-0.00012807493913485207, -6.242543351686614e-05]
[-6.929307381676325e-05, -6.224171332847028e-05]
[-3.4506064629402644e-05, -1.120337650056813e-05]
[-0.00016020347025805237, -1.0388885969159212e-05]
[-4.969652784930778e-05, 7.127726274524723e-05]
[-0.00014452027625994068, 7.102607812427275e-05]
[-0.00014679622479858712, 4.470727807422137e-05]
[-4.614210858999712e-05, 4.410273147394464e-05]
[-0.00015963843947253142, -4.27355429956644e-05]
[-3.500661744473832e-05, -4.328633259639836e-05]
[-6.334544272589004e-05, -4.29086028656267e-05]
[-0.00012946533880536099, -4.194300426113573e-05]
[-2.398562839589502e-05, 4.285730341323929e-05]
[-0.00016787849623142725, 4.279897056067711e-05]
[-0.00010858343149386385, 6.721177712300241e-05]
[-8.164245616741617e-05, 6.70564235227128e-05]
[-0.00017221650300097702, -8.175542814042869e-06]
[-1.9396368490437466e-05, -9.276815418873818e-06]
[-0.00010331780940529833, -5.536382028337172e-05]
[-8.755617756757775e-05, -5.4552275569053066e-05]
[-2.0355881443917534e-05, 5.220896049151769e-06]
[-0.00016931637437077318, 5.263829025076161e-06]
[-6.570472401531274e-05, 6.812515304736172e-05]
[-0.00012216897109562294, 6.849103418366323e-05]
[-0.00016138179971564304, 2.9118170370552587e-05]
[-2.7050727958666254e-05, 2.7800196336899563e-05]
[-0.00014137139255495507, -4.5546504560872725e-05]
[-4.738759457685593e-05, -4.510103401370036e-05]
[-3.9526645514931236e-05, -2.87645502355105e-05]
[-0.00014801570256725571, -2.8760113620213135e-05]
[-3.130797870015689e-05, 4.8202093064796114e-05]
[-0.00015457216744292623, 4.899456828807297e-05]
[-0.00013024283182213464, 5.6588229589954464e-05]
[-5.507350373951114e-05, 5.5433538872853155e-05]
[-0.00016524186446646716, -1.782926761281778e-05]
[-2.1163810050184306e-05, -1.7816674327403303e-05]
[-7.495447471207728e-05, -4.792186010577071e-05]
[-0.000110412363234072, -4.807958279198776e-05]
[-1.5667682240816383e-05, 1.502057481166108e-05]
[-0.00016848102665087406, 1.6000471326937937e-05]
[-8.831004015245197e-05, 6.5354498846322e-05]
[-9.415453043160743e-05, 6.467598990752416e-05]
[-0.00016736116952634217, 1.767697865988349e-05]
[-1.64836336748464e-05, 1.733626796082688e-05]
[-0.00011507112181277646, -4.635573079719846e-05]
[-6.799890013653442e-05, -4.672589239843039e-05]
[-2.2954403273739432e-05, -1.9698434603226955e-05]
[-0.00015955980742181353, -1.8845156793317885e-05]
[-4.833023290354288e-05, 5.3005401137829616e-05]
[-0.00013167755068708292, 5.296016410978252e-05]
[-0.00014717174789714849, 4.859449513297184e-05]
[-3.400774889913971e-05, 4.8080909101955865e-05]
[-0.00014708385578905692, -2.5228776705077394e-05]
[-3.355298374077553e-05, -2.5759613927700542e-05]
[-5.0036424346033836e-05, -4.404550336231661e-05]
[-0.00013075495579985968, -4.3611864338877204e-05]
[-2.215497006413658e-05, 2.4213214323387522e-05]
[-0.0001558168982396524, 2.4764012404428215e-05]
[-0.0001111401149105351, 6.439369781763293e-05]
[-6.740534621174632e-05, 6.39152025913095e-05]
[-0.00016107819493030306, 7.805630686225085e-06]
[-1.70414925395046e-05, 7.256887662704381e-06]
[-8.765083067743817e-05, -4.983738328195875e-05]
[-9.117967243613134e-05, -5.000328737686521e-05]
[-1.699390916348742e-05, -1.0970772897911374e-05]
[-0.0001592816164241312, -1.003441456234877e-05]
[-7.05214393210557e-05, 5.98024640129681e-05]
[-0.0001055427919087748, 5.95199291466425e-05]
[-0.00015309666754374784, 4.127042177416024e-05]
[-2.2524203962592804e-05, 4.0890078988074785e-05]
[-0.00012351012865563504, -3.5223350135255016e-05]
[-5.305257938373331e-05, -3.599641387835861e-05]
[-3.324742746620146e-05, -4.0531809051197465e-05]
[-0.00014151208672215365, -3.9522010224335435e-05]
[-3.764916105164495e-05, 3.6422373357648113e-05]
[-0.0001361559637152454, 3.639858503409754e-05]
[-0.00012622964078690818, 6.371536228291091e-05]
[-4.70271482772705e-05, 6.366573754018265e-05]
[-0.00014629787186103138, -5.168982309233794e-06]
[-2.7722791781592537e-05, -6.377237243254674e-06]
[-6.457535019287197e-05, -5.447016763548973e-05]
[-0.0001086620376963901, -5.370266146179081e-05]
[-2.1979013814399373e-05, 2.070839493828469e-06]
[-0.00014978873165985562, 2.258490281140113e-06]
[-8.941827957896845e-05, 6.747404067799362e-05]
[-8.16979760414338e-05, 6.782967120092659e-05]
[-0.00014924631770288355, 3.0290703472601876e-05]
[-2.2081932612882937e-05, 2.895147608848736e-05]
[-0.00010012276131735748, -4.804008303654905e-05]
[-7.142854264233223e-05, -4.774072541963159e-05]
[-2.716498356525321e-05, -3.188502495513057e-05]
[-0.00014272439617100952, -3.161519093336507e-05]
[-5.441394754096551e-05, 5.111092655405228e-05]
[-0.00011481348298322813, 5.182148494581318e-05]
[-0.00013215617790088285, 5.9412628698414516e-05]
[-3.65063581554137e-05, 5.829119861869986e-05]
[-0.00012813152570277653, -2.3216169334011605e-05]
[-4.1484188332496785e-05, -2.346001539832443e-05]
[-5.008022548572133e-05, -5.4293871217192535e-05]
[-0.00011799286394797992, -5.409732979971826e-05]
[-3.192103026466997e-05, 1.9794241098963772e-05]
[-0.00013562388532480096, 2.068840255879667e-05]
[-0.00010124883486199374, 7.259729509849835e-05]
[-6.495117186940125e-05, 7.19856484642338e-05]
[-0.0001397393069962477, 1.2048952705207006e-05]
[-2.7697041511093312e-05, 1.134945285313771e-05]
[-8.204633384682053e-05, -5.784162572963769e-05]
[-8.417924702681934e-05, -5.783812029305779e-05]
[-2.818739557927663e-05, -1.648128052356146e-05]
[-0.00013777441664888923, -1.5650476763190424e-05]
[-6.695524504589379e-05, 6.547327904155714e-05]
[-9.710851755341532e-05, 6.552239885562056e-05]
[-0.00013173761771842485, 4.648848237807923e-05]
[-3.336259410199882e-05, 4.55456453604397e-05]
[-0.00011181594150068419, -4.136069128760078e-05]
[-5.2475244848637637e-05, -4.158851502955585e-05]
[-4.313042703892045e-05, -4.620083901160643e-05]
[-0.0001212126937092245, -4.568265326551635e-05]
[-4.040856623063749e-05, 4.0233122200153404e-05]
[-0.00012187927758280925, 4.0911062224285866e-05]
[-0.00010742693176846174, 6.920525602807821e-05]
[-5.5314617036811287e-05, 6.828351380783367e-05]
[-0.00012929966719418817, -1.0108813301767938e-05]
[-3.297059379306355e-05, -1.0511142248564864e-05]
[-7.056364153948391e-05, -6.0064115977975785e-05]
[-9.200602029791477e-05, -6.0032033910889515e-05]
[-2.980682071687668e-05, 4.825671754957184e-06]
[-0.0001310024345871491, 5.929828538392412e-06]
[-7.534239987157937e-05, 7.316498868614046e-05]
[-8.5153558084302e-05, 7.249814008841726e-05]
[-0.00012881357753236067, 2.6028757070944986e-05]
[-3.140258172690258e-05, 2.5581509868533026e-05]
[-0.00010039636102858462, -5.393308684742415e-05]
[-6.018171968043273e-05, -5.442736860050701e-05]
[-3.782515422018351e-05, -2.9689432072682598e-05]
[-0.00012166432784115055, -2.847063963634655e-05]
[-4.631685081292469e-05, 5.73769025174059e-05]
[-0.00011214098904015202, 5.71015588808621e-05]
[-0.00011080870764537676, 5.578902756046833e-05]
[-4.740388667523465e-05, 5.544971344112817e-05]
[-0.00012204427192066825, -3.005927242596962e-05]
[-3.633937058361569e-05, -3.0969282741794e-05]
[-6.088936369617881e-05, -5.2733303083807304e-05]
[-9.726878337702055e-05, -5.172898895008937e-05]
[-2.9873565232402255e-05, 2.7088108603301464e-05]
[-0.0001267808287935407, 2.7212813322435858e-05]
[-8.156040498228517e-05, 7.015402895084108e-05]
[-7.477957098335486e-05, 7.004043464610421e-05]
[-0.0001279154405048749, 3.7674598952069926e-06]
[-2.8162609714443843e-05, 2.6745088910207215e-06]
[-9.050104808864742e-05, -5.7568414565528636e-05]
[-6.616378651054522e-05, -5.703209911794849e-05]
[-3.113409250676824e-05, -8.026521447268564e-06]
[-0.00012390920956019402, -7.60961522899839e-06]
[-5.096786004625542e-05, 6.517195235474817e-05]
[-0.00010367513593656508, 6.532083877613774e-05]
[-0.00011583882646358512, 3.6828142925101476e-05]
[-3.796376454892614e-05, 3.5840187429365955e-05]
[-0.00011613647125910398, -4.335218216955372e-05]
[-3.878653778825736e-05, -4.33946537617691e-05]
[-4.923173758969446e-05, -3.70510234997401e-05]
[-0.00010430144844127132, -3.651907878099436e-05]
[-2.9222342226770115e-05, 4.30873760155423e-05]
[-0.00012388877227133277, 4.343755899319929e-05]
[-8.967100909056808e-05, 5.896212936732509e-05]
[-6.203389545553217e-05, 5.833739339317599e-05]
[-0.00012874285012413889, -1.5253031631329295e-05]
[-2.4190062351076014e-05, -1.581998795310846e-05]
[-7.771112734828584e-05, -5.133465444426277e-05]
[-7.43074746978982e-05, -5.086974052409543e-05]
[-2.3451475870378546e-05, 1.1456858074673781e-05]
[-0.00012822751672261767, 1.1867738931997662e-05]
[-5.792419705827334e-05, 6.378992897465227e-05]
[-9.196877443655438e-05, 6.368039321629285e-05]
[-0.00012368434490026003, 1.7362831185245564e-05]
[-2.7092923956278936e-05, 1.64638849531884e-05]
[-0.00010674048854283913, -4.7182660395300724e-05]
[-4.3676569905296e-05, -4.691245361534979e-05]
[-3.542967453712409e-05, -1.9416934492005877e-05]
[-0.00011481726770935785, -1.9117411286823094e-05]
[-3.0902998705478746e-05, 5.064045762648642e-05]
[-0.000117497859157073, 5.1047313379813664e-05]
[-0.00010219347165574266, 4.404430071961764e-05]
[-4.6398772595726556e-05, 4.3078541601768855e-05]
[-0.00012638033465965648, -2.688582956045238e-05]
[-2.231525216025987e-05, -2.68486479410579e-05]
[-6.107549851745026e-05, -3.98651777408221e-05]
[-8.76390185957851e-05, -3.9819499814547354e-05]
[-1.730984566766791e-05, 2.459348227432101e-05]
[-0.00012986718117420637, 2.536822966983654e-05]
[-7.088784893214024e-05, 5.6634150570122194e-05]
[-7.56358075442963e-05, 5.585716258514964e-05]
[-0.00012982683160973896, 2.2013286716249247e-06]
[-1.7051707563359164e-05, 2.057326164581208e-06]
[-9.186247301743236e-05, -4.3937557575951525e-05]
[-5.515331268494961e-05, -4.4205653293216685e-05]
[-2.143059933207292e-05, -5.330189344759928e-06]
[-0.00012466829607195307, -4.439579452564235e-06]
[-3.9547583016830146e-05, 5.181859045030532e-05]
[-0.00010513498131393961, 5.140312751111646e-05]
[-0.00011557953101254403, 3.0187737398046366e-05]
[-2.9455467388722623e-05, 2.9973516243470694e-05]
[-0.00011764781433071247, -3.120393861377746e-05]
[-2.7496335487570134e-05, -3.173687409174786e-05]
[-4.1800811895642553e-05, -2.9201229703096354e-05]
[-0.0001032082489564462, -2.8473613291196687e-05]
[-1.7907073140505103e-05, 3.2045861937578246e-05]
[-0.0001252068474270479, 3.203923359074157e-05]
[-8.785334465340189e-05, 4.7922435265974894e-05]
[-5.539779813551471e-05, 4.775829878902321e-05]
[-0.0001299751525513232, -6.723050135368225e-06]
[-1.3182826259561242e-05, -7.373269076738076e-06]
[-7.175549386825159e-05, -3.942740116077981e-05]
[-7.200640047049997e-05, -3.908499566174228e-05]
[-1.2517899375341646e-05, 4.557548590522487e-06]
[-0.00012926936129686872, 4.880502189844038e-06]
[-5.513655921345062e-05, 4.99433014674866e-05]
[-8.646123626685279e-05, 4.9909241844073304e-05]
[-0.0001247737623037426, 2.0766495351931535e-05]
[-1.6390926392578775e-05, 2.0200740193043742e-05]
[-0.00010164803902115715, -3.315730691830221e-05]
[-4.061806407971991e-05, -3.3300963807936235e-05]
[-2.4694505845274106e-05, -2.1108018891297098e-05]
[-0.00011591657366687158, -2.0623588689566708e-05]
[-2.7397767781364712e-05, 3.6151761986340236e-05]
[-0.00011270687230686971, 3.625593488244122e-05]
[-0.00010359430121218566, 4.1803935318919516e-05]
[-3.569376367038024e-05, 4.15138499641754e-05]
[-0.00012198911930959289, -1.3083908815103573e-05]
[-1.852120376266697e-05, -1.3666399261896833e-05]
[-5.018367115981054e-05, -3.6295261238245e-05]
[-8.928136606717318e-05, -3.58444150524162e-05]
[-1.2870309159057625e-05, 1.1701543319600494e-05]
[-0.0001258796080340907, 1.1877782239433365e-05]
[-7.301174783381006e-05, 4.9326622434512496e-05]
[-6.46174894303915e-05, 4.942876665078519e-05]
[-0.00012647484623880267, 1.3575493644960024e-05]
[-1.208943270269991e-05, 1.2730983498118742e-05]
[-8.062901514682003e-05, -3.604715219146515e-05]
[-5.7609824991332326e-05, -3.5787141900389674e-05]
[-1.5459496422315366e-05, -1.4820650826252724e-05]
[-0.00012200933596837049, -1.4686003579289508e-05]
[-4.2425736379275714e-05, 4.09362511569096e-05]
[-9.380818240234401e-05, 4.143018229740836e-05]
[-0.00011393077304028276, 3.755071018916173e-05]
[-2.262496739191544e-05, 3.669371228793086e-05]
[-0.00010632124705896306, -2.065197870632085e-05]
[-3.0543886203368564e-05, -2.0655463644159155e-05]
[-3.359461076773984e-05, -3.42932162881171e-05]
[-0.00010258275725066185, -3.431536648185185e-05]
[-2.1000840588841774e-05, 1.9593692161146148e-05]
[-0.00011407575731117725, 2.035574495903858e-05]
[-8.856862581545222e-05, 5.0607399976913825e-05]
[-4.606231607704597e-05, 4.9983328755102974e-05]
[-0.0001193211672499278, 4.553343233251739e-06]
[-1.6015189265888852e-05, 4.313378970582926e-06]
[-6.086380024223487e-05, -4.007146074991308e-05]
[-7.393912155888305e-05, -4.031905198012553e-05]
[-1.4750970551508091e-05, -7.450050879764802e-06]
[-0.00011931599876702226, -6.633943120504249e-06]
[-5.8509740776632735e-05, 4.8236806388744086e-05]
[-7.440126279464193e-05, 4.801410996808225e-05]
[-0.00011594208522494598, 3.102275459734849e-05]
[-1.7759137882544795e-05, 3.065381814467555e-05]
[-8.818751740011926e-05, -3.01320208294098e-05]
[-4.512342928716939e-05, -3.059455833215319e-05]
[-2.4703810361292877e-05, -3.110331310099412e-05]
[-0.00010837295546713144, -3.0475357924941715e-05]
[-3.308917486490037e-05, 3.1080769633241856e-05]
[-9.83685420061775e-05, 3.1304000612370625e-05]
[-9.780716486826324e-05, 4.9852533661996073e-05]
[-3.423614154164645e-05, 4.949798244093667e-05]
[-0.00010679518257619702, -7.670546575161419e-06]
[-2.49230587122673e-05, -8.253646678196835e-06]
[-4.6712249177183196e-05, -4.344056409202879e-05]
[-8.526637469792597e-05, -4.3198505094599327e-05]
[-1.9836489152130765e-05, 4.6538802296186565e-06]
[-0.00011042221969043142, 5.235880843487695e-06]
[-7.117426817734168e-05, 5.46991131540539e-05]
[-5.9275640229823276e-05, 5.448474528133712e-05]
[-0.00011102693871022085, 2.001135515884711e-05]
[-1.906124671988141e-05, 1.9460268901497213e-05]
[-7.29356656478837e-05, -4.0279367167883606e-05]
[-5.774912578455221e-05, -4.0516060849704605e-05]
[-2.2113721362709837e-05, -2.251485782475693e-05]
[-0.00010712192458403602, -2.176097113285036e-05]
[-4.478675516415842e-05, 4.381527903010371e-05]
[-8.419537100871899e-05, 4.380580501565923e-05]
[-0.0001000607471148135, 4.393622573837727e-05]
[-2.8448680183534858e-05, 4.3579769640398475e-05]
[-9.447420708678933e-05, -2.2499191151964526e-05]
[-3.4699351729020056e-05, -2.3173178373719905e-05]
[-3.8157135970634526e-05, -4.168905115600752e-05]
[-9.011473569254386e-05, -4.098966374616042e-05]
[-2.6978749997103035e-05, 2.0561240437165507e-05]
[-0.0001006773079707396, 2.0740948398295656e-05]
[-7.803242475083044e-05, 5.6385390538718494e-05]
[-4.903277182208288e-05, 5.634154494681479e-05]
[-0.00010427815014299457, 4.302535353856163e-06]
[-2.32170758768524e-05, 3.356292402861838e-06]
[-6.179932328163017e-05, -4.675411215293579e-05]
[-6.545068697105805e-05, -4.6306368941151366e-05]
[-2.298783112972269e-05, -7.746561203628155e-06]
[-0.00010345303650335924, -7.463565681598006e-06]
[-5.254765055325711e-05, 5.3378224621994375e-05]
[-7.325600665763002e-05, 5.3677658523744454e-05]
[-9.938490803762523e-05, 3.167564130661382e-05]
[-2.6371000018080015e-05, 3.069816124727509e-05]
[-8.459898631635321e-05, -3.615298208711759e-05]
[-4.1488419847052205e-05, -3.606892593435718e-05]
[-3.333969289032179e-05, -3.224560046988234e-05]
[-9.19337838521106e-05, -3.198056243919334e-05]
[-3.2105194928452874e-05, 3.590228039623486e-05]
[-9.261424008891184e-05, 3.647255313735803e-05]
[-8.17745651173693e-05, 5.1072802644091045e-05]
[-4.230987043002399e-05, 5.031127605802273e-05]
[-9.865646788920213e-05, -1.3319439432474267e-05]
[-2.6102058891461222e-05, -1.3599357493704334e-05]
[-5.3803300983368274e-05, -4.5393975728086344e-05]
[-7.028070914819051e-05, -4.525732106483438e-05]
[-2.329171001416719e-05, 9.520023485989904e-06]
[-0.00010046107738094501, 1.0202858272523319e-05]
[-5.759744766794042e-05, 5.6588955940951174e-05]
[-6.499536952220275e-05, 5.622603490924513e-05]
[-9.918684358110885e-05, 1.450257292417989e-05]
[-2.41112428579493e-05, 1.396120900275244e-05]
[-7.689564417783304e-05, -4.335962923976422e-05]
[-4.5927021678118796e-05, -4.3410178224539964e-05]
[-2.866382245164667e-05, -1.7489976948031893e-05]
[-9.414322048936774e-05, -1.689300009838357e-05]
[-3.5059890718766584e-05, 4.6800891146479145e-05]
[-8.628268065879324e-05, 4.690433838426544e-05]
[-8.602082216564721e-05, 3.864172574326308e-05]
[-3.576422820310288e-05, 3.8004799729748906e-05]
[-9.441355178307909e-05, -2.7170910673224302e-05]
[-2.7064932157525035e-05, -2.7394834950345004e-05]
[-4.5991043179469115e-05, -3.682917711675393e-05]
[-7.578782867244394e-05, -3.649659270762995e-05]
[-2.1683296046098866e-05, 2.513140418475973e-05]
[-9.864388624380993e-05, 2.563873578861897e-05]
[-6.356859023029515e-05, 5.179247677486454e-05]
[-5.674514253758978e-05, 5.123359855910975e-05]
[-0.00010014809552394421, -2.282637715317337e-06]
[-1.9935447729491074e-05, -2.599288049534576e-06]
[-6.907768027013608e-05, -4.282642329794806e-05]
[-5.151397386611925e-05, -4.28615070993954e-05]
[-2.1840157984537312e-05, -1.3497629166164815e-06]
[-9.763555403538571e-05, -6.080144489412076e-07]
[-3.928959873054916e-05, 5.031051883592694e-05]
[-7.967240560344258e-05, 4.99578154669663e-05]
[-9.189526691201488e-05, 2.326959138419793e-05]
[-2.6806033635140558e-05, 2.2977393332276885e-05]
[-8.986522705253797e-05, -3.4184181886165455e-05]
[-2.9355871426883784e-05, -3.4581987968879124e-05]
[-3.53628288415897e-05, -2.4269586171521418e-05]
[-8.331308974234009e-05, -2.351621835261497e-05]
[-2.1194887879133484e-05, 3.528166126864907e-05]
[-9.657213684025057e-05, 3.5183655188075064e-05]
[-7.212272602304115e-05, 4.150190388453427e-05]
[-4.528058600807017e-05, 4.1344064840296776e-05]
[-0.00010110708597477203, -1.4279748935155934e-05]
[-1.6597602425311164e-05, -1.4927321163815677e-05]
[-5.7657287593410045e-05, -3.66605280438248e-05]
[-6.015193386161091e-05, -3.610484226229671e-05]
[-1.5211913181850667e-05, 1.20463341458793e-05]
[-0.00010150403056351232, 1.2166396402252255e-05]
[-4.710097794608653e-05, 4.70355868773531e-05]
[-6.914159565031205e-05, 4.707305677048232e-05]
[-9.873542518791523e-05, 1.0044468809589091e-05]
[-1.7396271115716067e-05, 9.33443354884933e-06]
[-8.125780482046846e-05, -3.515320747482509e-05]
[-3.552860406581121e-05, -3.493162582973719e-05]
[-2.327041088119597e-05, -1.1632845533737779e-05]
[-9.248334719665074e-05, -1.1393848494245518e-05]
[-2.4809110208051655e-05, 3.874939468185429e-05]
[-9.04237465576413e-05, 3.896947239405424e-05]
[-8.315644184277854e-05, 3.0777987970860565e-05]
[-3.146028712364135e-05, 3.021034948469392e-05]
[-9.829241769815367e-05, -2.095689575312698e-05]
[-1.7280675714326232e-05, -2.109855091136925e-05]
[-4.271783789601413e-05, -2.8138742155708885e-05]
[-7.208693564054319e-05, -2.790121384857458e-05]
[-1.2316748703694591e-05, 2.0017337420810688e-05]
[-0.00010202460622962817, 2.0334980790237545e-05]
[-5.907195321942435e-05, 4.136043000867867e-05]
[-5.4193077735367745e-05, 4.1095327890792316e-05]
[-0.00010304375591640991, 6.619068365076863e-07]
[-1.1153721014414697e-05, 2.354748641769655e-07]
[-6.723072298436134e-05, -3.2456551668141875e-05]
[-4.656907479669292e-05, -3.231753692373163e-05]
[-1.3500602242047521e-05, -2.5131345857409837e-06]
[-9.9996812589917e-05, -2.2279344706055415e-06]
[-3.391022822634565e-05, 3.876691259696065e-05]
[-7.823017265046542e-05, 3.8871348924473734e-05]
[-9.377382288655589e-05, 2.2200850470908973e-05]
[-1.8964926605608e-05, 2.1643655653501986e-05]
[-8.890071314190257e-05, -2.3727624742175824e-05]
[-2.3798925951293293e-05, -2.3728249206184104e-05]
[-2.7829726478884043e-05, -2.1174380016031336e-05]
[-8.478493064768833e-05, -2.1052102852858745e-05]
[-1.5397943403008818e-05, 2.4397006362038287e-05]
[-9.584778280298523e-05, 2.4825220931029568e-05]
[-7.323479243680556e-05, 3.6424745386438515e-05]
[-3.806574270302787e-05, 3.591363581134134e-05]
[-0.00010079981905075641, -5.417054766546081e-06]
[-1.0707304583218447e-05, -5.532573808225694e-06]
[-5.059409662817177e-05, -2.981007477459441e-05]
[-6.10251240943209e-05, -2.9935010423198793e-05]
[-9.073503754050694e-06, 3.5048481926147623e-06]
[-0.0001014486309682816, 4.113336482605701e-06]
[-4.7723551585623913e-05, 3.8724027449300175e-05]
[-6.225472710408991e-05, 3.840276705179002e-05]
[-9.91872472886346e-05, 1.5929108834925043e-05]
[-1.107676724709794e-05, 1.5774378676225442e-05]
[-7.44771256149801e-05, -2.5757254265679208e-05]
[-3.5997607084115035e-05, -2.6134637154673346e-05]
[-1.654632308357995e-05, -1.66138473129962e-05]
[-9.332056628175156e-05, -1.6021654591608092e-05]
[-2.5011183070772214e-05, 2.8566272953552824e-05]
[-8.381979411677121e-05, 2.8503983028962954e-05]
[-8.465174566596456e-05, 3.2903566398966716e-05]
[-2.4382710573242483e-05, 3.280288371547771e-05]
[-9.193994363050628e-05, -1.0646218256554763e-05]
[-1.725565023501241e-05, -1.1194761292132593e-05]
[-3.5050639589057075e-05, -2.9063355770880817e-05]
[-7.411367034897837e-05, -2.867687291244203e-05]
[-1.183597910826839e-05, 9.587740467782713e-06]
[-9.602984681197912e-05, 9.76379937111388e-06]
[-6.184075752448635e-05, 3.969289149741845e-05]
[-4.6040336543234917e-05, 3.971796892046284e-05]
[-9.763281844296645e-05, 1.0218177864632083e-05]
[-1.0211144585714482e-05, 9.645024841659078e-06]
[-5.8413829160358643e-05, -2.9611711383298323e-05]
[-4.9906209045075256e-05, -2.9556153908871785e-05]
[-1.1776549901545974e-05, -1.1678033778272923e-05]
[-9.526332859044473e-05, -1.135956394179849e-05]
[-3.789095148132304e-05, 3.396485835049923e-05]
[-6.895140100951491e-05, 3.4135350014161125e-05]
[-9.005524716551583e-05, 2.9665212227966004e-05]
[-1.645590426868626e-05, 2.923542878001395e-05]
[-7.909989854437693e-05, -1.804348639111719e-05]
[-2.8188197925924086e-05, -1.8343399240644542e-05]
[-2.4183145837561315e-05, -2.7995278122694423e-05]
[-8.209408704196869e-05, -2.7668197516261817e-05]
[-2.009198223905384e-05, 1.7584568230803732e-05]
[-8.582677003116101e-05, 1.7857227107384577e-05]
[-7.194404980776295e-05, 4.104628532285853e-05]
[-3.334520333755919e-05, 4.0896571047922825e-05]
[-9.06480296987422e-05, 1.822151381045134e-06]
[-1.5434611544573595e-05, 1.248108598667086e-06]
[-4.4490337032129096e-05, -3.381389923276523e-05]
[-6.1005055862317636e-05, -3.3602908546426224e-05]
[-1.3552577482353612e-05, -4.052451572159055e-06]
[-9.152031630413338e-05, -3.770958148685555e-06]
[-4.929002414573447e-05, 4.041471556987669e-05]
[-5.495203699284676e-05, 4.060574661999411e-05]
[-8.971167948118586e-05, 2.3430819467637476e-05]
[-1.5059565913744244e-05, 2.2743030559886634e-05]
[-6.578163106323726e-05, -2.7070376059451506e-05]
[-3.8850201323673006e-05, -2.7050448620724588e-05]
[-1.962196714662412e-05, -2.3829141237469154e-05]
[-8.462099795163158e-05, -2.3650139116954128e-05]
[-2.932897505822374e-05, 2.7791675981887753e-05]
[-7.40556298779102e-05, 2.828586338212563e-05]
[-7.704848347387522e-05, 3.966519341679943e-05]
[-2.6403857350948412e-05, 3.9053277433427624e-05]
[-8.107470759011193e-05, -9.826287171527115e-06]
[-2.258747597960742e-05, -1.0001291067901485e-05]
[-3.556036496326492e-05, -3.525046078073357e-05]
[-6.780461868686333e-05, -3.526307945869722e-05]
[-1.81776873933448e-05, 7.121730239159629e-06]
[-8.450022138541124e-05, 7.790997669038235e-06]
[-5.716330506806179e-05, 4.5170244346730976e-05]
[-4.50609791136751e-05, 4.479616824736021e-05]
[-8.557372223574888e-05, 1.2443647035648153e-05]
[-1.7030902432990658e-05, 1.2137161362862914e-05]
[-5.5538262134689764e-05, -3.455156333498355e-05]
[-4.685774839784107e-05, -3.4788557757792216e-05]
[-1.888688368001379e-05, -1.5046503385574006e-05]
[-8.315382446080766e-05, -1.4384874988726537e-05]
[-3.674833206541994e-05, 3.807440588353417e-05]
[-6.440752404646144e-05, 3.802606357664398e-05]
[-7.81610220409873e-05, 3.2661000076761315e-05]
[-2.334880775349546e-05, 3.232755225767228e-05]
[-7.261263204294544e-05, -2.1890366035004494e-05]
[-2.871763174314146e-05, -2.231214551839944e-05]
[-3.053281051379475e-05, -3.170623354534219e-05]
[-7.084163948478661e-05, -3.123652593781112e-05]
[-2.245057224262159e-05, 2.0558448928433004e-05]
[-7.781664374639785e-05, 2.0827402768340553e-05]
[-6.166148149128192e-05, 4.444635582044609e-05]
[-3.8779157843095435e-05, 4.4192879599806376e-05]
[-8.10188348696339e-05, -1.2528890747098842e-06]
[-1.918364594766242e-05, -1.7558590723332212e-06]
[-4.8620310088506175e-05, -3.765642262684721e-05]
[-5.1973384131433556e-05, -3.751044509606172e-05]
[-1.8704399477806333e-05, -1.8935144334847331e-06]
[-8.082233837462816e-05, -1.4044115534961321e-06]
[-4.18195853090636e-05, 4.416190945565057e-05]
[-5.7629253646402506e-05, 4.406043654676256e-05]
[-7.80278627285913e-05, 2.087683834828269e-05]
[-2.1049344159390637e-05, 2.0429723371330477e-05]
[-6.663973574869142e-05, -3.1149197171814746e-05]
[-3.301261661382837e-05, -3.1367874975207766e-05]
[-2.6331233002552246e-05, -2.2297043029889663e-05]
[-7.253274443130842e-05, -2.1739890777777715e-05]
[-2.53478344615643e-05, 3.20379559283733e-05]
[-7.320925528023214e-05, 3.2102342780986753e-05]
[-6.477427316106676e-05, 3.763145168343349e-05]
[-3.325317946002715e-05, 3.7367593250309944e-05]
[-7.824883391359394e-05, -1.4398437743243231e-05]
[-2.03087451349504e-05, -1.4920689004938037e-05]
[-4.234607572627114e-05, -3.442417419263766e-05]
[-5.584787714457695e-05, -3.395779905979168e-05]
[-1.7699309238117245e-05, 1.2035236087240553e-05]
[-8.00526900427978e-05, 1.2219360557466641e-05]
[-4.580568097202822e-05, 4.3962731127063226e-05]
[-5.1304106608226e-05, 4.395831134642106e-05]
[-7.935789028941376e-05, 7.195202399556955e-06]
[-1.8009196778967507e-05, 6.513163383028986e-06]
[-6.1010697108329626e-05, -3.477769328524838e-05]
[-3.6433870278733405e-05, -3.4520555286521315e-05]
[-2.1294303815963533e-05, -9.489876131696384e-06]
[-7.569602655295438e-05, -9.272629447068526e-06]
[-2.7524513244753246e-05, 3.821916599241332e-05]
[-6.88196859421411e-05, 3.8472898805007316e-05]
[-6.944121099974887e-05, 2.682995511515962e-05]
[-2.6729695480912086e-05, 2.6171161446212482e-05]
[-7.576782591475761e-05, -2.365109298899104e-05]
[-2.0810543209071053e-05, -2.364978421462438e-05]
[-3.476991141132535e-05, -2.5864576741474465e-05]
[-6.144588035818938e-05, -2.570804251689207e-05]
[-1.6049456189090594e-05, 2.260088672352556e-05]
[-7.965609367245607e-05, 2.3032069315809256e-05]
[-5.1661524275790904e-05, 3.850455319285781e-05]
[-4.3401940403010875e-05, 3.8037272251986026e-05]
[-8.141127388221203e-05, -4.9494806857453e-06]
[-1.4190763782548355e-05, -5.171619106639214e-06]
[-5.347885847169567e-05, -3.223822319750602e-05]
[-4.1901433642041117e-05, -3.220846496881924e-05]
[-1.5203155234747023e-05, 2.3664098440651093e-06]
[-7.992654131518118e-05, 2.838414197708916e-06]
[-3.178678068807561e-05, 3.891751981436459e-05]
[-6.232801449252215e-05, 3.874724899036522e-05]
[-7.578170608583956e-05, 1.514684675621436e-05]
[-1.8779500699589446e-05, 1.479471012851008e-05]
[-7.105408556962178e-05, -2.7088984762280166e-05]
[-2.3408032369165443e-05, -2.720000536429734e-05]
[-2.527941088345531e-05, -1.592837765054811e-05]
[-6.925313267898414e-05, -1.5566304125080865e-05]
[-1.627143588056601e-05, 2.845694769665688e-05]
[-7.707835660590578e-05, 2.859874905123197e-05]
[-6.0444082382114794e-05, 3.0221899905419694e-05]
[-3.307896338380911e-05, 2.9858733836663973e-05]
[-8.15125959921642e-05, -1.2624712591058351e-05]
[-1.1962074090002273e-05, -1.2833367631664983e-05]
[-4.2978778005492435e-05, -2.657081826701324e-05]
[-5.0857275179890665e-05, -2.6436580780136998e-05]
[-1.0139369072389992e-05, 1.0979136445737891e-05]
[-8.260236742531346e-05, 1.1358009656181611e-05]
[-4.014260103726505e-05, 3.5693634121237994e-05]
[-5.241026549484412e-05, 3.5423350247573704e-05]
[-8.120591089169626e-05, 6.029007134533693e-06]
[-1.125679684368941e-05, 5.807168571923815e-06]
[-6.251554916479954e-05, -2.651183221247244e-05]
[-3.0477376050989935e-05, -2.6653267591686403e-05]
[-1.535945141753481e-05, -7.527980085464403e-06]
[-7.6862270926778e-05, -7.049833728345334e-06]
[-2.122908755032571e-05, 3.0243970605282888e-05]
[-7.046358831249572e-05, 3.0123332806056974e-05]
[-6.998582112420493e-05, 2.256603279722491e-05]
[-2.1501543689794733e-05, 2.242558057755084e-05]
[-7.751881857738507e-05, -1.6283205065303896e-05]
[-1.4483207149529331e-05, -1.6662515609860984e-05]
[-3.023365510339271e-05, -2.0941499742271885e-05]
[-6.146698101613945e-05, -2.051990318885366e-05]
[-9.590486261576436e-06, 1.6159386892117267e-05]
[-8.13581233578553e-05, 1.6184382698236632e-05]
[-5.121913174185172e-05, 3.158035870808387e-05]
[-3.938592296207771e-05, 3.1590376890267e-05]
[-8.309884919656396e-05, 2.6732759961234365e-07]
[-7.810721471171456e-06, -2.375741051247049e-07]
[-4.998084388614654e-05, -2.500001339131308e-05]
[-4.1115668867781896e-05, -2.4760965941894586e-05]
[-8.754821165218862e-06, -1.5061956335632454e-06]
[-8.15361494208855e-05, -1.3921949767736752e-06]
[-3.0664320833699577e-05, 3.0308390986687195e-05]
[-5.918315741713226e-05, 3.0484981909479833e-05]
[-7.740657912429227e-05, 1.7313782432540337e-05]
[-1.238902024938704e-05, 1.6835600697304165e-05]
[-6.830896683420601e-05, -1.8652069565278095e-05]
[-2.2049687247560623e-05, -1.8655645371123963e-05]
[-1.8785958429787253e-05, -1.6651031736508726e-05]
[-7.088031731140171e-05, -1.6531447304291014e-05]
[-1.4591611691094908e-05, 1.947355769914283e-05]
[-7.461799439328898e-05, 1.9770301211818192e-05]
[-6.218928302860471e-05, 2.9006983333735442e-05]
[-2.6560654290033736e-05, 2.870085848994189e-05]
[-7.945170075281116e-05, -4.331089632922391e-06]
[-1.0029486369592111e-05, -4.557640381069872e-06]
[-3.631194878369812e-05, -2.415172348499417e-05]
[-5.27048055958719e-05, -2.4103167410916004e-05]
[-7.766649142940119e-06, 2.9757935269131286e-06]
[-8.088320045689101e-05, 3.295964545096952e-06]
[-4.217864647197006e-05, 3.139944882713311e-05]
[-4.566651500394897e-05, 3.135889134488201e-05]
[-8.000395606772015e-05, 1.2912601448755723e-05]
[-8.498346470334206e-06, 1.2550793740601085e-05]
[-5.565906823766162e-05, -2.1531076055236742e-05]
[-3.2641352299536686e-05, -2.1594078126269123e-05]
[-1.1951692885911469e-05, -1.3451684931997665e-05]
[-7.61508706907249e-05, -1.3224711740339457e-05]
[-2.3528141420953164e-05, 2.3713988060523883e-05]
[-6.358683863189052e-05, 2.395192507319982e-05]
[-6.99669404993844e-05, 2.7119592592560887e-05]
[-1.7523099281852028e-05, 2.674617787026823e-05]
[-7.070645786243224e-05, -9.731120994449505e-06]
[-1.6798430470282844e-05, -9.895339462634434e-06]
[-2.5399606358791904e-05, -2.4162487044315784e-05]
[-6.20992860816405e-05, -2.4126453471079445e-05]
[-1.1820510000815077e-05, 8.554084434245213e-06]
[-7.472416401639592e-05, 8.999009441554295e-06]
[-5.2679212125053554e-05, 3.339848884780297e-05]
[-3.3840462697727614e-05, 3.313160682164029e-05]
[-7.684990379495937e-05, 7.245039624931282e-06]
[-9.800521319491828e-06, 7.036304528446058e-06]
[-4.348646801384699e-05, -2.545858101052345e-05]
[-4.3302695402452906e-05, -2.5658004743800422e-05]
[-1.029624265334872e-05, -8.995066440656285e-06]
[-7.578015784147352e-05, -8.477078469168453e-06]
[-3.367603047281509e-05, 2.9523969855222224e-05]
[-5.1974169180655366e-05, 2.943909658150584e-05]
[-7.243882927648881e-05, 2.368725140121028e-05]
[-1.334268275395012e-05, 2.3515262392203445e-05]
[-6.025767885564637e-05, -1.6787539259432993e-05]
[-2.570177475168245e-05, -1.7195416251614137e-05]
[-1.8871036212869674e-05, -2.306456468531559e-05]
[-6.675644473370934e-05, -2.262907241007417e-05]
[-1.88651232291559e-05, 1.6641425548798855e-05]
[-6.604221909101149e-05, 1.6750084716736502e-05]
[-5.9232399512786776e-05, 3.407147794402994e-05]
[-2.5717706643710314e-05, 3.401100230814892e-05]
[-7.037087469097258e-05, -8.956761314016237e-07]
[-1.4665942916977648e-05, -1.4177512967922246e-06]
[-3.424485534512384e-05, -2.8933888661181184e-05]
[-5.0870928107554086e-05, -2.871133831375272e-05]
[-1.2621091720760313e-05, -1.1375865444918087e-06]
[-7.165706778064496e-05, -8.873058311847926e-07]
[-4.174628641895675e-05, 3.486766261267746e-05]
[-4.245028196640799e-05, 3.49578109523456e-05]
[-7.079984617852642e-05, 1.709730149540567e-05]
[-1.3281486606286919e-05, 1.6596443887732792e-05]
[-5.104649853919507e-05, -2.4564975682539458e-05]
[-3.343771952008662e-05, -2.4622413746816507e-05]
[-1.6416027301485725e-05, -1.810113489841836e-05]
[-6.730227288638535e-05, -1.7803614314693128e-05]
[-2.5723103369207356e-05, 2.5675519461355184e-05]
[-5.7811812514636796e-05, 2.59029116354767e-05]
[-6.175262811423943e-05, 3.138557714134696e-05]
[-2.1414773653721797e-05, 3.10424539353045e-05]
[-6.362330677545103e-05, -1.1245325412481688e-05]
[-2.0093515835664655e-05, -1.1568069181483454e-05]
[-2.841898198854137e-05, -2.880630275545193e-05]
[-5.474992267699014e-05, -2.856489548172525e-05]
[-1.6239076986557244e-05, 9.328964947340201e-06]
[-6.670841867459365e-05, 9.629348821940664e-06]
[-4.652151357189063e-05, 3.736738086869765e-05]
[-3.5838733410974155e-05, 3.727804804833437e-05]
[-6.788372929442121e-05, 6.856060121906982e-06]
[-1.4957997632944475e-05, 6.357735504655682e-06]
[-4.417512352439951e-05, -2.983826874003448e-05]
[-3.840199900887603e-05, -2.973087867644275e-05]
[-1.606800355141713e-05, -9.049775182012887e-06]
[-6.632289950796177e-05, -8.77171088467521e-06]
[-3.0334189187374017e-05, 3.31217380047915e-05]
[-5.136091697315742e-05, 3.331182128038339e-05]
[-6.25940365401173e-05, 2.4060431385503067e-05]
[-1.9326469736374863e-05, 2.3522386771269305e-05]
[-5.812335083568709e-05, -2.089052154133353e-05]
[-2.3789968169013465e-05, -2.0945632310587214e-05]
[-2.4828748979549564e-05, -2.3724396682522908e-05]
[-5.6982360625686124e-05, -2.35635629977915e-05]
[-1.8598051275728333e-05, 1.9999110432347006e-05]
[-6.256773556490014e-05, 2.0414957001523015e-05]
[-4.9718274664260764e-05, 3.502101775282665e-05]
[-3.130942219087274e-05, 3.4583689447056226e-05]
[-6.544348710635361e-05, -4.826566587928793e-06]
[-1.573594670070677e-05, -5.017126307738096e-06]
[-3.91787301664559e-05, -3.0194066625799376e-05]
[-4.1983887482640106e-05, -3.021248569073931e-05]
[-1.5119845860875336e-05, 2.147775247901551e-06]
[-6.56064007282936e-05, 2.671642106308325e-06]
[-3.370839658855401e-05, 3.643188530550595e-05]
[-4.6518810189216664e-05, 3.619921514717156e-05]
[-6.36262251128561e-05, 1.3281249074542645e-05]
[-1.6779892908394545e-05, 1.3024935143060579e-05]
[-5.3971411938982805e-05, -2.6617247473909034e-05]
[-2.6453661544800777e-05, -2.682163676742677e-05]
[-2.0880681504201193e-05, -1.4854655639828795e-05]
[-5.94240279864211e-05, -1.4369998794450112e-05]
[-1.999410573957916e-05, 2.8053638325798574e-05]
[-5.955899074755466e-05, 2.8064997889818907e-05]
[-5.3259644577974274e-05, 2.7808947944272383e-05]
[-2.6380466061584618e-05, 2.7572566370252793e-05]
[-6.398395001508406e-05, -1.4356285949784775e-05]
[-1.5627649042837533e-05, -1.4693557084347053e-05]
[-3.375609908248811e-05, -2.580812048169623e-05]
[-4.606974682397e-05, -2.5496050718387675e-05]
[-1.3177785603599168e-05, 1.2735635608739082e-05]
[-6.582277941845349e-05, 1.2958716780739343e-05]
[-3.7789355945565435e-05, 3.4387414160907265e-05]
[-4.113718508566219e-05, 3.424190722839046e-05]
[-6.564235342937375e-05, 2.5186830236306745e-06]
[-1.3123506668932805e-05, 2.1460868521727683e-06]
[-4.925714959369207e-05, -2.7544446343591433e-05]
[-2.9976867078788244e-05, -2.74857447598309e-05]
[-1.552741029708926e-05, -4.555659856173011e-06]
[-6.300213210511107e-05, -4.209879350569601e-06]
[-2.2347035576145147e-05, 3.1272228316767126e-05]
[-5.5945370231444413e-05, 3.124968058174776e-05]
[-5.818171772722924e-05, 1.858842058985455e-05]
[-1.9766929244657838e-05, 1.8292030626580746e-05]
[-6.203515700405754e-05, -1.9897338511265517e-05]
[-1.647513616970242e-05, -2.0097829531440237e-05]
[-2.6253920445168388e-05, -1.837119102121587e-05]
[-5.1825286310376584e-05, -1.801724227304402e-05]
[-1.2043501531375234e-05, 1.984215218991947e-05]
[-6.569339208042924e-05, 1.9926402541350918e-05]
[-4.3871787091889075e-05, 2.8851554670051086e-05]
[-3.334647753497344e-05, 2.8721010750154888e-05]
[-6.764850721420468e-05, -5.686666646090299e-06]
[-1.0029488354698635e-05, -6.07779875147485e-06]
[-4.1796893608277846e-05, -2.453683053216249e-05]
[-3.5791446176865714e-05, -2.4277959498497648e-05]
[-1.029034099427062e-05, 4.081074299139287e-06]
[-6.69414227118803e-05, 4.215878273303164e-06]
[-2.7247819133970064e-05, 3.0321145938537117e-05]
[-4.936330999234101e-05, 3.039465007458053e-05]
[-6.401226083489753e-05, 1.0260057623522056e-05]
[-1.278289717221437e-05, 9.798332145968813e-06]
[-5.701118446422432e-05, -2.1463589421039098e-05]
[-2.0003590098474633e-05, -2.1361257006635714e-05]
[-1.7696135031219917e-05, -1.0770127280124164e-05]
[-5.903534984372932e-05, -1.0658675970054432e-05]
[-1.3611054787990295e-05, 2.2937389636153854e-05]
[-6.251791890213992e-05, 2.3188243740115272e-05]
[-5.2063140811631214e-05, 2.271470431918117e-05]
[-2.3873308256303072e-05, 2.231627199381775e-05]
[-6.68560962281961e-05, -1.0594981115386037e-05]
[-9.491656028703943e-06, -1.065392644401808e-05]
[-3.1888356017660546e-05, -1.9939751983860665e-05]
[-4.430115506385418e-05, -1.9914707496737627e-05]
[-7.296540838475085e-06, 9.513562527721509e-06]
[-6.844042420960095e-05, 9.857416804891217e-06]
[-3.5434236752745e-05, 2.7751899270265362e-05]
[-3.973609565070292e-05, 2.7523967562517737e-05]
[-6.803137965281925e-05, 4.1371492401770515e-06]
[-7.5781579273181965e-06, 3.964486788694821e-06]
[-4.8306114412338674e-05, -2.066287056451399e-05]
[-2.7268892344424478e-05, -2.075200597648208e-05]
[-1.0274296488352319e-05, -5.2492622056588e-06]
[-6.509921832809074e-05, -4.9285015865929704e-06]
[-1.9258299090677e-05, 2.3994597519221006e-05]
[-5.528032976648278e-05, 2.398681114730572e-05]
