[481.0450868679136, 18.5736057358676]
[-82.07832566120337, -117.07027770208649]
[3.4717825378441347, -1.9914302786714124]
[2.093111940045368, -14.482334690612483]
[-6.151928431400101, -7.963376830365586]
[-4.081792659078971, -0.622649418258316]
[0.9335708085822905, 2.110502758313352]
[3.6457771443957085, 7.624878077584565]
[0.2327475508214345, -0.19925696835110074]
[-1.790096739357824, -0.21533983088772501]
[1.0349114870231855, 0.0421885359326204]
[1.1782248774806163, -0.7391187723796762]
[3.3461732360582737, -0.5571785997233789]
[0.25538260814762204, -0.7448536815881308]
[0.2162473467041952, -1.1419304174811211]
[1.4170537868351802, -2.2633815556908785]
[0.5680541841040774, -0.7159810420185333]
[1.0575656249845116, 0.009018359366002926]
[-0.21263842161176694, -0.9692849976656106]
[0.5619812513832834, -0.342607756171164]
[-0.5852729225017863, 0.21853884885741515]
[0.6929371625154461, 0.4227788141758708]
[0.24430815933241667, -0.18947634724312046]
[-0.32727902901661965, 0.39921866146453766]
[0.09390214307275935, 0.22878089995911566]
[0.2183397748364484, -0.12434969341043889]
[0.6409130111933239, 0.14325357789183712]
[-0.09013284006494615, -0.05958882190889936]
[0.32652232729931985, -0.3571125374249635]
[0.12293602579924556, -0.5518368621420318]
[0.27838559264458906, -0.045043524935322266]
[0.41722168879578625, -0.16103656068558836]
[0.04220465980413546, -0.3946208244263909]
[0.12598663447568992, -0.20412526271623577]
[-0.19948717427290452, -0.10464312642366469]
[0.3462672796340516, 0.06088743316873213]
[0.07154701147826037, -0.022129388143396156]
[0.012803521825698994, 0.20819146916103204]
[-0.08672207492755224, 0.011210241030304324]
[0.041612901538789604, -0.03416402984802591]
[0.22756868260266927, 0.12786418713938907]
[-0.009038032229139459, 0.08611089819210527]
[0.20132660052352325, -0.07266414950367084]
[-0.028515039067198877, -0.21764708461723314]
[0.10785442584811644, 0.0037582422731159415]
[0.14805743578383745, -0.14034367928908498]
[0.14128277875697592, -0.18483924203136837]
[0.04224920309554303, -0.09294013883665886]
[-0.07889845251533056, -0.09760830947973043]
[0.19698541905158384, -0.069941371931308]
[0.005982878632682542, -0.037806522348725835]
[0.05972343669859548, 0.1087710454988855]
[-0.04359455566601411, -0.05833206545602465]
[0.03347405647963031, 0.011593666028676175]
[0.05570257424723701, 0.10829802523463528]
[0.04254511503193126, 0.06501796876559318]
[0.10539667893455418, -0.016157634183723957]
[-0.06645214753176165, -0.06826880166243887]
[0.06775035634343807, 0.015532445877558754]
[0.06178849548484633, -0.08739549527654389]
[0.12155078933761554, -0.051697461939550826]
[0.013152674990818514, -0.06172477307001095]
[-0.0243536481926743, -0.09808042655958188]
[0.08418663824671957, -0.08890030906007729]
[0.017343037976284892, -0.037334750793953875]
[0.08040071212483024, 0.053712571336359094]
[-0.020336569982167374, -0.05848227844958309]
[0.03292128358369695, 0.0023757473492485026]
[-0.01684155573278462, 0.045966692377901186]
[0.0495167729818739, 0.04416295386441993]
[0.06969783217988534, 0.006638506862702176]
[-0.038431857490154764, 0.006302804315623245]
[0.02737419098826388, 0.026961592659732414]
[0.02149851749720555, -0.06299927328057264]
[0.08128819552866862, -0.003982095770099114]
[-0.007821080053679652, -0.029587021587819118]
[0.023072185468954842, -0.07228109537876398]
[0.031064878076404012, -0.07213430999415121]
[0.013370474504221963, -0.020946343469857687]
[0.07055490066686243, 0.0036504962217838166]
[-0.0008808313009642799, -0.0630393793982229]
[0.02149930965909319, 0.001490835011510816]
[-0.024026933661473016, 0.005893655042719548]
[0.058218191892253524, 0.02378662172701862]
[0.0334795583383537, 0.019449360188841247]
[-0.010005225654747318, 0.024613451987091306]
[0.00331106529411751, 0.011252124309422573]
[-0.002045118136502544, -0.03358153222201499]
[0.05514238712781938, 0.02160451031676147]
[-0.002893143195995096, -0.007106800525412571]
[0.033898645346167156, -0.03730072338611168]
[-0.0019282299373685197, -0.05615772157609883]
[0.010308387031585986, -0.020092852607601464]
[0.04511482101986353, -0.016800452704084035]
[0.02342519957421141, -0.04936243147246633]
[0.02128039047377661, 0.0005010354377543713]
[-0.023171513672323285, -0.013596123316369946]
[0.05110775909546339, -0.002143013823260098]
[0.011335918048163418, 0.009609651292080468]
[0.008258694188427507, 0.03005758237281908]
[0.0008698568558451192, 0.001533683605219327]
[-0.0017109438800844146, -0.012459462362799378]
[0.02296847044484629, 0.03263346972143921]
[0.0018471888997959596, -0.0016262884295275004]
[0.032351864056359814, -0.01890782380145395]
[-0.020574419955360967, -0.0299985557941419]
[0.014674302603416844, -0.012964922206574858]
[0.02821025770201646, -0.02365902702719397]
[0.028808604082362133, -0.028206930937097197]
[0.015604489046504022, -0.006159535050328513]
[-0.01249866714807557, -0.029988542978178434]
[0.034958278743238536, -0.013357433198315283]
[0.006263324117444791, 0.003197751754137501]
[0.02590327610424592, 0.02333262016822446]
[-0.003047736735475287, -0.003300561753994069]
[0.0003630466531607257, -0.005029994309017294]
[0.0008013269366154985, 0.023416075538118086]
[0.004938592234610517, 0.004089519241474937]
[0.029437554964116597, -0.0021655577820580696]
[-0.01935891132031231, -0.008546879611695868]
[0.009819999282717484, -0.004788345958618212]
[0.01081499270053174, -0.026134567398156783]
[0.027947777273046426, -0.015615346595707513]
[0.008095690921105902, -0.004746150618839651]
[0.004537685805366398, -0.030811391073184813]
[0.02343006225056543, -0.018243331569969157]
[0.0007486348803237286, -0.000539600617875502]
[0.030669719915391136, 0.00805684887212843]
[-0.0010794316883990795, -0.011573945049464962]
[0.002617047580116938, 0.0018132433230544365]
[-0.007605088595052906, 0.013563760448450646]
[0.012262132750417098, 0.0040124488992945295]
[0.017216057449613298, 0.008707065640626732]
[-0.014164341786377155, 0.0026291273472534016]
[0.005951423706642256, -0.00449630732594386]
[-0.002301514059784182, -0.01811120549044154]
[0.02544340735815298, -0.0023784297786422215]
[0.00666248753128007, -0.0031127547190049065]
[0.012747961171842126, -0.023489321143561503]
[0.009935095496445556, -0.020170225364527644]
[0.0007529735567414486, -0.007291346797161979]
[0.027120131710903328, -0.0018354872133697908]
[0.005938067188785812, -0.012173182471690747]
[0.008657396518441551, 0.0030099533272263113]
[-0.013073819585327495, 0.0038675129416581022]
[0.013817322257038356, -0.001493936171956145]
[0.007064224516091733, 0.008667186433297447]
[-0.006503868266892032, 0.011047187131726588]
[0.005191276271735545, -0.0023277471829630247]
[-0.005683244259519882, -0.009597675357196467]
[0.01531978181196414, 0.0064866167954533704]
[0.0036604520072178737, -0.0032589568217851195]
[0.017786590790384693, -0.016973337863464166]
[-0.0006018439961435473, -0.01387079095378893]
[0.0049022998053436795, -0.00794336803301296]
[0.022464798184777868, -0.009668806954078124]
[0.008282073211755503, -0.0092814437519807]
[0.009977167549808041, -0.00037643299056366875]
[-0.010895775834303567, -0.007240077383370402]
[0.012300543191694047, -0.0040311322231161295]
[0.0015585560930466702, 0.007667723726301201]
[0.004146525669574241, 0.011923325443552013]
[0.0013084451582080492, -0.0013490483645650642]
[-0.007099870575306949, -0.003737200558798115]
[0.006538710242891876, 0.006980170263982677]
[0.0019017069900031935, -9.744922280940926e-05]
[0.01988388252464046, -0.007013183283597679]
[-0.0038965627874106012, -0.007016697849583753]
[0.005414847415219248, -0.006414305659893649]
[0.013289414884190914, -0.014716360230313086]
[0.010661701706166843, -0.007498418420294806]
[0.009254624498346464, -0.0014045828372378222]
[-0.0037241255696732756, -0.011478055181074365]
[0.011257656128507376, -0.0071955585008254275]
[-0.00404424374353729, 0.004483259210347645]
[0.009780011464081917, 0.0070704102227423515]
[0.00023438280351761875, -0.0038862507827119863]
[-0.005398114449354424, 0.0027322863664467345]
[0.0008709555993940965, 0.006299225874762726]
[0.003590900584872714, 0.0010282630286737593]
[0.015156104644337365, 0.0009472102006223837]
[-0.005511800346784279, -0.0015959451706448746]
[0.006662918104880289, -0.006172736659257327]
[0.004742348118225159, -0.012971608693123748]
[0.012188546846901682, -0.002448136017354413]
[0.00922772492990176, -0.003434178465396398]
[0.001351365262428933, -0.01179682844513641]
[0.006743471487529518, -0.009823640294711]
[-0.004959128985480454, -0.0012852260847059371]
[0.012078077677603494, 0.002669987797810247]
[0.0013906792088804742, -0.003980061433826565]
[-0.00037493941729410674, 0.005032740264302893]
[-0.004659359113661818, 0.002968824459303132]
[0.0035763251384871575, 0.000304098099033423]
[0.009967215105301408, 0.0038245344555203342]
[-0.0038558223154301907, 0.004421404700804654]
[0.0077370174908750755, -0.0032437326950454093]
[0.0001518567437296392, -0.00968320244316212]
[0.009303923881009868, 0.0017010018100471203]
[0.006394396418326814, -0.005332459079737423]
[0.006737922956151499, -0.010684383997241961]
[0.00243337147218331, -0.008416471460407804]
[-0.002754914335316605, -0.003820884068261865]
[0.012608228908320696, -0.0030312310565985268]
[0.0010321513853294162, -0.003991843174360743]
[0.002525244962322537, 0.004112712295218257]
[-0.00566328066239194, -0.0027234335965021783]
[0.0038107464200113905, 0.0007887920784142022]
[0.00522234244569475, 0.005667635056568754]
[0.0008676715387282985, 0.0066176935676343085]
[0.005753169404120184, -0.0011123580608904948]
[-0.0034463196427085285, -0.005699071411737977]
[0.0065822996777655796, 0.002919484984816534]
[0.003937193246433296, -0.004311446258126184]
[0.010370430402212194, -0.005664897053127449]
[0.00032310465745630235, -0.006729791217604225]
[-0.0013364118563171379, -0.005191322743403226]
[0.008862289362454923, -0.007712023908636789]
[0.0023441793296004876, -0.004692704416310034]
[0.00470893826973251, 0.003248451284284415]
[-0.0036262490670253, -0.005726579249709318]
[0.004793759314587809, -0.00044975097834520916]
[-0.00024279739175278592, 0.004489245293631594]
[0.004003583601844357, 0.005846653532500579]
[0.004642294630809396, -0.0009800767037382307]
[-0.0038564250000629463, -0.00027655287407346574]
[0.0038891982469788644, 0.0042357230215271935]
[0.0031078612061500865, -0.0037390970715004412]
[0.009669211218559348, -0.000826018364874781]
[-0.0019865414784574764, -0.004523873420680058]
[0.0015371032012104768, -0.006044682378610555]
[0.004434964613676817, -0.00857628472249454]
[0.00375710740139934, -0.0030195735254117395]
[0.006368502041111168, 0.0004906048075214442]
[-0.001638415061261056, -0.007603682826018143]
[0.0036193394971715254, -0.0020077407954584015]
[-0.002516675264798096, 0.0008372310195937649]
[0.006616768152982511, 0.004567853264550781]
[0.003761663768954912, 1.786703133166423e-05]
[-0.0013647359393981484, 0.00269415345735069]
[0.00018934246753610218, 0.003413995018590965]
[0.0015447028908647797, -0.003036232750842527]
[0.008068416684211765, 0.0021470832498300396]
[-0.002211349073776514, -0.0009292151716733255]
[0.003930530971811841, -0.0040930506905173525]
[0.0010029428297006066, -0.008291509854578605]
[0.003216922745692352, -0.0015887160173815584]
[0.0052048215230408035, -0.002225521545028128]
[0.0019624236967490105, -0.008366588258911678]
[0.0025068891891951717, -0.0019707428959573337]
[-0.002640558294942197, -0.001598128734184967]
[0.00832255075839472, 0.0012071679565499593]
[0.0019125746006362077, -0.00017957281462488428]
[0.0007196847967967934, 0.003765613579826521]
[-0.001224274136593692, 0.0008035186082264723]
[0.001246364937187494, -0.0012347350934077683]
[0.005296598511793482, 0.0048400652411406675]
[-0.00048269199962877596, 0.0009234683022948387]
[0.004048322877053923, -0.0021738630963771266]
[-0.002538006683715177, -0.006364478154258779]
[0.003169640734529855, -0.0008851638361726533]
[0.0036776994506750246, -0.003047676876684405]
[0.004954012091761412, -0.006110501244643601]
[0.001818976000557193, -0.0024150110913910283]
[-0.00228233282889001, -0.003994546780138719]
[0.0070802620891348145, -0.0021115093263156526]
[0.0016795965479632358, -0.0012695967112228423]
[0.003302266686571409, 0.0041245992277566534]
[-0.0013254600353835438, -0.0008277362036417379]
[0.001976371740514904, -0.0008084753620144491]
[0.0012709622276381172, 0.005013842778109456]
[0.000784866719354807, 0.0017044663295908702]
[0.004195493288584373, -0.0008698213666817889]
[-0.003802942175455959, -0.002694887970776272]
[0.0025272374522787855, 0.000648738548322092]
[0.002326702575403683, -0.003834925011171275]
[0.005663066408339079, -0.003516313357368933]
[0.00017591333097669026, -0.0022078160253529294]
[2.949894035838424e-05, -0.00567427791727633]
[0.005123115360282204, -0.003659545920995322]
[0.0018111407462201856, -0.0011637038206765982]
[0.005489613070870147, 0.002272288760402419]
[-0.0011670713340699301, -0.0027258523543632895]
[0.001822482263714842, -0.0007313384964842129]
[-0.0010260683853052371, 0.0031998362799818825]
[0.0026932677026846735, 0.0021347170936676374]
[0.003450153393317723, 0.001005658897977546]
[-0.0030053878419401547, -0.00012084414936996968]
[0.000775997695991737, 0.0009304761553857732]
[0.00020594551335081923, -0.0035742209506231526]
[0.005878568568019715, -0.0011698344279937323]
[-0.00042898741446864563, -0.0008083123334729214]
[0.0022949704588652864, -0.004992474229361735]
[0.0029074840346832165, -0.004796158474662526]
[0.0014259157114741988, -0.0014690326410000953]
[0.0055220313305643365, 3.739237015132346e-05]
[0.0006970582179238183, -0.0041116687370404414]
[0.0021825717802333444, -0.00029819223334126566]
[-0.0022549284438737327, 0.0015110175083132837]
[0.004377113652521747, 0.0007360956081915448]
[0.001627852962982998, 0.0014839334845186958]
[-0.001897571716081084, 0.0017484706614423473]
[5.4688333676888856e-05, 0.00028911517032881306]
[-0.0007114643804065901, -0.002052069081033614]
[0.0046431908373279485, 0.0015250399334729714]
[-0.0001989734219994821, -0.00014660098488272766]
[0.003333961497594573, -0.003923350950341603]
[-2.2136839845865453e-05, -0.004390450165737372]
[0.002005696762080872, -0.0017373652638746628]
[0.005005022883360077, -0.001405012880733525]
[0.0025023735117750967, -0.0035673664781211145]
[0.002531627376238965, -0.0008889248492332524]
[-0.002760090744692467, -0.0009171012933344436]
[0.004364174356839889, -0.0009225069742466729]
[0.0007737587747969066, 0.0010314588286850501]
[0.00034821598141501764, 0.002957180344779209]
[-0.0005237132665722455, 4.5240620969333456e-05]
[-0.0007193486375125374, -0.001172926185998402]
[0.0021077979894910115, 0.0025124745431124307]
[-0.00022938624032123323, 0.000565926351297652]
[0.0043256439910600575, -0.0025111756672221985]
[-0.0015948898816789958, -0.00244622065093264]
[0.002197162382117368, -0.0009690241090941631]
[0.0038516683964849863, -0.0029566490991983635]
[0.003383937182141583, -0.002762759179317023]
[0.001879977512046882, -0.0012159845673004321]
[-0.0013446627306999692, -0.00293466720256072]
[0.0040203338613405415, -0.0020260830396812146]
[3.341993731126314e-05, 0.0008664783517572383]
[0.0025605343511436174, 0.00219394857611499]
[-0.0010693467630359527, -0.000998249380975258]
[-0.0008274445395101693, -0.0002294086539511575]
[0.00031366989110520604, 0.0021963050564548503]
[0.0006536002827952359, 0.001327253172059395]
[0.004089114029692809, -0.0003908066165876356]
[-0.001989139150528063, -0.0008045805109272441]
[0.0017004902559264456, -0.0007445822579864592]
[0.001735417241213802, -0.003328172853216793]
[0.004296612632111341, -0.0015252624518573288]
[0.0016466079827014424, -0.0009572599780539592]
[0.0003530413865194121, -0.003305480548320208]
[0.0030456441501640064, -0.0033391508262370084]
[-0.0006282982364013701, -8.563772072278653e-05]
[0.0034362335513173914, 0.0008612925415933947]
[-0.00035087351451165705, -0.001968138191565938]
[-5.781496481782611e-06, 0.0006777993530628912]
[-0.0012762319244457587, 0.0015750201459242552]
[0.001635031373802151, 0.0009000969295271943]
[0.00274652963594349, 0.0006614411511806084]
[-0.0019305932195199105, 0.000972083057406592]
[0.0017177848218014602, -0.0006394880124342417]
[0.00038976303186979977, -0.0025044604987209396]
[0.0040373671353881035, 0.0003877636616985425]
[0.001422604134365027, -0.0011526434193655372]
[0.00169085061283053, -0.00325386145351772]
[0.0011830003042340165, -0.0035867557455270954]
[-0.00014265877134549132, -0.0009419684585772886]
[0.00391957671035692, -0.000477684275379725]
[0.0003827443163885724, -0.001968603426107274]
[0.0008818065198804015, 0.0004604120801825484]
[-0.0023280557970581928, -0.00014695643606910114]
[0.0018509213425545457, 0.0003648847785974185]
[0.0017442372102690895, 0.0010258219205954155]
[-0.0005640105845096666, 0.002413577139239842]
[0.001292357252016263, -0.0001625758550952705]
[-0.00041869790164703047, -0.0017512988163022047]
[0.002772621955491328, 0.0013447448526786587]
[0.000800631439294569, -0.0008544832900495847]
[0.0031895249885823262, -0.0023803773795860184]
[-1.3082254517848835e-05, -0.0027974612750476108]
[0.0002763596734631224, -0.0009750680777674825]
[0.003465958497738064, -0.002222589630042876]
[0.0009280250482415764, -0.002048888898390555]
[0.0011003879274540385, 0.000192761668435959]
[-0.0018256676751545187, -0.0018114165433086304]
[0.0021966527709972317, -0.00015239414889434144]
[0.0004660469254986477, 0.0011951318377156905]
[0.0010421101011075795, 0.002411044544423646]
[0.000655300072319398, -0.00044947949797502496]
[-0.000998518757372252, -0.0004957283001684187]
[0.0017286727414680403, 0.001711695558191395]
[0.0008929172007599295, -0.0002758333636384558]
[0.0035742360629921754, -0.0006501066916629883]
[-0.0007976250823866077, -0.002011029354088173]
[0.0005386831457600549, -0.0012052655045801663]
[0.0019673484881870817, -0.003041480064951113]
[0.0018640803498777975, -0.0016078049429296276]
[0.0015176674352182506, -6.943118913405044e-05]
[-0.0009508304120098288, -0.002575462406639306]
[0.002008417857385647, -0.001181339769987244]
[-0.0006203770241187401, 0.0003287555667580433]
[0.0020513492294571556, 0.0019271886971115038]
[0.0007222435921984682, -0.0007829043784383094]
[-0.00046315449866402014, 0.0007390591236828836]
[0.00034384020371286406, 0.0017783549817955713]
[0.001068232167745986, -0.0002806957695893342]
[0.0030088882560275754, 0.0004923206046276163]
[-0.0013015763976818029, -0.0006684429761044108]
[0.0012114785571115116, -0.001039076847520276]
[0.00076778851743875, -0.0029527200611932924]
[0.0020555840292688643, -0.0005138999440269382]
[0.0014983080917734537, -0.0008180283984424858]
[0.000131215483668623, -0.0031362385280414573]
[0.0011045189881284112, -0.0016057130204680525]
[-0.0006591509438984289, -0.0006149103305450598]
[0.0029938322244886795, 0.0010154352393630939]
[0.0006264421378104346, -0.0007779444143005132]
[0.0003248955294194722, 0.0010556471018323688]
[-0.0007955105856758959, 0.0007731498812872939]
[0.0010088086778578947, -9.36683773400393e-05]
[0.0023573591395036897, 0.0013466949273304163]
[-0.000688159828229784, 0.000627542134197967]
[0.001289830906731182, -0.0003831141869378163]
[-0.00035670682460653413, -0.0026374223764731586]
[0.0016916331852158684, 0.00010455317131183306]
[0.0009306514971939572, -0.0010505523623513952]
[0.0016186073367059906, -0.002805356715879323]
[0.0005072475821975009, -0.0015394960929435014]
[-0.0005571037123812406, -0.001139828571197904]
[0.003075974554405503, -0.0005129921010902927]
[0.0006201941816166012, -0.0011605813776007778]
[0.0008982754748489419, 0.0012055453795299376]
[-0.0008954640667442615, -0.0003469957769787202]
[0.0013935727863062242, -1.2951096676316887e-05]
[0.0010923443335482952, 0.0018856394384553221]
[0.00020924050461545995, 0.0010505269085960833]
[0.0010597332522753744, -0.00020389846028162628]
[-0.001257559925252727, -0.00153507553307064]
[0.001388080175994233, 0.0006744171073642669]
[0.0007194735722074325, -0.0009878985039888377]
[0.0023227216156199715, -0.00163916982487107]
[-0.00018060122139346158, -0.0014731326651065413]
[-0.0001671062511401783, -0.0018071160177473636]
[0.002247083098619984, -0.0014805860709558166]
[0.0011219799054049961, -0.00118829229003381]
[0.001720312986913497, 0.0009652780751811529]
[-0.0007484721129653593, -0.0011397442459024076]
[0.0014896055175068756, -0.00046167552806403167]
[-0.00010648256379067189, 0.0013733429891014115]
[0.0010021207372712115, 0.0012385160825287844]
[0.001062491407868682, 3.776115383813394e-05]
[-0.0011293600485476202, -0.00030122876400057175]
[0.0005280124704589162, 0.0011118478398543519]
[0.0003796490502512573, -0.0010855687014625914]
[0.0023963090323751435, -0.0006719311788116467]
[-0.0008169057346423814, -0.0007658763559282022]
[0.0007159513067538648, -0.0018756058312394547]
[0.0014122620829678245, -0.0019401377956623084]
[0.0012376454890108066, -0.0008002773182160805]
[0.002003521995566526, 0.00012321249586327854]
[-0.00015048927995298111, -0.0019985291166008667]
[0.0012092516439397016, -0.0006120999082275813]
[-0.0005630744381183994, 0.0006358502569507873]
[0.002014739259023901, 0.0008914784509183593]
[0.0006532747160229099, 0.0003101145674481165]
[-0.0006674183796321967, 0.0003759844412714042]
[-0.00029582693345284183, 0.0007301894182621949]
[-2.1615069930452924e-06, -0.0007162414193835898]
[0.002217004918621257, 0.0003900546223494228]
[-0.0006869763435218279, 3.35914742574106e-05]
[0.0011363353130209863, -0.0013943640152891679]
[0.00028637062665877455, -0.002125170597893744]
[0.001238103470196955, -0.0006717847787680656]
[0.0017288489277022534, -0.00040002430662920696]
[0.0009735937547353801, -0.0021282110113578917]
[0.001142392782364221, -0.0007199843156695251]
[-0.0008632250675325304, -8.29709430271719e-05]
[0.002408120687573234, -0.00010985938392193972]
[0.00032359761146924515, 4.026368365306343e-05]
[-4.8643568965694994e-05, 0.0009586749217713741]
[-0.0005684441799144249, 0.0002468404005255831]
[0.00015294673251615987, -0.0003635139143229882]
[0.001267251690304061, 0.0012201615161078205]
[-0.0004046414555685385, 0.0004281382657548294]
[0.001338391321810073, -0.0010677215186293276]
[-0.0007565205707667222, -0.0014550198685528981]
[0.0013499665201961442, -0.0002832169917618421]
[0.001506093919683718, -0.0007938245722499543]
[0.0016560263020798244, -0.0016041093514511662]
[0.0007641641324184489, -0.0009588578045859886]
[-0.000637611381543085, -0.0010419263857133904]
[0.002168797837897918, -0.0008565997607846987]
[0.0003952782323687898, -8.790777195538668e-05]
[0.0009550402951908898, 0.000995450995245728]
[-0.0008207812574740903, -0.0002525158466891164]
[0.0002203228900839599, -0.000351864846190153]
[0.00023105780041959845, 0.0011749162002379632]
[6.3326159565960105e-06, 0.0008673616867239664]
[0.0015038360508863868, -0.0004695448385140244]
[-0.0010243577869929743, -0.000539295369672177]
[0.0009517116959857352, 0.0001404855180643927]
[0.0009132396544014598, -0.0011569944229533752]
[0.0020729115025066025, -0.001059427237872279]
[0.00029233806687825603, -0.0007003556307484879]
[0.00015647090018740262, -0.001439565342390245]
[0.001810195383432217, -0.0014812198695920986]
[0.000267051381982103, -0.00011593271319176868]
[0.001526129777532692, 0.00038687177791613125]
[-0.0006257659430770057, -0.0010175125576282196]
[0.00025440956855143915, -0.00014897065376223706]
[-0.0004250674372877905, 0.0008722389190047863]
[0.000788036812694147, 0.0008715775056901687]
[0.0010910110758525493, 9.537302934486958e-05]
[-0.0010123661952320118, 0.00018246874590166495]
[0.0005383845582378477, 7.831343209568908e-05]
[0.00026951835472383, -0.0009212747951153344]
[0.002262761423110493, -0.00015469283750663143]
[0.00023285581476655687, -0.000385690693150198]
[0.0007187885357313739, -0.0013525110929196726]
[0.0009630744405678959, -0.001936424568846691]
[0.0003263173326429128, -0.0003836974646297536]
[0.0016705941009334535, -0.0001372134291337812]
[5.0736643276483306e-05, -0.001302635997323609]
[0.0005561475517246173, -0.00015951503074113083]
[-0.0010395168935421473, 0.0003042173853152197]
[0.0012050065028897106, 0.00035652685272691276]
[0.0006457621084801773, 0.00014375132496902143]
[-0.0006312344871222536, 0.0009776438026375955]
[0.00033117211946168124, 5.7942069344285585e-05]
[7.090382603222589e-05, -0.0005786324786676844]
[0.0017154721467234624, 0.000670037554775682]
[0.00011639145487903069, -0.00019679945893882889]
[0.0012593165684503804, -0.00118861716923363]
[5.6233228548183134e-05, -0.001657440408398575]
[0.0005995761511557174, -0.0003120355010606743]
[0.001695542710055703, -0.0007673511362556173]
[0.0005208339920408714, -0.001213732573713322]
[0.0005455386217815827, -0.00041405967931468224]
[-0.0010906997348563152, -0.0006292014479064578]
[0.0013148791449145714, -6.375356612675631e-05]
[0.0003789850093813135, 0.00019762654566402027]
[0.00024025099314678444, 0.0012666349369072627]
[-5.911152487272919e-05, -9.808392411625455e-05]
[-0.00013085646778604465, -0.00031677074698654994]
[0.0010090634805509646, 0.0009040549988920676]
[0.00015886714331948826, 0.00023033515770648494]
[0.001680549631944861, -0.0005631829963234636]
[-0.0003883690620318514, -0.0011338457665619195]
[0.0005441743716601, -0.00013729643815874049]
[0.0011825348693730309, -0.0013536102894555202]
[0.001025949318990145, -0.001058721763732215]
[0.0004274325884372765, -0.00039524338783908375]
[-0.0005889832029640496, -0.001173087837332748]
[0.0013424021321475355, -0.0006285198297969752]
[-5.4546384162912354e-05, 8.074266448560019e-05]
[0.0008701089369353987, 0.000989297634046038]
[-0.00013120219950239764, -0.0005786572532710532]
[-0.00011933120963716903, 0.00016797150199232558]
[0.00037769607586124465, 0.0009711331518895139]
[0.0005632999821062745, 0.0003893025874662781]
[0.0014925034741079257, 9.53631448150083e-05]
[-0.0007072871285958848, -0.0005481222634717287]
[0.0005498746308597036, -0.00016233106939483877]
[0.0005310612992821817, -0.001369303859561008]
[0.001417576382916369, -0.0004489431341566097]
[0.0004643689922716465, -0.0004607938724922253]
[-0.00011228843960196799, -0.0014089999572398232]
[0.0008639539347335412, -0.0011595564844695816]
[-0.00016739427224020387, -0.0003436431186299438]
[0.0012949021733476562, 0.0006356309115699288]
[0.00011221044979109474, -0.0007888424626347201]
[0.0002494646264641631, 0.0003692978191940921]
[-0.0003673483519120793, 0.0006555233029731378]
[0.0007737191082856643, 0.00025483197453507467]
[0.0011745029680919616, 0.00039853807183110046]
[-0.0006161042051465171, 0.0002677159032218879]
[0.0005850750255291803, 2.7543121849604724e-05]
[0.0001231023588667557, -0.001217675265745316]
[0.0012387391182544782, 0.00018645647354675887]
[0.0002563080997646239, -0.0005478984083855873]
[0.000554847428956326, -0.0014770322941110858]
[0.0002673719431013355, -0.0011744602840025042]
[-7.060816092689659e-06, -0.0005088706670302312]
[0.0015739670716633514, -2.5749101712380096e-05]
[0.0002494621697231303, -0.0009008971120242348]
[0.0004320937835272931, 0.00030158198511515133]
[-0.0006508466743889579, -7.999252585888517e-05]
[0.0009513697600599391, 0.00018926157444865144]
[0.0007960635191240906, 0.0006873209287453497]
[-3.2137812896397555e-05, 0.0007181568539229577]
[0.0003276138311202881, 0.00011052826884511147]
[-0.00032328044805098044, -0.0009204946652207613]
[0.0009339318690623211, 0.0005138871521342403]
[0.00012745356510571182, -0.0003318603370748019]
[0.001146366802226323, -0.0009953948986934774]
[-0.00013307864596106417, -0.0010450667042549919]
[3.316904160127754e-05, -0.0006184642761568604]
[0.0012781407511646414, -0.0007171297725112602]
[0.0005978162740495271, -0.0010058391052133325]
[0.0006075803942844626, 0.0003077317070987462]
[-0.0005016747567861968, -0.0006143071712621517]
[0.0011488003995077656, -0.00013815216928153573]
[0.00018940534782384277, 0.0006523179085066166]
[0.0004742848338225303, 0.0007761635161109282]
[0.0002370254770625302, -5.856155740169289e-05]
[-0.00045395359907045296, -0.0003141778688722785]
[0.000519066749633923, 0.0008220674715132548]
[0.00022986727178650468, -0.0002442987681324782]
[0.0012278195172433226, -0.0003970319724019289]
[-0.0005814336375319085, -0.0007345545628896777]
[0.0002755138048834149, -0.0007546064110283413]
[0.0007828103881927923, -0.0009823773054386462]
[0.0009422386289129787, -0.0007060920644208005]
[0.0008168383140861601, 6.606721346387456e-05]
[-0.00026380617241100746, -0.0010557528944239725]
[0.0009510116424361892, -0.0005201043637309]
[-0.0001144613556839369, 0.0002530849554744363]
[0.0009991719379916497, 0.0007042882071177092]
[0.0002456485529752153, -7.031819714331533e-05]
[-0.00019166494398709794, 7.090647368152014e-05]
[-0.00012439438500286282, 0.0007672611633429693]
[0.000194822513622947, -0.00021680225188480673]
[0.0011599868299511928, 5.590009279748953e-05]
[-0.0006949935697901366, -0.00011334347093783226]
[0.0005156106819183548, -0.0005552949746918667]
[0.00031926002756747784, -0.001110385321463972]
[0.0009355422642902123, -0.00036389619289192016]
[0.0006857770242029715, -0.00021377056935755617]
[0.0003127471778032742, -0.0013498243474321797]
[0.0006770856955580218, -0.0006142626924227901]
[-0.00017658765268417642, -3.1908092908761176e-05]
[0.001441854277941107, 0.0002175833301777952]
[0.0001369447645306332, -0.0001826414340437843]
[3.2993812461024064e-05, 0.00026142464370465524]
[-0.0004622861341378945, 0.000335701825523782]
[0.00028913532965518796, -6.172332590076435e-05]
[0.0008602421067453458, 0.0005591769400368207]
[-0.00041642372612868406, 0.0002974964944744696]
[0.0004740372864652509, -0.00037606837751183453]
[-0.0002792320319978392, -0.0009621380794619661]
[0.0009137154931188884, -0.00012043022791369262]
[0.0005409750643817074, -0.00024857160201843115]
[0.0008993380230373077, -0.0011218768236791465]
[0.0004366725608550559, -0.0007142416593063916]
[-0.00020834827272406264, -0.0003823723982459004]
[0.0013892398249546467, -0.00037726687623579336]
[0.0002767499196883044, -0.0003731438777788143]
[0.00039775200812997014, 0.00041181377059801294]
[-0.0005527458394224138, -2.849307835772752e-05]
[0.0004883874743191463, -0.0001512625931198719]
[0.0002572195349897152, 0.0007106246998072607]
[-0.00013149962562993, 0.0005271962605715164]
[0.0005033644382757829, -0.0002982474369737087]
[-0.0005810901702653221, -0.00044073477074871303]
[0.0007267752726592691, 0.00024032516985536545]
[0.00045046431723677616, -0.0003522412338312769]
[0.001150291973054024, -0.0007406650646403085]
[2.5060272942106776e-05, -0.000635521466157439]
[8.791184780404526e-05, -0.0007030217912648781]
[0.0011457510051199882, -0.0007371951932376164]
[0.0004550626363750837, -0.0002941941690490918]
[0.0007843511221408139, 0.00020117467930949595]
[-0.0005424718181277766, -0.00048539592797483544]
[0.0004527574890844377, -0.0002965049368588435]
[-0.0001466498483049597, 0.0005041558748943853]
[0.00033122687509157256, 0.0006651975273576083]
[0.000446102367550702, -7.905777547556614e-05]
[-0.000536126012938988, -2.2898845162322434e-05]
[0.0002848089625261674, 0.00033649845233529874]
[0.0001942472106144233, -0.0003471719628661829]
[0.0013115192121357921, -0.0003195953862968337]
[-0.00016926909526322753, -0.0002681066213241351]
[0.00042734761168966573, -0.0006596514860985545]
[0.0007793592782776027, -0.00105821231031928]
[0.000472750137972662, -0.0002382408447546558]
[0.0008412041263772263, -0.00010871818423996427]
[-0.00014813021515130975, -0.0008726518312834886]
[0.00044861162212342376, -0.0003210030506650696]
[-0.0004167195367047183, 0.00027931049820484333]
[0.0007978415585612464, 0.0003939479646539179]
[0.00021323438164911473, -4.920408252212516e-05]
[-0.0004238847962164949, 0.0003386848903736972]
[1.586567112624171e-05, 0.00018055694163876534]
[0.00011166414200024233, -0.00014250636599272282]
[0.0011711589984176318, 0.0002476957292525672]
[-0.00013339725163925842, -9.082846191471594e-06]
[0.000586481410459111, -0.0005639641990695388]
[0.00018304975742035323, -0.0010813620470343718]
[0.000601477435034109, -0.00017667215274218273]
[0.0008355410925392076, -0.00030490750125301835]
[0.00031445931527485094, -0.0008560916052311185]
[0.0004229734958164644, -0.0004832815595168516]
[-0.000594215549742011, -0.00014711123110730528]
[0.000917144515209467, -9.409403592786081e-06]
[0.0001668622674190351, -0.0001466639314502971]
[-4.1097862053432466e-05, 0.0006400222689156854]
[-0.0001913096128688188, 4.305751921873657e-05]
[0.00015723363656020006, -8.777919591385075e-05]
[0.000697845920709872, 0.0005294833633315288]
[-9.112735915013659e-05, 0.0002483647964532931]
[0.0007972056050637166, -0.0004068214639101342]
[-0.00020667526573094064, -0.0007366064939871853]
[0.0005998221763154343, 7.411036462220966e-05]
[0.0007272058867513788, -0.0005895090505600997]
[0.0006218805656175025, -0.0007208957695394938]
[0.00018790366290061256, -0.0005337224322767703]
[-0.00038378199971964705, -0.0005708160742723123]
[0.0009221233186810229, -0.0003437035538534916]
[0.00012534181611144335, -0.0001247838074199814]
[0.00041079364648199945, 0.0005545259813632408]
[-0.00034969915646270583, -0.00029275271405854175]
[0.00011118089036564471, -1.6028240220955503e-05]
[0.0003045687998169816, 0.000535179860117474]
[0.0001928783897398728, 0.000490107355844982]
[0.0008120704651894406, -6.349848500530886e-05]
[-0.0003658176360085974, -0.0003933968107727448]
[0.00040242268348253396, 0.00016888821458968528]
[0.00038963664436976464, -0.000691478907146284]
[0.0009393480397200948, -0.00043638092254987687]
[7.263161101256355e-05, -0.00039552814811356224]
[-7.332540548839889e-05, -0.0006937500676736791]
[0.0007379189080065629, -0.0007515456875629434]
[4.179323224230702e-05, -0.00023160076816648723]
[0.0006271687744673904, 0.0003281855056466443]
[-0.00017219033058879507, -0.0006305137577353459]
[0.0002180035232181854, 9.610032522633372e-05]
[-9.47539537343306e-05, 0.0004520937690016269]
[0.0005337910418504871, 0.0004099256001210416]
[0.0006036196396816684, 0.00010300228130821765]
[-0.0004261212554715066, 3.7308053852380674e-05]
[0.0003072328688690229, 0.00016818958809089457]
[0.00018035320428716473, -0.0005617191536304855]
[0.0009761616895845038, 6.243060344046647e-05]
[2.073993586227535e-05, -0.0003359631084450254]
[0.00019654778124442163, -0.0007485385275351336]
[0.00028056257229885917, -0.0009161959418071408]
[0.00015910879410032525, -0.00032077309407303745]
[0.0007984993448467703, 7.40399322043811e-05]
[7.334361149782809e-05, -0.0007173780060650836]
[0.000326013561526034, 1.1757325854011569e-06]
[-0.0004156452353605289, 7.417575489865325e-05]
[0.0006831394188985818, 0.0002384940186058171]
[0.000475453702610637, 0.00015893845609388224]
[-0.000150286264264346, 0.00044830996410599733]
[0.00013788339099546354, 0.0002065943465325848]
[4.9974587389853276e-05, -0.000472772020886858]
[0.0007181147330025395, 0.00037829671017924893]
[-7.769590494002832e-05, -0.00017064991408601016]
[0.0005595547362639286, -0.0006248506685971877]
[-6.987054049148456e-05, -0.0007886232235041063]
[0.00021750320203041407, -0.00023122079029530562]
[0.0007772105285410585, -0.00033145185900103347]
[0.00029860862680027717, -0.0007703411066579818]
[0.0002711524848605651, -5.5576621560471384e-05]
[-0.00037038830258653843, -0.00035484706335750515]
[0.0008273065516603562, 3.504829488082395e-05]
[0.00026540370172324634, 0.00022512989821932283]
[0.0002423957273352817, 0.000527960061501187]
[-4.9942259753632534e-05, 3.186466663562815e-05]
[-8.977571475907165e-05, -0.0002608195232783883]
[0.0004566728653125074, 0.0005455685790393128]
[4.048748148105519e-05, 4.2269740148620505e-05]
[0.0007057428905540841, -0.00026344783053688925]
[-0.00033307831802437127, -0.0006129238805968606]
[0.0001942720070365056, -0.00022817204366287758]
[0.0004825545449313254, -0.0005653585646086395]
[0.0006266623813019137, -0.000648280211094858]
[0.000295340758539514, -5.628362360872441e-05]
[-0.00020327441377011174, -0.0005998415072919344]
[0.0007953782461964376, -0.0003221119063726019]
[5.065866520038986e-05, 6.950689931617404e-05]
[0.000527093480392371, 0.0004747690704287044]
[-7.878813412992569e-06, -0.00017036403510428677]
[6.467549563918262e-06, -1.3797377845570225e-05]
[6.747242303004053e-05, 0.0006209787386839416]
[0.00020843723913198386, 5.4838440812110534e-05]
[0.0006300392151716849, -7.55351373027402e-06]
[-0.0005271870029499304, -0.0002471151562828955]
[0.0002695078910242288, -0.00018510833609503008]
[0.00023444587520205645, -0.0005964407827888651]
[0.0007484402011979363, -0.00030312291196823993]
[0.00026202949442920287, -0.00016393032346305458]
[4.6996935027580206e-05, -0.0008162184081465032]
[0.0005168619308607014, -0.0005206538559889007]
[5.8599919162918845e-05, -0.00010677650283168194]
[0.0008319176777748238, 0.00029024312760159154]
[4.501482778318522e-05, -0.00025625372399776247]
[0.00015281936937602825, 3.3493857804378635e-05]
[-0.00029640854892157287, 0.00037764815161484]
[0.00029904693732233506, 6.27423691949569e-05]
[0.0005395872660290263, 0.00021012171813011848]
[-0.00039647289866526214, 0.00015586254000421462]
[0.00021224831885563455, -5.2506534968577157e-05]
[-2.9196780801099553e-05, -0.0005917141265836257]
[0.0006712268853131809, -5.2481424226411e-05]
[0.0001241458412334015, -0.00014112891812817496]
[0.00045329859859169486, -0.0008069732622470252]
[0.0002809517419050389, -0.0005474295892423167]
[6.419769812140985e-05, -0.00017882624911981504]
[0.0009294205988663318, -0.0001078180623843572]
[0.00014084248121185028, -0.0004032800466843012]
[0.00023303071075958526, 8.015923398344005e-05]
[-0.00038031377975716874, 4.778243001557492e-05]
[0.0004798039395870063, 1.1489502851624867e-05]
[0.00027132807783970467, 0.0003912805499712846]
[-0.00013863078806101298, 0.0003330901654046148]
[9.904112403724685e-05, -7.935458320756927e-05]
[-0.00028531052460870066, -0.00037099014411984266]
[0.0005656779863320305, 0.00018004327820297927]
[0.00012617321028611517, -5.457164467172204e-05]
[0.0006882254972811197, -0.0005411419475387785]
[9.223907195668457e-06, -0.0005351996304780796]
[0.00010859565381086261, -0.0003229313840136666]
[0.000759031154761447, -0.00039620737004564255]
[0.00038525385316867666, -0.0004109227446447983]
[0.0004067000866471715, 6.655880450462393e-05]
[-0.0003714543306986562, -0.00022216873412808646]
[0.0005403613543656371, -0.00021235445143874543]
[-2.119828024672865e-05, 0.000305725817444924]
[0.00012343255967836586, 0.00043525558674173404]
[0.00010219424521339115, -0.0001044301708116313]
[-0.00028507742731313096, -8.039930625175495e-05]
[0.0002664245588584191, 0.0003627656731252926]
[0.0001194261303421873, -6.163901096428726e-05]
[0.0007583249093610633, -0.0002975505204435569]
[-0.00024935475375030547, -0.00029782067167172244]
[0.0002877610451610946, -0.0003468058207150501]
[0.0005638839308299282, -0.0005632499796944003]
[0.0005027237506788629, -0.0002480233177125403]
[0.0004691726421465203, -0.0001042448233245924]
[-0.00020833875114786848, -0.0005335256844062192]
[0.0004356228140212359, -0.00034579607866266904]
[-0.00013539919525923372, 0.0001551047899487068]
[0.0004823838884669418, 0.0003655015453002397]
[3.316462375522328e-05, -9.62479720374998e-05]
[-0.00020131234625472838, 7.836579211195627e-05]
[-5.499426992292e-05, 0.000270166386381665]
[8.907405444823213e-05, 1.9997094624302214e-05]
[0.0007634028681729466, 5.420215795498562e-06]
[-0.00025277609120315236, 8.301346205358273e-06]
[0.00034690846955270915, -0.00024139884625071217]
[0.00025293694689698665, -0.0006717059181119561]
[0.0005387434160638582, -0.00013555687865256238]
[0.0003996956732228718, -0.00018228751149369435]
[0.0001535845352582249, -0.0006379863859780344]
[0.00035979024940863136, -0.0004299384893324265]
[-0.00023730467649062115, 6.070840516889109e-06]
[0.0006748183397350394, 5.836640539108595e-05]
[7.439893228808336e-06, -0.00021597855990179715]
[-7.912788350081246e-05, 0.0002469507636558288]
[-0.00020745314487397373, 9.890233489329159e-05]
[0.00019840053185760792, 6.74649599896604e-05]
[0.0005257489877290855, 0.00028132339019004693]
[-0.00016587056021657998, 0.0001991712935912604]
[0.0003611088579547894, -0.00021165167770656468]
[-7.831970138402755e-05, -0.0005193012675263342]
[0.0005689623597840698, 5.304421177432239e-05]
[0.00038425384724599665, -0.00023336120175781322]
[0.0004158683230500032, -0.0005182717711638349]
[0.00017646778275279273, -0.0005194317732746534]
[-0.00021339388911509327, -0.00024526563259984896]
[0.0006577584073222953, -0.00020714562829993177]
[0.00011729260845663725, -0.00025547312997770133]
[0.0001828497025479492, 0.0002885262863264182]
[-0.0003319252208096382, -0.000103558544918253]
[0.00024644648158013427, -1.6531210447534583e-05]
[0.00022566109866795775, 0.0003073451681563366]
[-8.811526591642749e-06, 0.00039515779532139916]
[0.0004084064332573467, -0.0001126306040435121]
[-0.00019418172753359053, -0.000263819697583878]
[0.0004035506786487786, 0.0002425911034948658]
[0.0002776141539018451, -0.00031621752993565844]
[0.0006049197078552004, -0.00036469815482027823]
[-3.9167779188088725e-05, -0.00041107303867294123]
[-1.4798675768840086e-05, -0.0003616457053512469]
[0.0005837729935629782, -0.00045279494413986987]
[0.00015099495779322125, -0.0002155547318832135]
[0.0003429746236378872, 0.00013897675167295898]
[-0.0002905145061595227, -0.0004111165816838569]
[0.00023338775367914844, -3.74266611715135e-05]
[1.9324999403179388e-05, 0.0002523609223534229]
[0.0002978658635672121, 0.00043445142898207445]
[0.0003107767643539955, -4.448091615039118e-06]
[-0.00023213733557414518, -4.8099338946810954e-05]
[0.0002020006115965034, 0.00024078854838729957]
[0.00014658517174194474, -0.0002464899821692512]
[0.000728125776666505, -6.804510858722523e-05]
[-9.343931512900694e-05, -0.0002455491099965859]
[0.00011914221763806299, -0.000348079712702426]
[0.000324452265812597, -0.0006613511552794604]
[0.0002052824526876558, -0.0002297717954259093]
[0.0003915613870575374, 1.917391846978367e-05]
[-5.084882378847411e-05, -0.0005680417277180438]
[0.00027707811811716887, -9.792388645701866e-05]
[-0.00020220699907262663, 0.00010945093839193065]
[0.0004998256991201322, 0.0002629284359523254]
[0.00022136240664494267, -3.9362006273968575e-05]
[-0.0001567236782516676, 0.00022317766875978862]
[7.137153265671103e-05, 0.00020893945645639178]
[0.00014685448275761348, -0.000168825786785759]
[0.0005952861608260196, 0.00023825311192102183]
[-0.00012714186856940812, -0.00011433940613740645]
[0.000261703021894627, -0.0003369985532552522]
[6.249197377225513e-06, -0.0006207145946666576]
[0.0002969422714685088, -0.0001302996766605058]
[0.00043498663637869805, -0.00014399178559997006]
[0.0001506760638523008, -0.0005752962658753247]
[0.0002023001436367855, -0.0002105127666724299]
[-0.00026369420942171096, -0.00018022488191975217]
[0.0005836447606637762, 9.02833506861711e-05]
[0.00020680776221416314, -3.963937625883762e-05]
[0.00010233046290346326, 0.00035657857334220333]
[-0.00010341396461734792, 0.0001063233973385147]
[0.00011630882884098442, -0.00014503956627970327]
[0.0003766140939756024, 0.0003588963729234951]
[-7.841599502894647e-05, 9.196912161665849e-05]
[0.00040180673012027435, -0.00018407642392306856]
[-0.00017438683533755467, -0.00047204950812719526]
[0.00024125221905615946, -2.615191141211448e-06]
[0.0003168537335832486, -0.0003259538568398286]
[0.00037339763537164866, -0.0005349805028597061]
[8.628113327624476e-05, -0.00018983735372514465]
[-0.0001370182346976112, -0.0003686417137984607]
[0.0006214502947360923, -0.00014989246247942845]
[0.00012480547358938165, -5.4550518593377006e-05]
[0.0003053830557926407, 0.00030320909765960136]
[-0.00014548136581370164, -0.00013020154239939963]
[0.00011439804201032744, -4.437288020336938e-05]
[0.00016163767118060335, 0.00042069473300643256]
[0.00012679198308801487, 0.0001879818816385992]
[0.00036258293359900384, -5.3602558818255375e-06]
[-0.0003200320930343281, -0.0002821506506593685]
[0.00017705622556746237, 2.2047009261561e-05]
[0.00014608117794796815, -0.00033977149538641505]
[0.0005629221460202727, -0.00030870514271399974]
[5.0598098061648e-05, -0.00016194502503124805]
[-1.2197843668501629e-05, -0.00046863458384140827]
[0.00045451733651191706, -0.00039418434961339954]
[0.00012248560394953478, -0.00015530684474483747]
[0.0004567611043042319, 0.00022540522635930427]
[-3.6066069121362676e-05, -0.00027546743088002756]
[0.00021078410084172938, -2.1231805835214557e-05]
[-0.00011891656156429176, 0.00034412067383085554]
[0.00027591170654588104, 0.00014085732049451405]
[0.00029477769450818314, 6.468806558357354e-05]
[-0.00032442398329342315, 1.8036506655910722e-05]
[0.00012520104198204818, 8.344265539717011e-05]
[5.3676863322679735e-05, -0.0003173964585097139]
[0.0005339222332926552, -4.041701703388911e-05]
[-3.743282690289729e-05, -0.00013303818699831466]
[0.00019336690829865888, -0.0005320587370131746]
[0.00020965571332740018, -0.00044529390166375693]
[0.00018982516286081275, -0.0001570048816732228]
[0.000584544119471897, 2.9791088114169972e-05]
[6.279286550699148e-05, -0.00036168269712213985]
[0.00022265795430598256, -7.174708669524521e-05]
[-0.0002549121020022846, 9.169103460351935e-05]
[0.00039897456480440796, 8.827288986287818e-05]
[0.0002215322757928434, 0.00015633153295041557]
[-0.00013076827064341726, 0.00021169303212872914]
[-1.9760625416392896e-05, 8.055581672736234e-05]
[-7.636718357313665e-05, -0.0002668507285228383]
[0.00042931199130108455, 0.0001255779716065608]
[-6.791762748761809e-05, 5.054500544887652e-06]
[0.00040311783251870126, -0.00040507314230497915]
[2.1026559901403397e-05, -0.0004200148776236298]
[0.00017838687192935077, -0.00014043024296479106]
[0.0005174405309254365, -0.0002053150889234634]
[0.0002491152499982073, -0.00042191928584493776]
[0.0002239087721898625, -5.8408548601715515e-05]
[-0.0002292183276356996, -0.00011308894309212947]
[0.0005123112754549242, -7.975289265171881e-05]
[5.6710167604431816e-05, 0.00016553245888248358]
[5.69369221059407e-05, 0.0002643577518665341]
[-8.04995962205915e-05, -4.0490231434153756e-05]
[-0.0001261085759584335, -0.00010248195862572196]
[0.00026396674578432755, 0.00028248735304881034]
[2.0480019999408183e-05, 7.941793330804026e-05]
[0.0004467857122226193, -0.0002223378598839587]
[-0.00019237176630006875, -0.0003084410144477412]
[0.000213556156914263, -0.00016245276622157967]
[0.000371696347493667, -0.0003041905830983675]
[0.0004398305897624147, -0.0003018030034568943]
[0.0002586791065110894, -0.00010437427191663934]
[-0.00016429893054741018, -0.0002981551921510256]
[0.0004479624158098272, -0.0002835889256277979]
[-1.8930382138862556e-05, 5.582366194167854e-05]
[0.000268329633743028, 0.00026959384129465747]
[-6.416699874908782e-05, -0.00010711924698875164]
[-4.969456354472074e-05, -5.829457922656989e-06]
[-1.1552772694586877e-05, 0.0002962705847178171]
[7.044370196793853e-05, 9.403172611610611e-05]
[0.0004482970990618562, -8.286149676936527e-05]
[-0.0002789166158013723, -5.1412433133585234e-05]
[0.0002463923591743411, -9.011880240052117e-05]
[0.0002331724422553541, -0.000370154105563944]
[0.00047912580798063764, -0.00013367356137079095]
[0.00019152167964342492, -0.0001544010660525369]
[4.2118335984140526e-05, -0.00044636206040500614]
[0.00031952989599701165, -0.0003672167383688557]
[-2.3600196288886544e-05, -1.4127846288125578e-06]
[0.0004719220376437905, 0.00010737376802044674]
[-6.598816890425463e-05, -0.00019250232747436424]
[-5.456114475443918e-06, 3.3250114903710104e-05]
[-0.00018570985093671263, 0.00013936743897241533]
[0.0001605097613433977, 0.00012909513757128344]
[0.0003752452927400507, 9.851658325421564e-05]
[-0.00019204017480090735, 0.00014513918361588884]
[0.00017685967067121444, -4.9919551034310894e-05]
[2.2676362244136716e-05, -0.000350252719036645]
[0.0004834237060297175, 4.7792784877154215e-06]
[0.0001451940981534068, -0.00010555341580591182]
[0.0002794666324705125, -0.0003965979006816528]
[0.00018879873435795336, -0.000430245718284053]
[-4.791464313841365e-05, -8.339612086551151e-05]
[0.0004916038404168266, -0.00012182971066070081]
[4.309462421467347e-05, -0.0002879065988952989]
[8.451171553339187e-05, 8.883099131709593e-05]
[-0.0002567290777345105, -1.4407589372406049e-05]
[0.00027802607588932327, 4.6516312937089355e-05]
[0.00017651738120808697, 0.00017169495961993908]
[-8.120027805570695e-05, 0.0002710458962566775]
[0.00015450966662480803, -7.59089685417047e-05]
[-9.981973834723851e-05, -0.00018321168180154834]
[0.00040152469505588817, 0.00018861135929537642]
[0.00015269667356004185, -9.678239458082993e-05]
[0.00040044906583344697, -0.00027434379474705617]
[-1.8119206564790047e-05, -0.0004022701347045285]
[3.2367674746611175e-05, -0.00017733304911617814]
[0.0004298800792697094, -0.00027436090747064157]
[0.00017569294210207503, -0.00024622559012944106]
[0.00019946546592411463, 2.9527882780225334e-05]
[-0.00028007664853259284, -0.00021850113160984397]
[0.0002728516046897056, -7.521749511157916e-05]
[3.9465312809648656e-05, 0.00011545557024267294]
[0.00011726105315537638, 0.00035925945683437654]
[0.0001334957668248718, -5.1440525264928594e-05]
[-9.967798488840982e-05, -4.713321816693372e-05]
[0.00019180207743443867, 0.0002581540441165542]
[0.0001075561412380438, -7.679273450880708e-05]
[0.000495820740433528, -0.0001270291548433472]
[-0.00013599186946684771, -0.00022888136626987576]
[0.00012641289077361395, -0.00015071175793460873]
[0.00031401050034856465, -0.0004260374458840664]
[0.00022678014002985858, -0.00018258087131612158]
[0.00020180677119488455, -5.863240799706265e-05]
[-0.00013293133124680362, -0.0004105407908869263]
[0.00024699664231095375, -0.0001392251948762746]
[-5.8725610005513906e-05, 6.135701985340858e-05]
[0.00033838406239125596, 0.00026903205394535057]
[6.583430779833616e-05, -8.925355685057701e-05]
[-8.818027843305112e-05, 7.782078658280511e-05]
[3.821705867781966e-05, 0.0001977158364262488]
[0.00012831556896306107, -1.2012897387392307e-06]
[0.0004786005342491684, 9.939620125551385e-05]
[-0.00013680342860877825, -8.039977789242592e-05]
[0.00014765261553625897, -0.00012495790593262945]
[8.577286287193495e-05, -0.0004709544886597472]
[0.0002971549354091746, -0.00010697137058318998]
[0.00020117916046606676, -9.218790849625791e-05]
[6.801002663362268e-05, -0.00043624278105195216]
[0.00019609937951303724, -0.0002401355579243203]
[-0.00014518165771670866, -7.364448892269171e-05]
[0.00042086471134508696, 9.980220537944562e-05]
[9.213504664698502e-05, -0.00016289041344966226]
[2.7074462149764833e-05, 0.0002040800986422009]
[-8.320034104556534e-05, 0.00012244455606172377]
[0.0001924075731730944, -1.144160624236279e-05]
[0.00031457117839303605, 0.00023019793818462864]
[-0.00011393143681059231, 6.810370283064082e-05]
[0.0002056362351058605, -9.986575982384727e-05]
[-7.91777027376317e-05, -0.00035902071458250584]
[0.00029152669290742617, 4.9502695626313375e-05]
[0.00018784235190309057, -0.00017155262484578465]
[0.00021704305622121528, -0.0003992471295497686]
[4.660360557091903e-05, -0.0002736097949830596]
[-8.919141560458088e-05, -0.00022618541432171957]
[0.00044814601754553096, -5.485970558224973e-05]
[0.00013121651493405717, -0.0001568318378409872]
[0.00018405298624285527, 0.00018969338689903137]
[-0.00017612122732899027, -5.079034184438114e-05]
[0.00019061059916691825, -3.332270347058963e-05]
[0.000169922247137827, 0.00025270670064059253]
[2.9015261295717992e-05, 0.00020827738470535762]
[0.00021131415678581067, -3.63423787572148e-06]
[-0.0001577103071874128, -0.00023868065287369067]
[0.000175769505787432, 0.00013127915293567605]
[9.105459897130325e-05, -0.00019942900957972687]
[0.00037889747653099826, -0.0002893384754250536]
[-5.028439413355679e-05, -0.0001964169038368782]
[5.687291135432482e-06, -0.0002694190074930096]
[0.0003887302925553726, -0.0002540434304561662]
[0.000138602554460035, -0.000175243213379625]
[0.0002547413959977929, 0.0001245607807036503]
[-0.00010798683800157527, -0.00023997098804373618]
[0.00022287358030034787, -3.246739591289405e-05]
[1.0735742514481755e-05, 0.0002448018525306461]
[0.0002166073042811495, 0.00019557206320949816]
[0.00014253866932437131, 2.5411624703930435e-05]
[-0.00020664723908211946, -7.100435399973182e-05]
[8.974028474288687e-05, 0.000144586805138458]
[4.931649451345166e-05, -0.00014864598163170928]
[0.0004266241643363089, -6.80791744949727e-05]
[-9.741346011342411e-05, -0.00013347119723627898]
[8.094064151356606e-05, -0.0003013600566505112]
[0.00019276461955453073, -0.00035924310064090054]
[0.00021075722791052617, -0.00017399704228212437]
[0.00032411078171150354, 5.618742140383465e-05]
[1.507173013309826e-05, -0.0003172095503218286]
[0.00023796675899626085, -0.00010650876285894784]
[-0.0001363878840384622, 0.00010940664986253124]
[0.0003231642179644806, 0.00011840738253246497]
[0.00012704140113136558, 1.7821528273093135e-05]
[-0.00011426874534005774, 0.00011013309251037273]
[-2.367005993574034e-05, 0.00015240167607333266]
[3.701338438814872e-05, -0.0001387000370912106]
[0.00033447569784306186, 9.17032259684647e-05]
[-0.00014394462111184253, -2.1241045343803333e-05]
[0.00020892246865797381, -0.0002781770472066458]
[2.458649189518783e-05, -0.0003295912263875239]
[0.0002357489244253913, -8.789148171471292e-05]
[0.00033445632606353415, -8.54061756735032e-05]
[0.00014103128230545658, -0.0003655146864156786]
[0.00016668010412487777, -0.0001446472535063803]
[-0.00013662164848465136, -6.461052616303642e-05]
[0.0004191581112239495, 1.2713563110944293e-05]
[8.801756241097469e-05, 4.1029937407899286e-05]
[4.1072760293497934e-05, 0.00016081593900493796]
[-0.00013776684577437165, 4.851810955638913e-05]
[-2.6066729903635733e-06, -9.320727466063938e-05]
[0.0002278936897785605, 0.0001899703695782684]
[-7.353901159760923e-05, 0.00011152380576470722]
[0.00026498261081148167, -0.00015594905110938306]
[-0.00011245255982895996, -0.0002693936228932714]
[0.00019594170070119654, -4.679279347440113e-05]
[0.00023441061019810125, -0.00017070851775195447]
[0.00032091106064988106, -0.0003242534055478627]
[0.0001300840177518997, -0.0001275480744898222]
[-8.470796206061157e-05, -0.00016966275820802512]
[0.0004276183996841654, -0.00017521096964075167]
[3.694641985102498e-05, -8.036465763389122e-06]
[0.00015791904376122323, 0.00015874327475370875]
[-0.00012899028108011995, -8.404338967069047e-05]
[3.693118907967946e-05, -2.9514591049495387e-05]
[5.338062791313686e-05, 0.0002519429701588749]
[4.092830769368214e-05, 0.00013801417422126816]
[0.0002379572598716767, -7.660709170614899e-05]
[-0.00022778303378476888, -0.00011372778507942605]
[0.00018531519181724798, -1.2528653209858964e-05]
[0.00015785143714493188, -0.00018051494650321576]
[0.00041094834054107576, -0.00016147359682858187]
[8.655421965916149e-05, -0.00013897673521646656]
[1.8147150332228912e-06, -0.00027612958188711484]
[0.0003034791481066057, -0.00029955313760576807]
[7.033418357425825e-05, -5.368175969996947e-05]
[0.00029824717504275955, 0.00010492583552002]
[-8.91729820837947e-05, -0.00016042729559290203]
[8.204560029695385e-05, -4.69897950702014e-05]
[-0.00012802872283959946, 0.0001661224806240591]
[0.00012309870230548664, 0.0001374945410006212]
[0.00022196337290807805, -7.458370900409461e-06]
[-0.00019552960710414458, 7.823083345920301e-05]
[0.00011538879165873261, 4.156385525272421e-05]
[7.261662258313539e-05, -0.0001948676414634809]
[0.0003959700563272578, -2.5292838787882577e-05]
[1.3879672286973982e-05, -8.428908858441192e-05]
[0.00016978884891760693, -0.00029780715835982935]
[0.0001805083836800836, -0.00033573742615505137]
[8.349492957877847e-05, -4.1566325411371285e-05]
[0.00036340751502203505, -5.313800506367983e-05]
[-1.6420793552754387e-05, -0.00025190933012819716]
[7.978308464326456e-05, -4.8425493535647623e-05]
[-0.00018914768366694312, 2.4822779832595065e-05]
[0.00024018801798433853, 9.388102646046281e-05]
[0.00013662889999599068, 6.709430637621971e-05]
[-9.221229464619063e-05, 0.0001766914742840353]
[2.449231673661012e-05, 2.258584931524865e-06]
[-2.7861731155418012e-05, -0.0001266551154855411]
[0.0003541182391074704, 0.00010540070855233341]
[2.825738073472528e-05, 1.9548837918853534e-06]
[0.0002766835113627991, -0.00020433253530707796]
[3.366380446310352e-05, -0.0003433440135458925]
[8.695936675642141e-05, -6.700090101761924e-05]
[0.0003112271423637014, -0.00017528985743299821]
[0.00013580542841001852, -0.00026540896850844875]
[0.00011831339334138213, -4.974252186654149e-05]
[-0.00020643007535293967, -9.871274668776797e-05]
[0.0002912328257470148, -4.6074894256509236e-05]
[3.342321824439942e-05, 3.928006205256018e-05]
[2.1637129650108056e-05, 0.00024357198489796672]
[7.867505646848988e-06, -5.406368017546459e-05]
[-2.922725721038119e-05, -2.5519225770542775e-05]
[0.00020923822592486263, 0.00021582283051016504]
[6.120085076782161e-05, 2.879240921072057e-05]
[0.000317643575646398, -0.00011889763347040783]
[-0.00011489407630124737, -0.00023290433176750835]
[0.0001383437820267619, -5.6785727501174055e-05]
[0.00025008154343275635, -0.0002512224988823822]
[0.00023056814997068908, -0.00017575130335522118]
[0.00011898713421183704, -0.00010609050279716814]
[-0.00015192790976110981, -0.00025357249452092473]
[0.00024155279992216228, -0.00015103409277743285]
[4.0051444857858165e-06, -7.040009956299498e-06]
[0.00019408428879161277, 0.00023379534973574922]
[-1.7475290754999373e-05, -9.274816910895267e-05]
[-6.057501954759292e-06, 1.7522535441349962e-05]
[3.6301930540424965e-05, 0.00018917426652573233]
[8.761280886958323e-05, 7.417477164251007e-05]
[0.0003426079169961821, -8.477501131365361e-07]
[-0.00013910771978208059, -7.063017384772996e-05]
[0.00012969773953616648, -3.4766033855659906e-06]
[0.00013333666694712726, -0.0003163010976230257]
[0.0002715688302435959, -9.369415211604726e-05]
[7.191763743578938e-05, -0.00010841894421817835]
[8.235348251030977e-06, -0.00032350150957527815]
[0.00018714574774358894, -0.00022261359922230717]
[-3.502464594232202e-05, -4.052416004751702e-05]
[0.00030244474077553707, 0.00010232878958929548]
[-7.262139229059772e-06, -0.00018223575591128083]
[1.8358371608295787e-05, 7.760842797477352e-05]
[-6.105130195914119e-05, 0.00010828049047484356]
[0.00017750249541837772, 8.603927701808511e-05]
[0.00026104076513827623, 0.00012222819671983687]
[-0.00010616062183780445, 4.45392736171113e-05]
[0.00010068575549106173, -7.472899079097317e-06]
[-8.466595454670323e-06, -0.00026907247324930994]
[0.0002954659226584583, 2.8731732748754624e-05]
[7.286640159169522e-05, -9.228326762204808e-05]
[0.00013527843903818337, -0.00028534672501876607]
[7.216608895008886e-05, -0.0002856937841259899]
[-3.7713277795212163e-05, -0.00012503085889023838]
[0.00031265321034976146, -2.183891229762258e-05]
[8.201319688401487e-05, -0.00021921080665435189]
[0.00010652253455162297, 9.990020465044935e-05]
[-0.00014251314720090114, 2.5955903407981484e-06]
[0.00022794977648848969, 1.5364663820516267e-05]
[0.00014384037323790858, 0.0001403017740934931]
[-3.002663110934084e-05, 0.00016407813583646513]
[0.0001054438258225876, 3.0867579454141314e-06]
[-6.0631491589691056e-05, -0.00017120907536824492]
[0.0002092392332083276, 0.00015417260086242335]
[5.204527423828542e-05, -0.00010419910807620003]
[0.00023446830277175368, -0.0002280992805526877]
[-6.648199057978678e-05, -0.00023704391673274455]
[3.118049345722518e-05, -0.00015919775549554788]
[0.00029640104401412737, -0.00014434883781039992]
[0.00013715163650646067, -0.0001929030177938093]
[0.00015465294165736831, 4.4625396287412133e-05]
[-0.0001410304747118396, -0.0001658337970786572]
[0.0002251142849538923, -3.335016737462948e-05]
[6.634039769473632e-05, 0.00012838005557211374]
[0.00013263851941566762, 0.00020811589202854308]
[6.17735019307758e-05, 1.719172846123551e-05]
[-8.628341072918627e-05, -9.134598703594565e-05]
[8.707258905230053e-05, 0.00017592477750302815]
[2.610494786865064e-05, -6.07713363036666e-05]
[0.0003130915403929124, -9.61518853562493e-05]
[-0.00012007789960175735, -0.00013981530230304517]
[6.248663364813445e-05, -0.0001432125295763309]
[0.0001870826807493231, -0.0002623070747611797]
[0.00018869265440824012, -0.0001760077235362957]
[0.00015826925928429103, 1.5086845689342432e-05]
[-2.8533198118241287e-05, -0.0002697967907241347]
[0.00023133545483215723, -9.394083811732623e-05]
[-3.0922070712507965e-05, 8.441127606843846e-05]
[0.0002558206883566394, 0.00013651447861251498]
[3.7618545472413445e-05, -3.3828151634607284e-05]
[-7.082448718349205e-05, 2.566309598986405e-05]
[-4.192231838333338e-06, 0.00016483697127636643]
[6.623557952561976e-05, -2.9954241226787248e-05]
[0.0002704625543888117, 5.587386290398233e-05]
[-0.00014843868729419452, -5.1408729308116685e-05]
[9.630108462525822e-05, -0.00014809310054426927]
[3.4953473611230856e-05, -0.0002645518640677219]
[0.0002450538150838705, -9.567167393524298e-05]
[0.00017898145844141844, -2.866782201497997e-05]
[7.829276048037029e-05, -0.0002954657082622908]
[0.00016665633248191813, -0.00017077113577036035]
[-6.818155169927009e-05, -3.4011834143893305e-05]
[0.00031963763201102446, 5.178895214391632e-05]
[6.712722668092419e-05, -5.551008076334907e-05]
[3.34087280713935e-05, 9.245916293945666e-05]
[-0.00011500411889827852, 0.00010696552371058932]
[8.335073108972635e-05, -4.650671590161748e-05]
[0.00017904595361827036, 0.0001256899422863167]
[-0.00012419712714958897, 7.719769399222587e-05]
[0.00014339529650024552, -9.974825923103614e-05]
[-5.839942242949481e-05, -0.00021026436840940188]
[0.00020982176029860078, 3.1880263036618284e-06]
[0.00013871827929136035, -9.140669730006712e-05]
[0.00020195153943493305, -0.00029289535217697643]
[7.123359933852713e-05, -0.0001634671609555341]
[-2.101855832076574e-05, -0.00011236990419365156]
[0.0003592661818665882, -7.46516869171987e-05]
[6.728969321103534e-05, -6.0994182030510435e-05]
[0.00011553675260443652, 7.664021984779557e-05]
[-0.00015431439276231834, -3.187093906178995e-05]
[9.345264290837318e-05, -3.427541483377872e-05]
[8.546902783555105e-05, 0.00017229994922815517]
[-5.005050495464347e-06, 0.00014919576442093407]
[0.00011793993298353511, -4.117942031175992e-05]
[-0.00014233313300006378, -0.00013409782260395686]
[0.00015071140022712703, 3.957810722769739e-05]
[7.953060715346766e-05, -8.364637103455697e-05]
[0.00031798411589677167, -0.00018924203837258208]
[2.203067446871279e-05, -0.0001311234732792113]
[1.8444715405612627e-05, -0.00015520004288921072]
[0.0002896903729039668, -0.00021501536113146397]
[9.747846957058187e-05, -9.324942344193093e-05]
[0.00017777246084918485, 5.8897580998903964e-05]
[-0.00010047347733251055, -0.00013276229572488363]
[0.0001358350813583098, -5.72372985327696e-05]
[-5.156953335112846e-05, 0.00015699757559969885]
[9.736070594446034e-05, 0.0001342466557284483]
[9.241442989167681e-05, -3.67693135112368e-05]
[-0.0001652783940519105, 6.96850247228209e-06]
[9.252536109832787e-05, 7.718498566366971e-05]
[6.507451489168314e-05, -7.197157356816919e-05]
[0.00032342268472251856, -4.9277015926968426e-05]
[-3.997301149438748e-05, -8.871953767629337e-05]
[9.592357960894193e-05, -0.00019609361404786946]
[0.00016599659573938996, -0.0002602451775567498]
[0.00015183639261710964, -6.483106710296685e-05]
[0.00024402659743805177, -1.1840682741771913e-05]
[-3.825878590936471e-05, -0.00019817447701667157]
[0.0001205745042993922, -0.00011100620784278148]
[-0.00012919316086796445, 4.841216604428711e-05]
[0.00018529619291851596, 0.00010310078749861673]
[8.147171298071923e-05, -1.1803532415727291e-05]
[-8.627228294111333e-05, 0.00010748715877156867]
[-1.3133958767723442e-05, 6.872110119104935e-05]
[2.636373912365264e-05, -6.590638666323367e-05]
[0.0002820953090533762, 4.563749420244401e-05]
[-5.9714905429865406e-05, 1.5011180316895634e-05]
[0.000186688176427377, -0.00015338900283089207]
[6.297922896072311e-05, -0.00026134013721182403]
[0.000146904309340605, -2.0245513080857647e-05]
[0.00022526293018643867, -0.00011001743270176029]
[7.653135975905362e-05, -0.0002446041716609934]
[8.762476850954215e-05, -0.00011458534483452243]
[-0.0001289450497846817, -4.378046415987047e-05]
[0.00026619587087368946, 2.6175559126873083e-06]
[2.903803385630871e-05, -8.926348054577593e-06]
[-5.322201964128026e-06, 0.0001419496109053009]
[-6.957932469687719e-05, -1.7051070964030357e-05]
[1.1695932352583094e-05, -1.1120941432823939e-05]
[0.00020449917276241236, 0.00014029542557408847]
[6.985788579133567e-07, 8.43679145635795e-05]
[0.00020374292461017296, -8.48544741903906e-05]
[-5.976289027791182e-05, -0.00021484029599522225]
[0.00014611999239984297, -4.779095113233156e-06]
[0.00017215555146108882, -0.0001467656973056751]
[0.000202258177382994, -0.0001871381275760746]
[7.577614972960334e-05, -0.00012798712190759468]
[-0.00011356613190825413, -0.0001320334316552499]
[0.0002459083442826887, -0.0001284360073147417]
[1.703583326610053e-05, -5.314590235430683e-05]
[9.257123018412139e-05, 0.00015978054920690044]
[-6.807328927358955e-05, -8.301067117666427e-05]
[4.825621782158368e-05, 8.697635680648963e-06]
[5.88970011720924e-05, 0.0001651732261463701]
[5.338115500310922e-05, 0.00010748147063666114]
[0.00021044525689774274, -4.078741582533296e-05]
[-0.0001235770929773755, -8.222733053714348e-05]
[0.00013670027417979347, 4.476761059508949e-05]
[0.000129086107926054, -0.00017754746774331642]
[0.0002465451014760922, -8.880841843851572e-05]
[2.1393586192800657e-05, -0.00013229434421271197]
[-2.589647802275774e-05, -0.000214501365183941]
[0.00017635358104109433, -0.0001975988171463161]
[3.456822587222935e-05, -5.78077190094492e-05]
[0.00019962484834580574, 9.440009999291121e-05]
[-6.153659586270732e-05, -0.00015431117227206192]
[5.2932085866222445e-05, 1.4084718763518467e-06]
[-4.482781917934317e-05, 9.421168848522399e-05]
[0.0001276323643556454, 0.00012730452424264405]
[0.00019355450929448015, 3.229261472562084e-05]
[-9.23460587037711e-05, 3.0261500157807708e-05]
[7.010797085656162e-05, 6.357699548587004e-05]
[4.481385856632686e-05, -0.00018026274589591496]
[0.00026297959798131376, 6.356433941701045e-07]
[-9.546638520600143e-06, -7.574242603105089e-05]
[8.767642843189594e-05, -0.00020230617116253485]
[9.711243493179533e-05, -0.0002496998923805678]
[2.4495052377799392e-05, -6.677126029445979e-05]
[0.00022009941351440465, -1.3014613701928246e-05]
[1.3861033686821123e-05, -0.0002252066441436884]
[6.869471628204171e-05, 1.7803594672072265e-05]
[-9.626234836921516e-05, 1.726073897548308e-05]
[0.0002149985613112415, 7.217280751670163e-05]
[0.00011521499350844629, 6.41739006401465e-05]
[-4.2883194150373366e-05, 0.000109294128905979]
[3.313344412460284e-05, 2.8915186010058935e-05]
[-6.035139412274848e-06, -0.00011320278080709234]
[0.0002268062298774881, 0.00011827977954662061]
[7.878820996086444e-06, -4.026921522087834e-05]
[0.00014763254914867963, -0.00015328631223682915]
[-2.99962738265179e-05, -0.000248083484494295]
[5.175646263869127e-05, -8.849102390429478e-05]
[0.0002015118379998515, -8.562142575752399e-05]
[0.00011161732959259069, -0.00021018278471564983]
[9.916971524277784e-05, -8.803294544543205e-06]
[-0.00012544117010944433, -9.206124084930323e-05]
[0.00022616443311716805, -1.7452268302270424e-05]
[6.696460589354636e-05, 3.834147507339458e-05]
[5.834821672957846e-05, 0.00017380081381360157]
[1.3794000654397676e-05, 1.1412982124925364e-05]
[-2.005131849325964e-06, -6.44413810443889e-05]
[0.0001098196721682071, 0.0001767601772866556]
[1.0286920653745923e-05, -1.2083320774514128e-05]
[0.0002028160644931415, -9.340823702924661e-05]
[-0.00011439694101332554, -0.00015583853861653868]
[7.791039726637305e-05, -5.685479950309075e-05]
[0.0001595546868357403, -0.00016638371952569161]
[0.0001627602995480891, -0.0001662334165982611]
[7.597250007296275e-05, -3.959248809178029e-05]
[-6.209133580503332e-05, -0.0002060992020573721]
[0.0002094452267706326, -7.735709182674078e-05]
[3.515552745869677e-05, 2.5557001163051263e-05]
[0.00018342852629142647, 0.0001433437009280003]
[-1.6407548605212874e-05, -3.7960213442239654e-05]
[-5.647545660313058e-06, -2.1171194890701184e-05]
[1.2925169102784295e-05, 0.000156114083542519]
[5.15851988373596e-05, 3.313100448779083e-05]
[0.0002098540753155964, 1.4894311537394511e-05]
[-0.00012914521004699087, -6.556364808599224e-05]
[5.8427201146266095e-05, -3.832421744065506e-05]
[5.381541353855976e-05, -0.00020292803500223527]
[0.00021495443331827346, -0.00010769357987842898]
[6.183948536096079e-05, -2.9876294009710536e-05]
[3.992405220473033e-05, -0.00023565609300791462]
[0.0001691107041970341, -0.00015181852513530825]
[-4.950421668564742e-06, -2.200265079477931e-05]
[0.00024007346444682165, 6.23579860739576e-05]
[1.6969927992147027e-05, -0.00010285909511803526]
[3.4740488485410226e-05, 3.49390497934865e-05]
[-6.744678358860251e-05, 0.00011868464195394224]
[0.00011712739212959601, 1.7331315285973314e-05]
[0.0001403220936473798, 8.331704810943252e-05]
[-0.00012401290818100236, 2.8310200397563268e-05]
[6.166779769058162e-05, -3.862198313438203e-05]
[-2.7290277856986678e-05, -0.00015944408165689816]
[0.00021712472263969718, 7.681267523707014e-07]
[5.9703475242030984e-05, -4.319372857482934e-05]
[0.00011964451091664441, -0.00023048889741229123]
[6.546968977318851e-05, -0.00018282967960698074]
[1.7422700480718145e-05, -8.320489711067039e-05]
[0.0002683140700938391, -1.568400223731642e-05]
[6.884817955962047e-05, -0.00011080392548779017]
[9.774883683713598e-05, 2.857777982126497e-05]
[-0.00013370528049815034, 2.0635393180673534e-05]
[0.00013604359483805617, -1.9836656683314136e-05]
[8.017865129372921e-05, 0.00010007560830802009]
[-4.593075251220144e-05, 0.00012201321868243742]
[5.0651571060406075e-05, -1.0300108731015056e-05]
[-6.797815556874864e-05, -0.00011338812347845562]
[0.00014417070497757534, 6.939716420858999e-05]
[2.4768775671660248e-05, -3.857615429814221e-05]
[0.00021340327955850225, -0.00018638589264834138]
[-1.401350677870776e-05, -0.0001382398287980771]
[5.2814169969980784e-05, -9.146002585826152e-05]
[0.0002522019488128413, -0.0001256717304093241]
[0.00010151623735928789, -0.00011492284458144986]
[0.0001162406216757561, 4.374070802282137e-06]
[-0.00010714518431544778, -9.700446843576016e-05]
[0.0001574064811880882, -4.716674737045845e-05]
[9.706082232475988e-06, 0.00011013241136248464]
[6.878815185974718e-05, 0.0001293701336318176]
[1.1261359182432318e-05, -2.04757857384108e-05]
[-0.00010354271083823016, -4.1694803747244213e-05]
[7.71201411825101e-05, 8.990260534585959e-05]
[2.630585484483805e-05, -1.164770218012312e-06]
[0.00025315224883906695, -7.42688645061218e-05]
[-5.883322028887514e-05, -8.939935887543327e-05]
[6.911586441028794e-05, -0.0001037795850553705]
[0.00015571292460593578, -0.00019380603106617517]
[0.0001623263448565851, -9.849504824539432e-05]
[0.00014199479464366282, -9.95971789034128e-06]
[-3.935300824617349e-05, -0.00015565466746489398]
[0.00015789940684955706, -0.00011277927037081636]
[-6.579527622713188e-05, 5.680863913511136e-05]
[0.00014347679149011305, 9.165908138997203e-05]
[1.5446565864610934e-05, -4.9698071131920596e-05]
[-7.00451114698658e-05, 4.720965743226779e-05]
[-6.758534402018235e-06, 9.773806641896754e-05]
[4.75778054016239e-05, -1.255370813718626e-06]
[0.00021525928327302546, 1.3289180553932578e-05]
[-9.55611101862569e-05, -8.283301758282846e-06]
[0.00011562141760926292, -0.00010207252327455729]
[6.636506708419809e-05, -0.00018886356097220364]
[0.00018744876724322013, -2.6352818259720717e-05]
[0.00015101227520323418, -6.208638605714051e-05]
[3.5968079762124794e-05, -0.00019606057813122135]
[9.808267411035021e-05, -0.00015155075166357196]
[-7.033374777168366e-05, -2.1244637571374292e-05]
[0.00021271882639116446, 3.232356959546878e-05]
[1.937353047559015e-05, -4.940794583732644e-05]
[-1.299424108737457e-06, 7.336398882579198e-05]
[-9.209745910788644e-05, 3.372502227208529e-05]
[4.476773580920808e-05, 2.9763505820790126e-06]
[0.00016773449679644697, 7.12725326028063e-05]
[-5.706734598675406e-05, 8.886895419005225e-05]
[0.0001325373530667029, -5.437320573192794e-05]
[-1.037862566352632e-05, -0.00016768829086546977]
[0.0001597661985252713, 2.2187429805767267e-05]
[0.00010915412395324023, -8.94807345438696e-05]
[0.00014836507947352945, -0.0001851067917380475]
[5.20179642203647e-05, -0.00014335896041087204]
[-5.214507361238699e-05, -6.452163936083305e-05]
[0.00023362424365047652, -8.122951402936285e-05]
[1.6876234879781293e-05, -7.385619265126708e-05]
[4.659474399175412e-05, 7.755445155530061e-05]
[-0.00010164106871541484, -5.802614392697025e-05]
[7.249929005843925e-05, 1.2936422420312121e-05]
[7.966303892410417e-05, 0.00011664434133190626]
[1.9580230774491475e-05, 0.00012204158264206288]
[0.00011225536322939655, -3.4594074017763043e-05]
[-8.381817144706427e-05, -9.220916662751322e-05]
[0.00013702165450446557, 5.697165481799438e-05]
[8.787125603688245e-05, -8.159655038490754e-05]
[0.00021644985419093377, -9.717766605284173e-05]
[7.983419163085786e-06, -0.00013832951270113802]
[-2.238464496654574e-05, -0.00011655342532931531]
[0.00017227289145294034, -0.00016685509419012493]
[5.7640377192587355e-05, -8.580729456185432e-05]
[0.00011379986669561581, 6.285771080895286e-05]
[-8.141198134227479e-05, -0.00012018891928415598]
[9.201959611271349e-05, -2.312891522246452e-05]
[-2.226157797936487e-05, 8.270437400922925e-05]
[8.285173850142505e-05, 0.00012930055402682328]
[0.00011162846704376728, -2.1748052039277654e-05]
[-7.9510468407408e-05, 1.254836380210067e-05]
[7.67167039358585e-05, 9.328053656210145e-05]
[6.677159184687725e-05, -8.968684642485236e-05]
[0.00022226424457100213, -1.5665764206057586e-05]
[-4.543271016889394e-05, -8.839785526986582e-05]
[5.4113352921568436e-05, -0.0001340348826172101]
[0.00010328143017213076, -0.0002017612278763653]
[7.845151383531479e-05, -5.4045822568776075e-05]
[0.000151099968645374, -8.657441859891146e-06]
[-3.5149746245355384e-05, -0.00018841902071357886]
[7.076230737347589e-05, -4.473495851320397e-05]
[-6.296009389885476e-05, 1.3547733823629504e-05]
[0.0001667738771222449, 0.00010454711578020137]
[8.39657148464755e-05, 4.2604394118184175e-06]
[-3.327447439787842e-05, 7.081673849734793e-05]
[2.1127013209165657e-06, 6.457116643196481e-05]
[3.0343469520452415e-05, -6.487664481326372e-05]
[0.0002098417101148442, 6.629649352572764e-05]
[-3.759378500403643e-05, -1.4203925743042078e-05]
[0.00010324838516993784, -9.298826727609927e-05]
[1.6142374888953454e-05, -0.00021944665066881905]
[7.736051797112287e-05, -4.0722510970540166e-05]
[0.00012940565918651697, -6.394043846252515e-05]
[6.494074910452091e-05, -0.00020874850895060207]
[6.598109126033924e-05, -5.1244601140157386e-05]
[-8.288476032392023e-05, -4.7806646843548406e-05]
[0.0002119612886997413, 1.4456694951522908e-05]
[4.791124001578273e-05, -1.5463988100691828e-05]
[1.9312744979550767e-05, 0.00011625783875390816]
[-2.2492365787978724e-05, 1.3000451755840192e-05]
[4.0135159160299694e-05, -2.6480272842632768e-05]
[0.00013426611281830425, 0.00014252741440817784]
[-4.494963417936426e-06, 2.1732708780919374e-05]
[0.00012099248792482586, -6.116895683616619e-05]
[-7.952731151968095e-05, -0.00016629685974938607]
[9.21377761758796e-05, -1.4612294114042801e-05]
[0.00010970643177683065, -9.698725022181179e-05]
[0.0001373340296709248, -0.00015886197458941237]
[4.293370433284399e-05, -7.696410307340279e-05]
[-6.765162936573851e-05, -0.00013355561055849313]
[0.00018947564149479623, -6.319172336045897e-05]
[5.3110888462534755e-05, -3.575379490766695e-05]
[0.00011090397604958391, 0.00012529808034386636]
[-3.9683824630609016e-05, -3.155743309057879e-05]
[5.392385434224711e-05, -2.449962051384591e-05]
[3.282982325289452e-05, 0.00014059003058555786]
[3.095528107007264e-05, 5.812807172830836e-05]
[0.00014112335038138357, -1.2988036123789959e-05]
[-0.00010598769529437946, -7.387043556179862e-05]
[6.588359874612482e-05, 2.8077966107903363e-05]
[6.331519290339593e-05, -0.00013485412832102417]
[0.00017458868185658838, -0.00010407379912519277]
[-2.438235604577954e-06, -6.205363345493549e-05]
[1.0279470619607711e-05, -0.00018033863870619768]
[0.0001550042613193553, -0.00012019785311955661]
[4.605575909978621e-05, -3.659938932020629e-05]
[0.0001750953822770851, 6.422263124253313e-05]
[-2.750069871920724e-05, -0.00010445512338043417]
[5.440047046290086e-05, -9.23746593350927e-06]
[-2.9709980161930077e-05, 0.00010192548922252631]
[0.00010584559892746342, 6.641567250625924e-05]
[0.00010997051534053504, 4.582468333788614e-05]
[-9.587533696421568e-05, -3.4076036976582458e-06]
[2.3587066150340674e-05, 2.4701664269211054e-05]
[-2.4150571512893126e-06, -0.0001188233856262294]
[0.00019782146609835516, -2.1397905035060172e-05]
[-7.987682143734826e-06, -2.8318802285903777e-05]
[7.451998473236021e-05, -0.00016836674384384034]
[7.934425218324853e-05, -0.00017046143892272478]
[4.547408403235073e-05, -6.296344753235067e-05]
[0.00018694828662688123, 3.983047585406907e-06]
[4.126051813732601e-05, -0.00014265926877489454]
[8.461125670465586e-05, -3.3311437739047545e-06]
[-8.562184125803646e-05, 4.593858133869477e-05]
[0.00015652233277004685, 1.4262915203150373e-05]
[6.034496239672692e-05, 5.254217746758494e-05]
[-5.898090144704042e-05, 7.36931334231472e-05]
[7.66584459070685e-06, 1.5903306662623518e-05]
[-2.273417488425633e-05, -7.794961845107584e-05]
[0.0001502479506535065, 6.854903088933384e-05]
[-1.1390905089871117e-05, -1.391295161391054e-05]
[0.0001266058697761141, -0.00014894267746418804]
[-1.787528820337142e-05, -0.0001498435256703512]
[7.602561822628306e-05, -6.45935837244177e-05]
[0.0001888452599892107, -5.8091412368316275e-05]
[9.564830548435335e-05, -0.00013144786161922717]
[9.209800231078924e-05, -3.217783338320401e-05]
[-9.65832295535124e-05, -5.3353428397351355e-05]
[0.0001652697524289065, -3.33729643527958e-05]
[3.518892902318327e-05, 4.995926523536365e-05]
[3.4864973037354585e-05, 0.00011174715843750849]
[-2.5362293918820833e-05, 4.444974205375374e-06]
[-3.535835313301858e-05, -5.201278476968385e-05]
[7.104263467933025e-05, 9.620714712532674e-05]
[-1.0250441619771844e-05, 2.4557827978347047e-05]
[0.00017593981792526914, -8.746798767764186e-05]
[-6.585976534977458e-05, -9.00692022412844e-05]
[7.634883910943857e-05, -4.255410246108149e-05]
[0.0001398699747794576, -0.000126519214048864]
[0.0001441258154426181, -0.00011563615585667882]
[7.595229754689403e-05, -3.5607909832622436e-05]
[-3.8446585357294893e-05, -0.00012257606813737693]
[0.00016933351524099638, -8.756678329613354e-05]
[-6.327637476162551e-06, 3.974075283191825e-05]
[0.00011350155691824959, 7.945015241332676e-05]
[-3.724076929308845e-05, -4.6809136930864303e-05]
[-3.609626750000067e-05, -2.215621088458297e-06]
[5.734566069462432e-06, 9.785519210572802e-05]
[3.515435680961215e-05, 4.672513185205451e-05]
[0.00016111774308115445, -7.633478944141237e-06]
[-9.428822253719493e-05, -3.0019287920027282e-05]
[7.210745422976672e-05, -4.4991886720816e-05]
[6.12014323779185e-05, -0.00013454485070782396]
[0.0001910237888090166, -5.5946622283694486e-05]
[8.048844307839004e-05, -3.8177958777758925e-05]
[2.153858992782684e-05, -0.0001470773020200225]
[0.00012328374745838866, -0.00014976875604823248]
[-2.4072251321685667e-05, -1.0500637075701313e-05]
[0.00015958594310942764, 3.55851635786969e-05]
[-4.799740097663485e-06, -7.714291688744324e-05]
[9.39759304262322e-06, 2.753451491033232e-05]
[-7.335971129249913e-05, 6.74368220824062e-05]
[6.677848060672106e-05, 2.7060527789807276e-05]
[0.00011873412634769848, 2.9508029897956645e-05]
[-8.809692144774728e-05, 5.816112708928456e-05]
[8.050219033826911e-05, -2.9113839985744905e-05]
[1.301497410390734e-05, -0.00011214042342028163]
[0.00017479885139462525, 2.1082102136735226e-05]
[6.21717776223725e-05, -5.319752679499787e-05]
[9.491201586631776e-05, -0.0001570006762603611]
[4.9911903875085595e-05, -0.00015457187778549972]
[-4.289814455396557e-08, -3.919780455088201e-05]
[0.0001950463585328327, -3.5970375122901244e-05]
[1.6917360078444466e-05, -8.553455069300331e-05]
[4.0749282411670085e-05, 1.603766908164772e-05]
[-0.00011131332882640191, -1.913808459888533e-05]
[8.433227397488391e-05, 1.5232433169198867e-05]
[7.699914149318296e-05, 5.9093127569825876e-05]
[-1.7100965243422445e-05, 0.00011599972364764732]
[5.427572610330195e-05, -1.2972757176238359e-05]
[-3.5444531876940855e-05, -8.089661419408145e-05]
[0.00013242390398331139, 5.857461345236403e-05]
[4.049285815131698e-05, -3.166930276463087e-05]
[0.00017136801963474335, -0.00010651764117420442]
[3.531252223777648e-06, -0.00013254354462785903]
[1.10630807434349e-05, -4.999320497258569e-05]
[0.00016656036524494156, -0.0001236946235017855]
[5.471512772846007e-05, -9.9587987056865e-05]
[6.063148799845264e-05, 1.3072691940299586e-05]
[-8.738831442219042e-05, -8.989570092657329e-05]
[0.00011160055971799754, -1.9352381046763845e-05]
[5.523320597580067e-06, 6.088658106159772e-05]
[5.16558780080667e-05, 0.00011723304308353111]
[3.706003202375713e-05, -3.319889688041533e-05]
[-5.722978093193956e-05, -9.090286541418857e-06]
[8.52980831967387e-05, 8.971969707680105e-05]
[5.2949922958817064e-05, -1.551016276765682e-05]
[0.00018572193095829637, -2.7802270131910278e-05]
[-4.604059638183694e-05, -9.771109815251422e-05]
[3.840452180151055e-05, -7.011249805381065e-05]
[0.00010040393592118668, -0.00015925291407365046]
[0.00010374484039701523, -6.872374557706333e-05]
[9.160590074933084e-05, -1.2727087231489964e-05]
[-5.2378189985363005e-05, -0.00013956638185679687]
[9.437120791244702e-05, -7.241711126051986e-05]
[-3.9063030609402805e-05, 9.336625389266828e-06]
[0.00011370362797924471, 0.00010369416617281302]
[4.171096268437702e-05, -3.888956374673014e-05]
[-2.193227668784159e-05, 4.5450823217552117e-05]
[6.174876242014127e-06, 8.716491919605329e-05]
[5.202038671014986e-05, -1.6315153350932032e-05]
[0.00017156911181334666, 2.7935794321851115e-05]
[-6.542543637598486e-05, -1.9942052750202e-05]
[7.679698207760377e-05, -5.1138565252538404e-05]
[4.331990608281294e-05, -0.00016931888640873624]
[0.00010746496434308611, -2.027024917408693e-05]
[8.207212708753742e-05, -5.50203144486644e-05]
[1.875291240749019e-05, -0.00017854156836624724]
[5.602384927991255e-05, -8.755787502884305e-05]
[-4.2281603772814647e-05, -3.321432358633497e-05]
[0.00017418751443354363, 4.373128770052137e-05]
[2.8659300610862914e-05, -4.717684278209011e-05]
[1.310150280592337e-05, 6.513717069150937e-05]
[-4.3777085312637215e-05, 2.7866931714609633e-05]
[5.77038391376284e-05, 2.9161534089994223e-06]
[0.0001365248476935324, 8.818910686614334e-05]
[-2.6087613432201895e-05, 4.012524411933782e-05]
[7.615729725946041e-05, -2.2479514790813004e-05]
[-3.056571899610894e-05, -0.00015314902355857696]
[0.00010126424835946168, 8.929766092874436e-06]
[5.8990459399593104e-05, -6.269130331974099e-05]
[0.00010379748313530529, -0.0001518963381073636]
[2.8904237575386182e-05, -9.67126716233703e-05]
[-4.355015055582112e-05, -7.489682237555445e-05]
[0.00017202266854185466, -4.29467912917425e-05]
[4.059483029215244e-05, -7.461069973201118e-05]
[5.781593822461184e-05, 8.270148420864987e-05]
[-5.1034392766609316e-05, -2.662427291177938e-05]
[8.639641497424494e-05, -2.921662855537299e-06]
[5.6006787458956486e-05, 0.00011268086958932111]
[1.70409935716688e-05, 6.666824492665424e-05]
[7.675333920957594e-05, -1.4366918896988046e-05]
[-7.595678912840353e-05, -8.166903429407402e-05]
[8.322554864273468e-05, 5.276997978043152e-05]
[5.027313867878025e-05, -7.256694017478832e-05]
[0.0001413789392244319, -9.282835763552155e-05]
[-2.1084075134245386e-05, -9.242130524827162e-05]
[-6.405871876544178e-06, -0.00012142909779267082]
[0.0001332313277499983, -9.53323522229349e-05]
[6.913333172745006e-05, -6.811103107690064e-05]
[0.00011498524313079128, 5.669811205200048e-05]
[-4.8292190066440144e-05, -8.494121356103501e-05]
[8.510669899852719e-05, -2.7300730221654912e-05]
[-5.849881347417402e-06, 7.909672169970072e-05]
[7.61619263055964e-05, 8.541420558683122e-05]
[7.513696840186213e-05, 1.2135799934642755e-05]
[-6.495914841756975e-05, -1.653188442078679e-05]
[2.4879417749784638e-05, 7.105908320226284e-05]
[1.8624981072468128e-05, -7.721947690705888e-05]
[0.00016020977443194362, -3.519560330775273e-05]
[-5.169259884175645e-05, -4.284250479535609e-05]
[4.87969242137648e-05, -0.00011834440361514764]
[8.465539175850356e-05, -0.00013724768195659195]
[7.170731273368688e-05, -5.5113160357091184e-05]
[0.00012679903514778434, 5.000647224716326e-06]
[2.8240823508191015e-06, -0.00014337088558358246]
[7.93590056450133e-05, -3.0588924395891226e-05]
[-3.908828179179785e-05, 4.077039668420879e-05]
[0.00014606208496661943, 5.1665917293552965e-05]
[4.289451519304266e-05, 2.154397073492187e-05]
[-4.3397247806331585e-05, 3.1399623946992694e-05]
[-1.6141587341512997e-05, 4.4918627872647665e-05]
[2.1204666723895205e-06, -4.734504370985937e-05]
[0.0001461565589345043, 4.418544928509738e-05]
[-4.115154857475822e-05, -2.405319838603981e-06]
[7.413309435384818e-05, -9.740296686817917e-05]
[1.4565199124294548e-06, -0.00014690077614708946]
[8.539719944798685e-05, -5.003582877853227e-05]
[0.00012015041547396021, -2.6049731736119824e-05]
[7.561794833142385e-05, -0.000144272221064487]
[7.964378802320649e-05, -4.9698024715633116e-05]
[-6.421771570642998e-05, -1.8799605772383543e-05]
[0.00016607498769907747, -1.2562802720647581e-05]
[3.1565000656784414e-05, 2.7534495237596657e-06]
[1.0002831994079808e-05, 7.668515626399475e-05]
[-3.874477033035187e-05, 2.1234524833435575e-05]
[1.3760284749926577e-05, -3.379037033793275e-05]
[7.669856622319338e-05, 9.173907045960383e-05]
[-3.053656667788285e-05, 2.8696681286299874e-05]
[0.00010225178507157484, -7.554635899022222e-05]
[-6.111941164883838e-05, -9.578748519373931e-05]
[9.087426248378938e-05, -1.59077591516954e-05]
[0.00010665223425319025, -6.640059612790516e-05]
[0.00012094049952441482, -0.00011852843013683903]
[4.736097887757945e-05, -6.316110226742278e-05]
[-3.5734448660125484e-05, -8.832970874723262e-05]
[0.00016102624019628808, -6.16697980676123e-05]
[3.100280867240901e-05, 1.7243927194487974e-06]
[8.423974850957361e-05, 6.791961482377484e-05]
[-6.076772099422589e-05, -2.433760284707709e-05]
[1.091620117734532e-05, -2.720583214957384e-05]
[1.3523703696109723e-05, 8.853800289568281e-05]
[8.858633028675095e-06, 6.470698948260467e-05]
[0.00011069521688418515, -2.3509583499115028e-05]
[-8.01045156922503e-05, -4.000950854038399e-05]
[6.0628296096945644e-05, 3.801477325232616e-06]
[5.56619930212332e-05, -8.896652968393148e-05]
[0.00016463504916278127, -7.877754350873317e-05]
[2.4767493161891724e-05, -4.181540457845294e-05]
[1.9225569304674034e-05, -0.00011097822570292279]
[0.0001361405455803516, -0.00011975789920875071]
[1.777028263333369e-05, -1.1679785423809874e-05]
[0.00012112473704967153, 2.688224883815038e-05]
[-3.5143078909213865e-05, -8.07182981472504e-05]
[2.4818493916889395e-05, -7.654686808994393e-06]
[-4.1678905664484234e-05, 7.287147647984382e-05]
[6.732272333418929e-05, 5.462960531893435e-05]
[7.71081650895386e-05, 9.555137455152796e-06]
[-8.602264278249547e-05, 2.084925333875609e-05]
[4.2538671992137234e-05, -1.5756503479735784e-07]
[1.655938960697101e-05, -6.800454162747549e-05]
[0.0001748796607053682, -2.5020811046105873e-06]
[2.0776670659184565e-05, -2.9951191918939357e-05]
[6.202981698330556e-05, -0.0001151507949815854]
[6.505113963350267e-05, -0.00015007318924391624]
[3.3574950561037625e-05, -3.241804974182458e-05]
[0.00014405404662627685, -1.2493813509387164e-05]
[1.126203326888564e-05, -9.60767628218756e-05]
[4.90615914586906e-05, -1.8748743736654583e-05]
[-9.218609624896124e-05, 1.6975439347949317e-05]
[9.346967164499537e-05, 2.0721379200630552e-05]
[5.258071330558299e-05, 1.5396506135911814e-05]
[-4.4707020314683696e-05, 8.677560130262996e-05]
[2.1670951293559226e-05, 5.2167843518358126e-06]
[-7.039616344156618e-07, -5.0563866825184545e-05]
[0.00013060017153680714, 5.26210144253525e-05]
[5.55678122987624e-06, -1.0014512768607986e-05]
[0.00011804501493350994, -9.967878113385092e-05]
[3.636284466805584e-06, -0.00012627636672069356]
[5.0137307607472925e-05, -2.14854883197977e-05]
[0.00014510946548539766, -7.535361546590069e-05]
[4.760399945010971e-05, -9.97260247670162e-05]
[4.38040929448269e-05, -3.350149284315346e-05]
[-8.556998251248171e-05, -5.7929430880773736e-05]
[0.00011326209911836915, -1.1195018123022482e-05]
[2.338427991237929e-05, 2.5628396775140283e-05]
[2.60631559449373e-05, 0.00010072515593831377]
[-1.0520792996113193e-05, -1.761708692324393e-05]
[-2.2958568481681874e-05, -2.1173712806507594e-05]
[8.337951215268286e-05, 7.444898960778934e-05]
[1.959011818584988e-05, 2.613201165656276e-05]
[0.00014785834942115939, -4.074727856370752e-05]
[-3.477412198690799e-05, -9.310378256621038e-05]
[4.6131833791387966e-05, -1.8177901064182767e-05]
[9.637244802417934e-05, -0.00011923437283076904]
[0.00010021414037867521, -8.426186256232232e-05]
[4.576103051768393e-05, -3.1849127373438646e-05]
[-4.9310492550035806e-05, -9.936638145936066e-05]
[0.00011369157293346366, -6.841740325003176e-05]
[-1.4766409908981148e-05, 4.116324559877427e-06]
[7.552887482199788e-05, 8.385728136045545e-05]
[-6.1128400624301665e-06, -5.5058570687452346e-05]
[-1.0553503123969521e-05, 2.2595855464740966e-05]
[2.2819632267002954e-05, 8.521102845251982e-05]
[5.1566565620671245e-05, 2.998380659338662e-05]
[0.00013209168104365288, 6.9365283975608705e-06]
[-6.653281748877915e-05, -3.5773868425084676e-05]
[5.817606880376136e-05, -1.7087409802697684e-05]
[4.9544105541844685e-05, -0.00012083710813919069]
[0.00012724525966145706, -2.6504534756582876e-05]
[4.685112319612397e-05, -4.8537983175120716e-05]
[-6.3823170137131124e-06, -0.00013101116694924468]
[6.752252215347365e-05, -0.00010765764537529893]
[-1.5370136012632374e-05, -3.1289743348372756e-05]
[0.0001242192091535782, 5.2343455815354045e-05]
[8.265912392058095e-06, -6.871105089092944e-05]
[2.05485669184588e-05, 3.230991600827737e-05]
[-4.237298850146877e-05, 4.629428274494085e-05]
[6.585971083338839e-05, 2.5541332113826476e-05]
[0.00011296009374107963, 3.900099944716129e-05]
[-4.706106537420707e-05, 3.695608913084625e-05]
[5.552146579106132e-05, 4.948781085298282e-06]
[8.689772234761473e-06, -0.0001162177443636142]
[0.00011189973067285419, 2.0226897461346482e-05]
[2.397561867886061e-05, -5.061962592924074e-05]
[6.441821328945219e-05, -0.00013299456012715385]
[2.41171891217154e-05, -0.00010926361775014451]
[-7.7991892575794e-06, -4.407744054625226e-05]
[0.0001462556926900005, -1.7620842687304794e-05]
[2.1718106777077195e-05, -8.925609540688662e-05]
[3.5404799472560367e-05, 3.3996774003564045e-05]
[-5.861489410326909e-05, -1.7653560668101642e-05]
[9.269217547703407e-05, 1.940926791427211e-05]
[6.973482673283682e-05, 6.996760050193007e-05]
[4.174221145864659e-06, 6.968501166307317e-05]
[3.400005502628145e-05, 3.6303034700174708e-06]
[-3.668492903213805e-05, -8.03232449265584e-05]
[9.229605863288193e-05, 5.504894213326228e-05]
[2.1505191814708002e-05, -3.2647398746379896e-05]
[0.00011297059466477966, -8.36812797421066e-05]
[-1.718553279848531e-05, -0.00010543239487470144]
[-1.2565121120938771e-06, -6.595030197383e-05]
[0.00011471115850005681, -7.582239766353374e-05]
[6.303451126067269e-05, -9.479146865855326e-05]
[6.393293110697196e-05, 3.295083705131402e-05]
[-5.099943104378696e-05, -6.579133532051695e-05]
[0.00010767010932452581, -1.9246284607490893e-05]
[1.2922566977831285e-05, 5.6366561515530655e-05]
[5.071947510765923e-05, 8.231339822423189e-05]
[3.40299889734913e-05, -6.305922698984778e-06]
[-3.887089113497298e-05, -2.2633149128439833e-05]
[4.4637269954878045e-05, 8.731090854798007e-05]
[2.5872339719387738e-05, -3.279940679899729e-05]
[0.00012313164855184966, -3.459952303233593e-05]
[-6.287854309895702e-05, -6.749240884364183e-05]
[3.193551897572727e-05, -7.483283756752612e-05]
[7.547901319323799e-05, -0.00010363207639537894]
[8.877253065741643e-05, -6.353397841070765e-05]
[8.092422332586086e-05, 6.185325822569143e-07]
[-2.3818900229115314e-05, -0.0001190214870495157]
[8.665743668516412e-05, -4.83205537962772e-05]
[-9.61824083092061e-06, 2.1385377959773355e-05]
[0.00011309187958013361, 7.21604162680356e-05]
[2.6833679724103804e-05, -4.024032310007142e-06]
[-1.668855429983948e-05, 8.894307336831941e-06]
[-1.6408347610893936e-05, 7.188125332661943e-05]
[1.933149645474974e-05, -2.219374068058999e-05]
[0.00012326854612608462, 1.7084404826492317e-05]
[-6.411144690871701e-05, -7.78474747836766e-06]
[4.9694609404585255e-05, -5.284717984308657e-05]
[2.279397462424948e-05, -0.00012316080003626703]
[9.118399365703328e-05, -3.926239046364577e-05]
[6.640440263201014e-05, -2.0922387135363305e-05]
[4.3195526188853986e-05, -0.00014272675059345818]
[6.935972906768617e-05, -6.0075725585875817e-05]
[-2.3543842417532435e-05, -7.217167974214733e-06]
[0.0001531436274092024, 1.4566331923995812e-05]
[1.841506692611128e-05, -2.4066052493970647e-05]
[6.418757397139152e-06, 3.655109248217048e-05]
[-4.3595111446727286e-05, 3.3168178190809416e-05]
[3.770332381436946e-05, -8.70448772295751e-06]
[8.326152640258933e-05, 7.068537545491804e-05]
[-4.037838016934803e-05, 2.7628202836291194e-05]
[5.008248208157595e-05, -4.280740456180654e-05]
[-4.102776678529402e-05, -9.863108784619046e-05]
[9.596528955960193e-05, -8.697765984271022e-06]
[6.028183760344377e-05, -2.8758878931504223e-05]
[9.743663408692815e-05, -0.00011701159785100848]
[3.959995180054937e-05, -7.675836364243183e-05]
[-2.198890378604136e-05, -5.414253004252384e-05]
[0.00014645744461247445, -4.073842524390109e-05]
[3.8922246612692335e-05, -3.764476524445448e-05]
[5.5628023409054483e-05, 4.838976078741508e-05]
[-6.04655908336138e-05, -4.665264577721762e-06]
[5.273784297758072e-05, -2.3647767882148396e-05]
[2.1976257457118065e-05, 7.748836833071371e-05]
[-1.0353062060272991e-05, 5.955629897291814e-05]
[5.994749328969845e-05, -2.7111062247689444e-05]
[-6.425228367241964e-05, -4.5154060405949714e-05]
[6.845413886652496e-05, 2.9700311055744222e-05]
[4.377893557361984e-05, -4.6322482440415425e-05]
[0.00012904591884556338, -8.369246910062272e-05]
[-4.058447739506421e-06, -6.0277293966716494e-05]
[1.764384881958181e-05, -8.285012227371262e-05]
[0.00012827298579454194, -8.393311225354805e-05]
[4.9699921478428555e-05, -2.9022049825092044e-05]
[9.275445283338235e-05, 1.8546155167310785e-05]
[-5.408496696392151e-05, -6.275137133186781e-05]
[4.901347242435017e-05, -3.0754677401781394e-05]
[-1.7389478056999835e-05, 6.0431652851689055e-05]
[4.8987836810482355e-05, 6.98456288461824e-05]
[4.5508884707553404e-05, -2.0566441477076758e-06]
[-6.471358908088226e-05, -3.327898464869361e-06]
[2.508753222285609e-05, 3.1297370128663404e-05]
[1.468429698720658e-05, -3.760408185563002e-05]
[0.0001520344360611825, -2.948319937899624e-05]
[-1.626018029098758e-05, -2.4123178353704228e-05]
[4.9289840335621504e-05, -7.809695819720533e-05]
[8.048418460690487e-05, -0.0001245416731245775]
[5.627033904930315e-05, -3.144332932540628e-05]
[0.00010007734620653963, -9.806082373872704e-06]
[-4.0486682384537065e-06, -9.871746614981136e-05]
[5.73989248504464e-05, -3.754899127929312e-05]
[-5.581449361356794e-05, 3.310803913315896e-05]
[9.480351146932964e-05, 3.369925655855033e-05]
[2.352430575663575e-05, -6.0069665380330095e-06]
[-4.992464707196352e-05, 4.6178092629953205e-05]
[2.7099175529260444e-07, 2.00661209060482e-05]
[1.2543318121279595e-05, -1.8295919521987836e-05]
[0.00012750140030684531, 3.463777030975057e-05]
[-1.796529251810869e-05, 3.916788588811948e-07]
[7.427477294537355e-05, -7.392886928028752e-05]
[1.2884792560887912e-05, -0.00011852506625284823]
[7.570139005394494e-05, -1.8003194026155328e-05]
[0.0001069325901664614, -3.887562514690371e-05]
[4.1913211359649594e-05, -9.698831391238838e-05]
[4.8639787216753216e-05, -6.043579947473399e-05]
[-7.0230996451974e-05, -2.5116434315464176e-05]
[0.00010920645845602373, -5.7657760651613765e-06]
[2.138419976327466e-05, -1.0179737457649551e-05]
[3.6934158673188056e-06, 7.596938792164831e-05]
[-3.063724694408847e-05, 2.4559946510127606e-06]
[1.0843257350273e-05, -1.4714131992540902e-05]
[7.691248285898039e-05, 5.995991023589886e-05]
[-1.0978270148676028e-05, 3.7706789924679684e-05]
[0.00010385458021471006, -4.686055296411473e-05]
[-2.5293205433901678e-05, -8.21950823797768e-05]
[6.837013564222477e-05, 9.36200357015693e-06]
[8.637286609833143e-05, -7.72843173621595e-05]
[8.408550904741297e-05, -8.703436334725652e-05]
[2.3412568695126146e-05, -5.902061719420884e-05]
[-4.024663388038294e-05, -6.905544681318904e-05]
[0.00011607367785516909, -5.11984086340872e-05]
[7.958232333189763e-06, -1.0007010692494878e-05]
[5.194949528335158e-05, 6.142497897129728e-05]
[-4.2691084835327214e-05, -4.4541929900832056e-05]
[7.670696273200106e-06, 2.743573734823035e-06]
[3.2493768146787255e-05, 6.694889463040865e-05]
[3.0383744501552568e-05, 6.048876859536534e-05]
[9.823513784131682e-05, -6.107484047487843e-06]
