[463.5288487931752, 47.89070028786867]
[-31.729601744445343, -158.36894394901364]
[-2.9297203675306296, -12.536752200326255]
[-10.082572124432524, -17.003130671697665]
[-2.454955296223039, 4.653940376805513]
[-3.9562027483505524, 4.7130556833264015]
[4.101279040321712, 3.9191213812043095]
[-3.498868068659146, 0.8747060225250065]
[1.3867402832672848, -1.9044238960657136]
[0.6976469533448402, 1.3693852900994976]
[-11.577313014265446, -2.3075203915862144]
[-8.214170949579138, -3.5842712202600477]
[1.3780172307458978, -4.340055640442504]
[12.380751389588763, 1.255066731757319]
[-0.47594412973207323, 0.13099742195980824]
[-0.11199153377964954, -2.067447499301263]
[-0.8286280602487119, -0.3822814151168501]
[3.2150644040943774, 3.056922565843168]
[0.9714564201971162, 0.7882924584496251]
[-0.5650877456661281, 4.153285013364913]
[1.7084791525370984, 1.516384569549789]
[-1.376897550146352, 0.4087651791102527]
[-0.11934170439612046, -0.49545805569193213]
[0.301400705149109, -1.3134915589298775]
[0.3160199890399422, 0.1994158780796802]
[0.4168181331904366, 3.0906465842463993]
[-0.6086913530127607, -1.364665954609361]
[4.236273387371626, 0.3486428038961993]
[-0.10328750099102457, 0.2639055473029446]
[0.067383340333939, 0.5971034842923242]
[-0.300170820193288, -0.20339184294867962]
[0.1818868437006409, -0.19783607934254377]
[-0.7364187521083387, 0.4552865641678361]
[-0.039221084243381776, 1.0782185609686898]
[-0.008044868886663004, -0.32446914153124196]
[-2.6071701511670247, 0.5412664495392976]
[0.3094581245555794, 0.5012973262564424]
[-0.802894970785192, 0.593136171328589]
[-0.12442836218078446, 0.08797475234329122]
[0.12353364338218586, -0.3587691019128587]
[-0.26142708074395893, -0.3201651915031394]
[-0.5859475698362826, -0.30721713086144486]
[0.5063649300290831, -0.022308288260199982]
[-0.3379521876633691, 0.036642539015312225]
[0.49631366663652066, -0.16184514284339985]
[0.3778242009726605, -0.1210296656016785]
[-0.12348745170675163, 0.25892855941554827]
[0.1675177309266927, 0.4325102491191408]
[-0.24924916643404738, 0.05186596736016402]
[0.43646401866065254, -0.043087079398311606]
[0.17993311933853284, 0.0175790900024424]
[-0.1194448087475033, -0.057599627246318785]
[0.02255135358891258, 0.16759492276427035]
[0.40263920487240923, -0.3402049167472809]
[0.08032143344000864, 0.08958594941154607]
[-0.01767366359079592, -0.4795741865567871]
[-0.05596349558926761, -0.2717831626446281]
[-0.1687987929214807, -0.14150861649620716]
[-0.004840568131692535, 0.04636504956765686]
[-0.2819700488893697, 0.4978894892449095]
[-0.11522041054888144, -0.19660947061472767]
[-0.204957288040287, 0.04018486814130684]
[-0.01003742734811397, -0.03230484620631646]
[-0.03120186708781514, 0.457340994074543]
[0.1152666527582058, -0.04044811021056738]
[0.18563171970706005, 0.11403620295004568]
[0.19319143909077074, 0.005440707745319795]
[0.27741320025015614, -0.2426815297130589]
[0.17301205255170782, -0.04015522511117764]
[-0.025733429737552882, -0.21937417446719643]
[-0.07637729056084219, -0.04329186925890749]
[0.05869404771000397, 0.06994208708512595]
[-0.07815270791565121, 0.09345167360188267]
[-0.06454507980221613, 0.24134058695741967]
[-0.1846730411659303, 0.09546252445933723]
[0.027590392724668233, -0.08494225171345349]
[-0.06971627958312387, -0.028305560906654925]
[-0.09648370447652621, -0.14084500041913506]
[0.005661262849693927, -0.17703286304977328]
[0.11459061821091843, 0.07741224273658576]
[0.12638090844671535, -0.025833100970243716]
[-0.03773678076843834, 0.0787742655781356]
[0.02431343299153177, 0.0630223997265158]
[-0.04215962977547405, 0.0055035838711845475]
[-0.07416446073338756, 0.01917229810771648]
[-0.10594362224261711, 0.15837957298535965]
[-0.12196583203084321, -0.01699737963700787]
[-0.09699207585088365, 0.03489173585244454]
[0.10437484188173674, 0.09373549133278058]
[-0.06771880915254636, -0.02140267836055021]
[0.047682154976257385, -0.025290473618999637]
[0.07079126068715536, -0.13682485405774814]
[-0.00012447872561588413, -0.04102765013393017]
[0.046686426332896096, -0.011659186697650564]
[0.061580742075592866, -0.033784156260769416]
[0.026602695890924677, 0.009852677174084029]
[0.016745419943798967, 0.036012342975876965]
[0.029974544514996815, 0.04416558376492827]
[-0.014429420179385422, 0.07806491160846862]
[-0.07482193140153726, 0.028384903080109908]
[-0.03144496588158674, -0.0015109005676088305]
[0.1273457458056677, -0.09241327030875468]
[0.028516016233828823, -0.04759627747625017]
[0.04478776617794167, -0.1004449041139065]
[-0.03525845708614006, -0.0017200446675487147]
[-0.07000390878490625, -0.013949672749410058]
[-0.008893760861330091, -0.03552468910507112]
[-0.08837277642908425, 0.024674564724187942]
[0.008634102705630253, -0.05717365614030978]
[-0.032444331446971564, 0.13648878483087734]
[-0.012655243799853833, 0.038748827296934074]
[-0.0035330709376146796, 0.1308424150445584]
[-0.006430041302546513, 0.0026535487827215043]
[0.04124626332774284, -0.04040071856040206]
[0.07597746197509778, -0.0792921938315212]
[0.03918138296099394, -0.0389985617170745]
[0.03938708653097689, 0.0022278461251725723]
[0.08867088719556893, 0.0030791998750361316]
[0.010014526961850012, 0.081964837151566]
[0.008433721092453106, -0.04246383877252802]
[-0.05065851086411888, 0.05529747839456456]
[-0.06834125517516518, -0.037596005532512855]
[-0.049436027343316535, -0.02179460542115641]
[-0.041284860652141736, -0.004513790314983224]
[-0.00468047661448634, -0.03837189290108434]
[-0.007591194149537905, 0.025484309184165888]
[-0.028160182662536615, -0.02033293377564882]
[0.033511486689254744, 0.01846141858312822]
[-0.0029816981673913556, -0.03583802968279892]
[-0.014154105515733262, -0.0018247618678357558]
[0.028801485550907557, -0.027858217459769352]
[-0.017283283508412572, 0.03718665598247162]
[0.02096747056001047, 0.0375111259876324]
[-0.005050360572983914, 0.040544796992112]
[0.017169518768931025, 0.045612562027727344]
[-0.0329115667114423, 0.0018647061690261202]
[-0.003914142130241216, 0.005905017744206695]
[0.016734801206330974, 0.004726711995227895]
[-0.01534513388041403, -0.01931180150774784]
[0.03568623074639368, -0.028406077658207463]
[-0.005973977008871943, -0.01458445778036413]
[0.006700747740518487, -0.055731631780437094]
[0.006569082120058023, 0.021135830452419346]
[-0.04393526224937061, 0.0146229236036243]
[0.01789944235003449, 0.012175989644779062]
[-0.026770348669908683, 0.002012621498914652]
[0.027963428103675525, 0.02169254585307534]
[0.04338610890844241, -0.0029474133950275483]
[-0.01757315439588203, -0.02928253619700405]
[0.04648948543483189, -0.020534104355343696]
[-0.02733896281711168, -0.019402625503379456]
[-0.028418031549529266, 0.012381833655743635]
[0.009318165504918041, -0.023018826211403498]
[-0.0002407127387271668, -0.004462015140274445]
[0.006317065310239955, -0.0012283370655903347]
[0.003516173274878298, 0.0037643262041686665]
[-0.017641401533092016, 0.027502847861834434]
[-0.053300771151585824, 0.019666693091130005]
[0.0024543150200031505, 0.0030469741998560007]
[-0.0062816541086112565, 0.027486742631680938]
[0.036654920579602956, -0.05128413715931779]
[0.033446328698172545, 0.020143045783594715]
[-0.0020605642945521474, 0.003484211382575708]
[0.050034674061555595, 0.026488836022569462]
[-0.010379393445360874, 0.02305934508042684]
[0.006528296425088176, -0.02680826224526367]
[-0.004270658505466152, 0.005295306779789843]
[-0.012320833956897259, -0.04028487919731205]
[0.019357122443877328, 0.029366041802027842]
[-0.040596342462096646, -0.01920130156962596]
[-0.011952462010061615, 0.013099030556726232]
[-0.0006557567300378708, -0.027415679474615873]
[-0.022088363086256724, -0.009650607201531547]
[-0.006343867429916772, 0.03852152661802344]
[-0.032549071623021786, -0.04761034391326657]
[0.01188028969244409, 0.019379709335129225]
[0.014438209499633592, -0.019076235928134844]
[-0.008721786936214504, 0.009610415461443589]
[0.011481369447272294, -0.0067127795780610455]
[-0.0081464334091087, 0.008350735616922011]
[0.015911148121216634, 0.022993614538385193]
[-0.00693549919102171, 0.01963495476753896]
[0.03351502205153656, 0.01847666783207215]
[0.007941201892331662, -0.009672408853798914]
[-0.0069824454825238025, 0.017862633941753955]
[0.03784601700875208, -0.00474804679749799]
[-0.029373687512340638, -0.01510910937031626]
[-0.0015893728769264051, -0.017020161208542633]
[-0.009141398741193373, 0.00043925332187931543]
[-0.021727475195228108, 0.00964362930596336]
[0.014379440429013735, 0.010172168946382232]
[-0.019989507726988487, -0.01892335807478092]
[-0.000810540564297968, 0.00794934595011626]
[0.002725650567152238, -0.02982638332935339]
[0.003827720779842836, -0.011800397276617358]
[-0.01316021735078965, 0.007786261778781306]
[-0.004357363969337891, -0.015892073300659337]
[0.018840160157511776, 0.0248368735354057]
[0.020082509893374623, -0.0018567109297309425]
[0.015381404999180393, 0.013163662692720957]
[-0.01792658831734828, -0.008792787162502425]
[0.02263307909504997, -0.008988913075454463]
[-0.00396448525524018, 0.0015436095111638348]
[-0.030825129066327728, 0.000637470838868448]
[0.012941912158745489, 0.00014143714932912665]
[-0.013419881892922647, -0.0054393027397169336]
[0.012556034875506064, 0.004725545803869302]
[0.007889408977299173, 0.0107516121298874]
[-0.014534890256807181, -0.0023328401566520274]
[0.005219697061521977, 0.01324387515335812]
[-0.012802281554444683, 0.005141606497814477]
[0.019173870202985, 0.021151136066978715]
[0.005500623389032566, -0.011173488166391854]
[0.007957357462281989, -0.014934246170343668]
[0.011058014120929549, 0.012784404892542733]
[-0.018667038589569487, -0.022431547966351717]
[0.006461806895710298, 0.00950599697362442]
[-0.013476767479690843, -0.02124450663076982]
[-0.010847671102397816, -0.0013972548881239222]
[0.003964617004585558, 0.007627184408781296]
[-0.013581284667249394, 0.0012484258333287368]
[-0.011926398354265455, 0.0077332222849124665]
[-0.013344310263584513, -0.007697246108917255]
[0.0006320952035724359, 0.0013507467962755593]
[0.006972278807427235, -0.0244370583199226]
[-0.0036455728757372463, 0.020929425001005086]
[0.008516055286262314, -0.0030603176784163577]
[0.011407576795751273, 0.0162536604103255]
[0.02868428951811708, 0.010937394621921545]
[0.0010882289271364753, -0.01709743233975422]
[-0.00013427014558781147, 0.0036733805807427355]
[0.00890659144515582, -0.004579251474183255]
[-0.014541929658695357, 0.0054527321854137695]
[0.0033378909969794743, 0.013385258425760355]
[-0.0026107675069382413, 0.01401882873784252]
[-0.0010529083554440544, -0.006389495577380153]
[-0.0025323314133103153, 0.015818966448224447]
[-0.0020356531327238025, -0.013426712491444198]
[-0.011640090778042678, -0.012537338053473679]
[-0.010303040792086882, -0.02191633913146801]
[0.007298984006956832, -0.018018310906554313]
[-0.014445639930709686, -0.0007488047100044637]
[0.009693295511161881, -0.0032858511212813246]
[-0.0025749105321944965, 0.017220818638562396]
[-0.004854628938444128, 0.0030434445610636462]
[0.0057077040511164245, 0.010886275397345324]
[-0.0032873843937808456, -0.0026595937945144144]
[0.00927106583948123, 0.0069908151992100764]
[0.004030118448852288, -0.005173925280410385]
[0.014606076447690963, -0.00012273679519514413]
[0.015036236082619281, 0.0016677316048381297]
[0.000886061991267395, -0.01171211386071247]
[0.0048079314249042104, 0.0027224779377429398]
[-0.0026459022574404356, -0.003258128435662533]
[-0.008573937231221782, -0.004373861963452796]
[-0.002481360305679192, 0.006273027444528512]
[-0.01201971350191161, 0.007025300344263075]
[-0.0018056889568006107, 0.013421332423077859]
[-0.010914690129611104, 0.005982688930220359]
[-0.0022208010586661497, 0.0011689922647448725]
[0.002429891754952729, -0.0028947520238256086]
[-0.007788618163582492, -0.008818059959838975]
[0.013974168410407883, -0.00465103532938016]
[0.008398890350311342, -0.005318184807138748]
[0.003844087944374519, -0.00015677913951006595]
[0.008871729270633538, -0.0040204059904078715]
[-0.007397433294004996, 0.003049194769708108]
[-0.015961784287337216, -0.006139556193287543]
[-0.004487857917639282, 0.0016833439881971946]
[-0.015078045798702477, 0.00804610047276444]
[-0.004478085412863764, -0.007618035108600152]
[0.005911603646727659, 0.011783332964418691]
[0.00037116578663276556, 0.005684497329607879]
[0.004969705128822444, 0.004837094537468722]
[0.008043322187788637, -0.004444661805000999]
[0.005906601927996247, -0.013564363774194954]
[0.01048002297481676, -0.014090039432567536]
[0.008124811460823, 0.0033553382781329466]
[0.004187339427468656, 0.002258336974118813]
[0.0015886393008550104, 0.011437482572670465]
[-0.004467924994275133, 0.01998176564362332]
[0.0006985502670954144, -0.002537488120629705]
[-0.006786172818146079, 0.01068222783748854]
[-0.00924332167720504, -0.005608126181709132]
[-0.012901102433740652, -0.002948162607857574]
[0.000912618706321866, -0.009499453349620608]
[0.006539908145061196, -0.008047746840189662]
[-0.0037642352748651353, -0.013772036605889118]
[0.002423624858310769, -0.00644511576065121]
[-0.004075324264065816, 0.0037883532124438346]
[-0.002496208318028603, -0.0019948988348575947]
[-0.008814168591672278, 0.014885806129585899]
[0.002741148818893313, -0.005848859024609965]
[0.003042279145069493, 0.004179605043266754]
[0.006365682929916711, 0.002352386536940587]
[0.006564631470646787, 0.008371099263473958]
[-0.0012207248314995978, 0.00016713351170316582]
[0.007452209655359088, -0.004021266032837811]
[0.010200267577788247, 0.0013829992053006057]
[0.006827539402476268, -0.004788475315953278]
[0.001827076915648193, -0.003736180313137938]
[0.012642975724397432, -0.007611984394365057]
[-0.009597287725743864, 0.008108524316989718]
[-0.006610450282536651, 0.0016149542532156724]
[-0.008518068271999718, 0.004384415936413255]
[-0.019778466877735768, 0.003239702897633978]
[-0.0034482002997127115, -0.001524519769402044]
[-0.0027175401258801857, 0.00742971157845651]
[0.0038645538604596408, -0.00539365778895895]
[0.0028959541747531625, -0.0021524781811732563]
[-0.006065929567300732, 7.388874750480223e-05]
[0.009399897786962916, -0.0022860337248135076]
[0.0038087488283420345, -0.007115527995078419]
[-0.007450685433942422, -0.004790211104453657]
[0.008033929502839321, 0.0004115823691878684]
[-0.003066832861506358, 0.0026120391257814513]
[0.004983027792576478, 0.009906197951814022]
[-0.0012152384324565224, 0.005491016906096713]
[-0.0096447087079497, 0.004046413921882819]
[0.00099480493969617, -0.0019076154234539677]
[0.0013301606496995966, -0.003811005694971406]
[-0.0019475040519462417, 0.00038218162964112623]
[0.0013184817857438413, -0.012195943631169714]
[0.011580320459927962, -0.002072247231382718]
[0.0037377890219460475, 0.0007827667145948042]
[0.0015526081503253325, 0.002061741539952172]
[-0.001181521786672482, 0.006564846592525125]
[-0.0008314103247393564, -0.0007611386075600871]
[0.0023110774298580345, 0.0064646138506671905]
[-0.0034321204093905877, 0.0027817898202369684]
[-0.0010485426473478276, 0.0019681784966300853]
[-0.0018040488857499204, -0.005618421315177341]
[-0.004690681065223745, 0.0005788334095130077]
[0.001850594393479954, -0.0042547088061652555]
[-0.0040624366223940556, -0.009268190978119456]
[-0.004688970550506655, 0.0002957962618935772]
[-0.003664345850242001, 0.0004364551316770604]
[-0.002559825115824199, 0.005929487202707195]
[0.005854738117342606, -0.0020634206765874907]
[-0.0036570886272893066, -0.007254767208173196]
[0.0029668210661836503, -0.0009916583743294627]
[-0.0011592896959006227, 0.006161229165407567]
[0.005135721840368035, 0.000641433875958275]
[-0.00017986999136448967, 0.011253364524434928]
[0.005408682111474661, -0.0003328933916132426]
[0.015994587404403293, -0.002302674094616486]
[0.0016820753025716395, -0.0018416699498762235]
[0.010523293547590573, -0.0052899593038601145]
[-0.01218998329154429, 0.0012328404503846313]
[-0.0015765311463099563, -0.004064151805595273]
[0.001700310095053531, 0.005313665314598759]
[-0.01268241755724031, -0.0027802115101596137]
[0.0019595112063899855, 0.00396870007088912]
[-0.003101653343451971, -0.0005228126824318169]
[-0.005687533184208171, 0.001037409242969245]
[-0.0029831041948236298, 0.0018316659337278551]
[-0.006994553870838527, -0.006738762535451248]
[-0.0012067704835819898, 0.004546249874653019]
[0.0002541638458710138, -0.009591680276644143]
[0.0030006813500942364, 0.0073147831959654575]
[0.0062031017962049795, -0.002320045886331501]
[-0.0016137395249649078, -0.002018105668060155]
[0.004877906448140401, 0.009587402428196445]
[-0.0014376267061924075, -0.0017153306390712553]
[0.0012835121973892027, 0.0033153496658558934]
[0.0013676992079539874, -0.0033541864682912204]
[0.002974142783401801, 0.0024410390569042095]
[0.0008209165796915774, -0.0011513165035302309]
[0.0006662006215131799, -6.502071882311111e-06]
[0.0029523684592549226, -0.0007996188782920521]
[-0.007523960558775383, -0.005095687277162968]
[0.004810351582386352, 0.002139790365447425]
[-0.0018856241792148398, -0.002789822629005883]
[-0.002273604379308118, 0.002495783159842363]
[0.002140789381330166, 0.003647571353420323]
[-0.0020456247888423346, -0.0033211633744832866]
[0.0035729365846173464, 0.001925967420946667]
[-0.0040149441412699605, -0.006006516478036614]
[-7.622278758989687e-05, -0.0003567707111807872]
[-2.3099718942459768e-05, 0.003008324135710186]
[-0.002295270808079092, -0.0015713155172970006]
[0.004675983899178282, 0.006191551450578661]
[-0.0027004012071720207, 0.0010791112452928076]
[-0.00048995271458524, 2.2577918678434727e-05]
[-0.003281441570342103, -0.002395330024699327]
[-0.003230875768963859, -0.005173890559708155]
[0.0025414120414119223, -0.0050431473604141686]
[-0.0059716361396069395, 0.0009032171931433464]
[0.0066850055613192905, 0.003006677851335904]
[-0.0017668907794112232, 0.004576559832501881]
[0.004057325153879965, 0.004808164306278839]
[0.0077179677565248905, -0.0012113981495122106]
[-0.0019398728877629973, -0.004215765058539378]
[0.007330788040114888, -0.00027225456831203587]
[-0.0038764149388399727, -0.0015154530887674378]
[0.0029831121835732777, 0.004566203797333412]
[0.001856762640123799, 0.0027602791088281453]
[0.0003685311373839151, -0.004530869549935201]
[0.0011716200572178537, 0.0032380634671124175]
[-0.003853866313216353, -0.006437403919294149]
[-0.0050374021562797355, 0.0009491564076967718]
[-0.007100397411085049, -0.0019265477897499883]
[-0.003915870319386783, -0.002787074610487217]
[-0.001972099707644198, 0.0025264090535660477]
[-0.0007237941064432984, -0.0034060538996304457]
[-0.0009216093663824421, 0.007756522167253199]
[-0.002897290079939663, -0.0017187729909500793]
[-3.6547463904995636e-05, 0.00487595622691539]
[0.005437709269488222, -0.0010738340556666892]
[-0.00010403284647214628, 0.00047238150986544936]
[0.004348432709785133, -0.0006187174099943626]
[0.00650686891392438, -0.0019504924059753903]
[0.004814114534151592, 0.004518392292561679]
[-0.002777448327063753, -0.005379508909754749]
[0.00129189327442919, 0.004284744112126065]
[-0.0014805709742783946, -0.003969341668951104]
[-0.0039103313234906956, 0.000980216360720071]
[0.0052485252447501685, 0.004650502196230921]
[-0.006195714390315521, -0.0008906422964330384]
[0.0017128270214107622, -0.0011308639851656949]
[-0.000496624379273336, 0.002448054495427149]
[-0.004280002530438105, -0.002935001391637708]
[0.0018461997298102571, -0.007418742376322174]
[-0.0026759236114642926, -0.003158159919346964]
[0.0028948095202886437, -0.0038541079467256517]
[-2.872152475119627e-05, 0.004584317688178782]
[0.0013541238789206156, 0.0030201562594482645]
[0.0008826775619494021, 0.003022124597552106]
[-0.004806628426983678, 0.0031344597063507063]
[0.001531665751483613, 0.0013447434499668232]
[-0.0010403546811158515, -0.0020819005901278054]
[-0.0027040173896631936, 0.0001277007735470681]
[0.001468351855315242, -0.0008144795628399204]
[0.0029921214711956523, -0.00012686718438234545]
[0.005632608514665655, 0.0012718113375278506]
[-0.001989850863554743, -0.002849011823239489]
[-0.0011690510154186151, 0.0011718867264147725]
[0.0004612971728862325, -0.0011548575978395093]
[0.0002091576957564817, -0.0033882933875485355]
[-0.0005240982283012952, 0.001355778832969945]
[-0.0017394463800061433, 7.913617737220768e-05]
[0.002666421098543481, 0.003015997349549715]
[-0.00010181030168524008, 0.005575855905980531]
[0.0011527047930278145, 0.0012820058906384268]
[-0.0010159179322879464, -0.001290398078850341]
[0.0022663798065710172, -0.005646188519665807]
[0.002575774191885344, -0.0013362173518706166]
[-0.0008255588034730074, -0.0021177906144834724]
[-0.0012213106104655425, -0.0024314470173569247]
[-0.0006489447626034511, -0.002692745827309384]
[-0.0033831692797038904, 0.0002645932291051034]
[-0.0058181292717075506, 0.0053679375118944606]
[-0.0031302635393657408, -0.0005524259507775353]
[-0.0056926069022597, 0.005827136390939569]
[-0.00012799606004954, 0.0007576975123601004]
[0.0038469183488565317, 0.002865082026026422]
[0.0031514907632640976, -0.00216941391298231]
[0.003428720153000553, -0.002229126183583563]
[0.0021605399046558116, 0.0006768547127756486]
[0.0010654355016431472, -0.0015992216233181589]
[0.007757873818072025, -0.0003100273793422842]
[-0.0003872531849082317, -0.003173438861913208]
[-0.0004616948440662183, 0.0036221202456143617]
[0.005158446322089977, 0.001531105490295434]
[-0.006400727460299099, 0.0048386853444643205]
[-0.002993414801624239, -0.002139147157195778]
[-0.0043336116955721565, 0.001779609338144618]
[-0.004610707590397098, -0.0035212185056657797]
[0.002046720648794827, -0.004683476365633526]
[-0.00010911894791842958, 0.0003169796681447984]
[-8.523193883111513e-05, -0.004818776091790232]
[0.0033301443055164526, -0.0005782027731618539]
[0.002201957624370393, -0.0003038044674409657]
[-0.0019243017462073908, 0.0018948698550051157]
[-0.0012877732229895356, -0.002413346938597266]
[-0.00017845864920307264, 0.004378283579092965]
[0.001017016031083312, 0.0003420463511744909]
[-0.001381123740010537, 0.00406968914690653]
[0.001697579739059485, 0.0033727728661108736]
[0.0014751110936783163, -0.0016218427756498066]
[-0.0008187666006781447, 0.0024518591776210297]
[0.003180393776208934, -0.001486119305026401]
[0.0001009579469631594, -0.0017709863498824308]
[-0.00017241654553051822, -0.003386802930439581]
[0.0012210257728085122, -0.0001664568456794524]
[0.0008232039919707779, -0.001968972562526705]
[5.998076187069268e-05, -0.0007961347372599237]
[-0.0024286115683921916, 0.0002939655279771136]
[-0.0031143894901214664, 0.003096970797556442]
[-0.003090151702414945, 0.005305216307318117]
[3.083763727858291e-05, 0.00011224812781196469]
[0.0013036731995837159, -0.0004907558459484873]
[0.0013460847166092138, -0.0024594707702186303]
[0.0039297813564102, -0.004130640174994649]
[-0.0005321825778785705, -0.0018686311719800508]
[0.0005923041140071875, -0.001352678189615486]
[-0.0010247547757047948, -0.0011218399020661574]
[-0.0016007119197453679, 0.0016787854498637733]
[0.0021171612012607643, 0.0010204559890175102]
[-0.0032824571456583074, 0.0026446341113424143]
[-0.00167774662894693, 0.0027868675407636823]
[-0.0006421532477923486, 0.001587816418519239]
[-0.0028870147108476796, -0.0012357395810965732]
[-0.0009260036648083836, 0.0010416094271870069]
[0.0013178470141335663, -0.0024707756298172345]
[5.2932197946525816e-05, 0.0015830973525696734]
[0.004281226101854163, -9.787887477173685e-05]
[0.004483306416553673, -0.0013315414839511486]
[0.0013579059595587861, 0.0017205911431035226]
[0.00289311320436432, -0.003087800762371945]
[-0.0024762200131980827, 0.003616284909654214]
[-0.0021954149600919015, -0.0011534325472455642]
[0.0006289976040351891, 0.002004896882977728]
[-0.0034599203364999997, -0.001708628023496972]
[0.0007686936205783743, 0.0003571442127500782]
[-0.0003789084853367125, -0.0004794326683898696]
[-0.00401203012447935, -0.0019064938003628268]
[0.0012077331035923317, -0.0003672633812590656]
[-0.0019472953786590919, -0.0046650862071857535]
[-0.0005151165083799591, -6.129903238776685e-05]
[0.0013762843834796146, -0.0030993542016805042]
[-4.275318995711208e-05, 0.003584906256879891]
[0.00249324498609535, 0.0005301807847719886]
[-0.0014133289737410792, 0.001463329452016604]
[0.0026637982132540206, 0.002248231676131196]
[0.00030359537105828505, 0.0007607913769884234]
[0.0009058150650252395, 0.0012090292603474384]
[0.0031365427958661707, 0.0030499043874449017]
[-0.001903866373958063, 0.00035679960134088473]
[0.003284081508809711, -0.001968187534078847]
[0.00022641433217314433, 0.0006512975033768909]
[-0.0007615080357487591, -0.0048682547579083635]
[-0.002411684432060912, -0.0010155730314965195]
[-0.001181289921647899, -0.0008772210119658563]
[-0.0006859356275019518, 0.0021468395001540963]
[-0.004234863451007903, 0.0020577569854877686]
[0.0011477147826411127, 0.002575297302546853]
[-0.0009346573795114832, -0.0015491934194755697]
[6.804923836989385e-05, -0.0026143455246182]
[0.0012883521073404486, -0.000437633425667161]
[-0.0014067885222403542, -0.0047486241564039244]
[0.0005643150897895605, 0.002970515862366796]
[0.0006525998013769962, -0.0004368897411608508]
[0.0025702959257550353, 0.002772536025287653]
[0.0018136115441457212, 0.0001881401174246844]
[0.00047942037424482387, -0.0028699236771354553]
[-0.00089455593965998, 0.0030287847988301753]
[-0.0025987428306222526, -0.0004869272942031322]
[-9.115259134451215e-05, 0.00031176123502796305]
[-0.001982779186646466, 0.00013746338042458506]
[0.0010147811083750513, -0.00016813965351103466]
[0.001460159646687692, 0.0022508651407771585]
[0.0002765499468330157, 0.0002852286958521383]
[0.0007081411936914195, 0.001162708472642271]
[-0.003462421644265079, -0.0011278210587713083]
[0.002684784300625742, -0.0006612190378589844]
[0.0010936474023317544, -0.0011682279766746795]
[-0.0016113468986699714, -0.0010945609966726]
[0.0015205124971368889, 0.0029546854447168]
[-0.001108432783638924, -0.002405339742524548]
[0.002630111576080521, 0.0032896586781036505]
[-0.00240667891399447, -0.0024947701820813815]
[-0.0020456946180743554, -0.0007232982844341401]
[0.001461895985506105, -4.592879476426892e-06]
[-0.0020763653033099433, -0.002425191273981782]
[0.001585038532165503, 0.0021297700664101374]
[-0.00115488879621653, -0.0030044141824283332]
[-0.0006930736983079, 0.0004498297400412424]
[0.0004290916582035398, -0.0005985320090938495]
[-0.002297584001427877, 0.0018823029900599253]
[0.0024001176612858666, -0.0019015402433834316]
[0.00018040150535325594, -0.0002826714480438919]
[0.0027928283322450065, 0.002300155180347485]
[0.002387826527050052, 0.002402289576344585]
[-0.0002459109171186469, 0.0019463056024400238]
[0.0017291389576671867, -0.0011879360615634216]
[-0.0012009956887422818, 0.0003099186365992934]
[0.0014674743239488364, -0.0007846017278272388]
[-0.00041598240348128535, -0.0013981619091057995]
[0.0002695961932585311, 0.0005190157818200647]
[-0.00275352890040282, 0.0029234231471264582]
[-0.0006031004654322991, -0.0008052990910058511]
[0.0005940150209824968, 0.0012795978409995135]
[-0.0049966596114879025, -0.004889936014407348]
[-0.000817042750398983, -0.0021616377913874496]
[-0.0013594579697027848, 0.0001924051632449797]
[0.0007359514248444776, -0.002609336508052229]
[-0.0005514807443606495, 0.0036941623474298635]
[-3.189413785983919e-05, 0.00048653549954463804]
[0.0031930360667834987, 0.002592637353657057]
[0.00033509175270429736, -0.0007755762960043322]
[0.0018141259946384339, 0.0008403120509147266]
[0.0002564804421849032, -0.0016633707207417414]
[-0.00024368988514600343, -0.001235519193654111]
[0.003034508858307583, 0.00178930844389516]
[-0.00019964805759481452, -0.000907966115085479]
[0.0004536613409332757, 0.0010647127717165472]
[0.0004514822550296671, -0.0017135548949817614]
[-0.0018908372906444315, 0.002360914976652251]
[-0.0019372255154282703, 0.001701023143774516]
[-0.0026032071513130695, -0.0004782092954725703]
[0.0011670379340801285, 0.00042198804620166563]
[-0.0011428926665824901, -0.0014217759148352008]
[0.0013990177760171557, 0.0004026620213303522]
[0.0008201496157066029, -7.323823429722376e-05]
[-0.0028900769678475574, -0.0010610029464301132]
[0.001953596925658982, 0.0011706517320316905]
[-0.0009651173029941, -0.001148232377414772]
[0.0021531671836135975, -0.001563678812028669]
[0.001107662015438854, -0.0015214602902801425]
[-0.0019290434443855337, 0.0013361663294505985]
[0.0008439374344948736, 0.0009422738562529405]
[-0.001589987127378012, 0.0003195356972545693]
[-0.0018112997430335953, 0.0002260746838904197]
[6.661336786065175e-05, -0.0012786970503001899]
[0.0001785789132633664, 0.0016666770876310535]
[0.0015401618815776286, -0.0015132096416030916]
[0.0018296232368308074, 0.00042358920208909745]
[0.0010615804918791827, -0.0003623385336695706]
[0.0008014929458309283, -0.0013723678284513763]
[0.0007529135783724827, 5.140917589080418e-05]
[-0.0010512841307225296, 0.0009326569239301585]
[-0.0001545008760481803, -0.0006062566963497829]
[0.00102848561192187, 0.0011353031598388408]
[-0.00013124645715542615, 0.002014530834670014]
[0.0014461090262190557, 0.0008586411468936017]
[-0.0025840143189789153, 0.00305160758517542]
[0.00030354304261878684, -0.001221249756526932]
[-0.0012710251822743088, -0.00015514909136321586]
[-0.0016579124248611854, -0.0031039608673874564]
[0.0018265413882515014, -0.0026794176385468438]
[-0.0019829741812630863, -0.001503270313152949]
[0.000152511131657887, -0.0005456528062738331]
[-0.0010440803638942509, 0.0014497220742833439]
[-0.0014405823159592823, 1.915568772953291e-05]
[-0.0010411877933426336, 0.0020798323884777536]
[-0.0006917983086942026, -0.0005465439581667231]
[0.0001337980858721055, 0.0028693088561331237]
[0.001128872975548978, -0.0008479602756933935]
[0.0018962422604546225, 2.85913867762444e-05]
[0.002913549712961261, 0.00043948582840097616]
[0.0020754916991910233, -0.0019077650463350526]
[0.0010887598463692472, 0.0002581654067051742]
[0.0016973848936144564, -0.0005731420207440441]
[4.6555998323871695e-05, 0.0007216925750677949]
[-0.0008587313690620046, -0.00042905909062054826]
[-0.0012627552687907162, 0.0018137266511920463]
[-0.0005616266767602962, -0.0005260767999266114]
[-0.003450601905900269, 0.00022706097045454426]
[-0.0011707000056118133, 0.0003841240325249684]
[-0.0020144829155505084, -0.0002279305336427527]
[-0.0028037207056162694, 0.0009630677751388955]
[0.002343353067585971, -0.0001439175836522623]
[0.0002474248973758572, -0.00044812808380047253]
[0.0014808827858114812, -0.0022320560707305252]
[0.00303211217728663, -0.0018346006071975687]
[7.769129356114193e-05, -0.000694431975760107]
[-0.0014434532859914431, 0.0005450714692321786]
[0.00034725115673060747, 0.0008924418871202461]
[-0.001546428310499115, 0.001505985449820866]
[0.0010104545254875225, 0.000923770881700342]
[0.0009338391393550194, 0.0011849082019551732]
[-0.0008181279584730944, 0.0009247502092854243]
[0.0009635754823550668, -0.0011647462809127318]
[-0.001034883379145729, -0.00017134607918481426]
[0.0009801381786279095, -0.0015225961385748332]
[0.0016452879870395426, -0.0028734148109699487]
[0.00014163553937343587, -0.0001864843075801148]
[0.0007696878897921339, -8.220195348418446e-05]
[0.000813973875391838, 0.0017091508529540889]
[-6.270902145415203e-05, 0.001158355416368828]
[-0.0006169960615044212, -7.691687039679262e-06]
[-0.002180487622024968, 0.0015325268480027576]
[-0.00026043076526041653, 0.0014602161682255588]
[-0.0009224363988607834, 0.00021471654238536253]
[-0.0005582325120937481, -0.0005581982367023341]
[0.0005911397271485958, -0.0005001655415410866]
[0.0003496574943583075, -0.0029634720905283296]
[0.0006353186078869449, -0.0005842943094543918]
[-0.0008393878079773348, -0.0003973174909523425]
[-0.00186449076616782, -0.0007106665308141413]
[-0.00031625877558316695, 0.001493987182133505]
[0.0010686275843991844, 0.00015253733805387082]
[-0.0020541592106345166, 0.0014710934383819207]
[0.00045087714091829323, 0.0001291210007476895]
[-0.000126539976230175, 0.0004721571708510841]
[0.0004781365606605914, -0.0003635891809548597]
[0.0010287919876606488, 0.0010475486138233903]
[0.0010133369192717456, -0.00100222702526645]
[0.00270007738992345, -0.00018242599449819208]
[0.001111423889687324, 0.0012891603432585441]
[0.0023119964304827018, -0.0012041527614844727]
[-8.656475174859124e-05, 0.00045650905242453077]
[-0.0005140652440918658, -0.003148737308547034]
[-0.0018544556893138886, 0.0013323675052732409]
[-0.0018095750008757933, 0.001366493826350193]
[-0.0009366335611340482, 0.000256942969162538]
[-0.00247604451839481, 0.0007620671954945701]
[-0.00043082280939849005, 0.0010569075184818366]
[-0.00021247298677635335, 8.043932458599856e-05]
[-0.0010175017575838677, -0.002607390353038447]
[0.0005063181844670531, -0.0007587694872022051]
[-0.0009059748241731849, -0.0027327967636762013]
[0.0001161494997720322, 0.0008749445489119496]
[0.003346604993498807, 0.0002523777989169307]
[-0.0009114449220190557, 0.0009991013928330565]
[0.0013461382124309862, 0.0021609242876586]
[0.0015018672111641873, 0.0001796307477707447]
[0.00027264432366429225, 0.0012802095954682763]
[-0.0005643252891965322, -0.0006432929456537465]
[-0.0006089667299045143, -1.5062121735270884e-05]
[0.0013648273891335716, -0.000576550754727706]
[0.0002611271555303246, -0.001063810711610269]
[0.0012823941229518632, -5.1826478894650974e-05]
[-0.0010939084050760467, -0.0005861987658302703]
[-0.0001914428843028948, -0.0009244781313448303]
[-0.00043015068087971786, 0.0005321928802289322]
[-0.0008273962099930865, 0.00017778903979093208]
[-0.0001792848101659708, -0.0008066978991127516]
[-0.0001680627721350192, 0.0004047429401172753]
[9.335933666844431e-05, 0.0016523022386429331]
[-0.0010636941017780899, 0.001401029766436468]
[0.0002677038015124131, -0.000583036569746731]
[-0.00010369407612328962, -0.001372684804972324]
[-0.000264549305882128, -0.0013181874133955662]
[0.001249880988222693, 0.0013278784412833478]
[-0.0012501259954507127, -0.0005048092131338944]
[0.0003407957033792555, 0.0004916548829914102]
[-0.00022097398304113391, 0.0014084799932597147]
[-0.001353943166012686, -0.0016698169657342055]
[0.0016172857662368756, -5.842074343581638e-05]
[-0.0025326523651870506, -0.0005417630535355378]
[0.00014431855058943954, 0.0002074566705493608]
[0.0006941806079047708, 0.002180665676976834]
[0.0011390711461953251, 9.80307914388856e-06]
[0.0018848614827563642, 0.00043253648301100345]
[-0.00024377823389401532, -0.00012519216043116455]
[0.0020987519785259506, -0.0005053583752469282]
[-0.0007940808406573796, -0.0010277504762215284]
[0.0001419665626218175, -0.0007296224048164435]
[0.00022548561849122795, 0.00010607174777928219]
[-0.00042629087584358794, -0.000822056877218813]
[0.0006143528707526213, 0.002447385282817925]
[-0.0010624556598197582, -0.0005490317045053206]
[-0.0010917498698432976, 0.0011404647614704673]
[-0.001324665546962582, -0.0012220080929118554]
[-0.0011561030328453709, -0.0012621033059660742]
[-0.0006885777441907569, 0.0010855680548298718]
[-0.0009687201815252421, -0.002929761439274217]
[0.0008405587309382456, 0.0015811807016195903]
[0.0006674267000965975, -0.000454435222078841]
[-0.000408393838699353, 0.0012896807372276258]
[0.0009514390213674201, 0.000581988268368222]
[-0.00039180670208370516, 3.931133880758983e-05]
[0.001295839593379186, 0.00047430991065024186]
[0.0005486448960449475, -0.0009014199225930303]
[0.0018915175674389523, 0.0008746344942190676]
[0.0009088061080964605, -0.0011167203110888924]
[-0.0002073417835127267, 0.00144392443492522]
[0.0012300495291269198, 0.00013018157492629412]
[-0.0014855805693936852, -0.0002979096270932513]
[0.0002695859559268543, -0.00012231217834307584]
[-0.0007816458706807611, -0.0007578993848534887]
[0.0002191431770740826, -0.00036904739156684574]
[-0.0009272390709743616, -0.0005223258989101587]
[-0.00037285129595876487, -0.00040256463864049574]
[-0.00023636049846903484, 2.044824699865e-05]
[-0.0027326587614111553, -0.00032813054624702964]
[0.0010384906832833878, -0.00025356115803742973]
[-0.0006976789937780392, 0.0007500213188539329]
[0.0005169543921287253, -0.0010911900574959166]
[0.002145366539362009, 0.0016530531797430137]
[-0.0013208569227563666, 0.0005198637516108939]
[0.0010344238467944467, 0.001119056694138587]
[-0.0005806659762133681, 0.0004214032418939362]
[-0.0006713338626974305, -0.0008289965753517925]
[0.0014171656273470057, -0.0009319404985433377]
[-0.0010036063168795267, -0.0008171916607356278]
[0.0009928271970944536, 0.0011783011350169348]
[-0.0004068663211479473, 0.00019060952127886166]
[-0.0002735558713208297, 0.0013873606483583156]
[0.0003222825739483265, -0.0011712570579974768]
[-0.0005575416580085313, -0.0004781291386832809]
[0.00013156963284358114, 0.0004812054575745184]
[-0.0004997316442877375, -0.0009688942293154118]
[0.0005778030607311441, 0.0012113124407998332]
[0.000345854907650045, 0.00011501575350710003]
[0.001306311698807086, -0.0004428292873376316]
[0.0006869999699934681, 0.0002601987349216614]
[-0.00031436043362637056, -0.0011836660300381247]
[-0.0005680054387946776, 0.0005317988032485094]
[-0.0009995589973716967, -0.0004630137000459361]
[0.0004939373440723815, -0.0005526942480832513]
[-0.0009467617099420816, -0.0009562641596951582]
[-0.0009902266937491383, -0.00020719856609020988]
[0.0003690485263639796, 0.0012632894477524158]
[-0.0014417905004758718, -0.0001876985665796721]
[-0.0009198464643729309, 0.0018687722648342807]
[0.00012167231815314594, -0.00018873598793214125]
[9.646563994387958e-05, 0.0007669034621203483]
[0.0019080229550788447, -0.0007572470745208087]
[0.0010808291576493573, -0.0006366751800247206]
[0.001047398019706533, -0.00038715819855431044]
[0.00046780099839258127, -0.001366142585891926]
[0.0010023161006409154, 0.00143334164579767]
[-0.0006192654515707052, 0.000610030946399831]
[-0.0005044058747738916, 0.0007412002023477193]
[0.0013132477910307028, -0.0001560857552468653]
[-0.0009394359957934639, 0.0009709692465074138]
[0.0007033027591513141, -0.0007543611949519247]
[-0.0016145612262614545, -6.576181714712526e-05]
[-0.0006222955434671551, -0.0011514448112283637]
[-0.0004570496859140419, -0.0009029451027282587]
[-0.001287623891970957, 0.0002251948916484059]
[0.001648682979249541, -0.001797714430491315]
[-0.0007811364422951605, -9.965942438472375e-05]
[5.493006282872304e-06, -6.769996037642168e-05]
[0.0007461667141021588, 0.001497594701394267]
[-0.0012967930382351833, -0.0004916987334219192]
[-0.0004907672779000671, 0.0010931386601569781]
[-0.00034581693269139513, 0.0005409832157432515]
[0.00010616039106078196, 0.0014556243437454097]
[0.0016581137157234138, 6.310106017731743e-05]
[0.0007672812741378009, -0.0005917722941575221]
[0.0004787503666157378, 0.0011871496698821205]
[0.0009002854705846067, -0.0012944370896201263]
[0.00013216670938764885, 0.0005106031181310311]
[-0.0004103346561870891, -0.0011864699744046359]
[-0.0005760675070141663, -0.0006630122006934247]
[-0.0002437195951807275, -0.00017683781864560877]
[8.698312855576207e-06, 0.0005954125966457224]
[-0.001541858866199508, 0.0009066045742777418]
[-0.001348281295070003, 0.0005183831129215166]
[0.0004811755238469384, -9.979582516028707e-05]
[-4.2504141925941985e-05, -0.0005401444616054824]
[0.0003443654395230422, 0.000367941087093579]
[0.0006519224190777162, -0.000748282284669187]
[0.00047803872982730977, -0.0007641148371112516]
[0.0013651901089269391, -5.556884639964718e-05]
[0.00039917750402726493, -0.001131756983055232]
[-4.504140314373628e-06, -0.0012190286734062063]
[-0.00033127610873865537, 0.00016487011379402727]
[-0.0013047000920387228, 0.0011073196260786757]
[-0.0010567146761188105, 0.0027531527730046638]
[-0.0003367610765259606, 0.0006603865997720365]
[-0.0002944792650630551, -0.00030637147974179983]
[-5.156534281250402e-06, -3.5298707252287564e-05]
[0.000671819723370437, -0.0004725418500882428]
[0.00012543670551432018, -0.0014230248702330611]
[6.511810794423978e-05, -0.00038137083856178144]
[0.0014835996002821733, 0.00013046657589195487]
[0.000595455517072685, 0.0003370155342069109]
[0.0012720674182732788, 0.0007002070753791279]
[0.0008448469935491698, -0.00016068079046208106]
[-0.0014848919135903443, 0.0009724468090760441]
[1.72694978422816e-05, -0.0006503017193504324]
[-0.0007082440036049187, 0.0005122394777672956]
[-0.0015346648785120875, -0.00028036657775662444]
[-0.0005105281414212459, -0.00015052592208542048]
[0.0005062370384935067, -3.3139920128544276e-05]
[0.00035392481297649367, -0.000633685223312308]
[-5.1145715776967915e-05, -0.0008614906749551676]
[-0.00029667792448005714, -0.0010551642402795713]
[-0.00012204654612021915, -0.00030049822410010973]
[-0.00027300099306371006, -0.0011386584947987721]
[-0.00031490183583950115, 0.001936496241711494]
[0.00037621329344700305, -0.0003966429293739693]
[-0.000470946077498105, 0.001467912934439708]
[0.0009270568087980102, 0.0015254469006767968]
[-4.849606720291541e-05, 0.0007936717916967595]
[-0.00017657938138562757, 0.0001334700879176698]
[0.0012520710878784515, -0.0007613525689336154]
[-1.8623268103451496e-05, 0.00014974646258847368]
[0.0011087066612299815, -0.0007291953523301808]
[0.00019949310072908677, 0.00029440674963765456]
[0.00012063860287250816, -0.0014575471103269177]
[-7.22319956108497e-05, 0.0008262159992463713]
[-0.0014845785597067812, -0.0006895827017532885]
[-0.0006773136491307064, 0.00042914857030945663]
[-0.0011779227631595057, 0.0006910676819693595]
[-0.0007959511116494289, -0.0001855399539049396]
[0.00015251657870861413, 0.0007635935918544751]
[0.0001583743161866491, -0.0005342204482107413]
[-0.00027546253761095985, -0.00037026396630460146]
[0.00035216677517015127, -0.0010714879574240388]
[0.0005839598008980512, -0.0004498574130197136]
[0.0006421291642857568, -0.0015847203851988914]
[0.0009737937512906275, 0.0004828067686180361]
[0.0005934977081309273, 0.000828323835911228]
[4.189736864066568e-05, 0.0007959678436281897]
[8.738293132715125e-05, 0.0019332809015250169]
[-0.00044564117961676947, -0.00038694044429736854]
[-0.0004631424563752498, -0.0003323235141241346]
[-0.0003906893797427091, -0.00028368081387571825]
[-0.0003403144146329057, -0.0006578925679663894]
[-5.838428318014066e-06, 0.0008997268923319826]
[9.883373291155739e-05, 1.677444972898734e-05]
[0.0009425871874084168, -0.00016786179577493732]
[-2.560843938780033e-05, -5.75598315639414e-05]
[0.0003323582192531205, -0.0006663773143949642]
[-0.0004675062830479526, 4.1237764798529586e-05]
[-0.0007032834717144443, -0.0001567436989898946]
[0.0008304407899314692, 0.0004141708763081009]
[-0.0005683910881912058, -0.0004066963787457134]
[0.0005598723770565417, 0.0009858801507348913]
[0.00024416475691788064, 0.0004024969941145151]
[-0.0009545838532510273, -0.00011716089016933218]
[8.365151518852088e-05, -0.00036957572319745724]
[-0.0005283365252903814, -0.001216255696550872]
[0.00016102449592991785, -0.00037205520046282303]
[-9.762996271626967e-05, -0.0013452433085826554]
[0.00027025324144920593, 0.0005912968359668147]
[-0.00029171732844585074, 0.00018310533401649787]
[-0.0007937811434464426, 0.0006733337177605159]
[0.0012407223041058096, 0.0007357659094006097]
[-0.0012093954398954415, 0.0003139878686677644]
[0.0005369955476603738, 0.00010275812284452068]
[0.0015404673780765633, 0.0008936680107498041]
[-0.00021476918719520732, -0.00015999748396597346]
[0.0013368406170431654, 3.5854117580780276e-05]
[-0.0004090616892994947, 0.00046348629632100846]
[0.0001159174446130895, -0.0008804964871182153]
[-0.0001110054870739341, 0.00015485302518292166]
[-0.0005591882366332845, -0.000562908907435905]
[-0.000340952021924551, 0.00040786780041614235]
[-0.0005643408723251114, -0.000675314991706033]
[-0.0002576708785622106, 0.001402604280776057]
[-0.0009874078034206313, -0.0004977683896096041]
[-0.000385119083078006, -0.00048281544773377816]
[-0.0009388261747140247, -0.0004969772988499821]
[0.0003023638108400617, -0.0012544316664152774]
[-9.666623595910862e-05, 0.0015154609197209831]
[0.0002623079014213714, -0.0015858635290801441]
[0.0016424867829502032, 0.000836600678686239]
[0.00022640808744268937, 0.0001376043216450816]
[0.0006963929805226272, 0.0002748917411709226]
[0.00045376251840029136, 0.0005109362002563671]
[-0.0007108991660884113, -0.0006959311796872307]
[0.0005939215406658253, 0.0005688399882083674]
[0.00015971710399179107, -0.00028013909273383493]
[0.0007755631600745022, 0.00032455623246301774]
[0.00012172655221810713, -0.00035158099960204067]
[-0.0011085606312092322, 0.0010721679137027373]
[0.0007336065565660271, 0.00048263769923439365]
[-0.0011849376127457817, -0.0008013539012890758]
[-0.00017236077898258317, 8.555995855739906e-05]
[-0.0005335125027914195, -0.0008992667110728769]
[-0.0003543047127389509, -7.192743051552541e-05]
[0.0008246152195307416, 0.00016545699180456341]
[-0.0008198959414661422, -0.0004707022387986093]
[0.00026362682020045214, 0.00044364600452381775]
[-0.0003205886488031051, -0.0002174572500853178]
[0.0003783976672808234, 0.0005387027454432924]
[-0.0002795060767628865, 0.0005137867771756455]
[-6.112072627833046e-05, -0.000607000462674534]
[0.001305994924657966, -0.0005703100517761017]
[-0.0002170792036281094, -0.00040353735364506704]
[0.0003813122161275967, 0.0006567619644501643]
[-0.0009705748596717662, -0.00041042429627496935]
[-0.0005722943990147944, 0.0003939342763434883]
[0.0009930639827953336, 0.00023842662293782624]
[-0.0007161157364210455, -4.741179045913979e-05]
[0.0008896196901898995, -0.00024311223064293896]
[0.0005171350512060517, -0.0004020691774004881]
[-0.0007840573950479712, 0.0005871807247115612]
[0.0003669912034864192, 0.0005703497933125523]
[-7.385047419358748e-05, -0.00022820731720413212]
[-0.00021733480797728882, 1.0615233285798942e-05]
[0.0001860235942142685, 0.000340728176587618]
[0.0010007321207812225, 0.0008434516596740882]
[-0.0004367934696403175, 0.000289398939239946]
[0.00017413601943562507, -0.0009385144846948135]
[-0.0005511791351603956, 0.0007656115082886189]
[-0.0009982046354458513, -0.0014340644162322003]
[0.0003577485944955827, -0.00042519119857216403]
[-0.001488320539925786, -0.00035057981456143583]
[1.4782832660195644e-05, -0.0004196760079595435]
[-0.00030035555380433787, 0.0005655617125549517]
[9.412546609781358e-05, 0.00011946298139752301]
[0.00025252632176286927, 0.0007776916413196125]
[-0.0008400629843618307, -0.0007793680630051331]
[0.0010832627374425148, 0.0006766897795926728]
[0.0007669471190665973, -0.0005078259790062614]
[-0.00013106913413868555, 0.0006041325052338863]
[0.0013841542812490209, 5.591645474514739e-05]
[0.0007506636662925684, -0.0008541082330491417]
[0.0009670919837899764, 0.00045155361378505093]
[0.00042481484925248336, -0.0007423337968148307]
[-0.000797490829081024, 0.0006099276450513835]
[-9.885745152167502e-05, 0.0001283704886076431]
[-0.0011226849494647972, 0.0008526916973196907]
[-1.6892974445764652e-05, 0.0003962772279762286]
[-0.0007647698633943961, -0.0004632211742538195]
[-0.00021149656932026306, -0.0007346685251370111]
[-0.00040003893707632465, -0.00011081592607295465]
[-0.000754132516954803, 0.00026236252349898237]
[0.00016768194787933344, -0.0006539713600269004]
[-0.000398914541710621, 0.0002021428918813628]
[0.0009486917775187245, -0.00029053403901935226]
[3.107437128846424e-05, 6.657760363543153e-06]
[0.0004459226619166583, -0.00010056335263067262]
[8.847948744966638e-05, -0.00020582570190710858]
[-0.0006119840994950436, -3.758308044568559e-05]
[0.00020171896976536874, 0.0006530030602836523]
[-3.41843654990473e-05, 0.0004039344276352552]
[1.4655349568626352e-05, 0.0008584797336178285]
[0.0004035739116401843, 0.0005269524570599704]
[0.0008401776821719692, -0.0007795560668650281]
[0.0004788245594655738, -0.00024190325300910143]
[0.00011570504421841432, -0.0011074603642808878]
[-0.0004805060557376284, -0.0005663697768418796]
[-0.0003612426201613887, 0.00025445188616049497]
[0.00013392470375911403, -0.0001951415906076004]
[-0.00031620832177041425, 0.0007035558303087885]
[-1.21196786388722e-05, 0.0005071098587418055]
[0.00012520145887244538, 0.0006207605261906446]
[-0.0011081708116687516, 0.0007537203573282913]
[9.838040772007506e-05, 1.294453247521754e-05]
[-0.00034013093689758134, -0.0002549121402314475]
[-2.0501028121289178e-05, -0.0009238851227080236]
[0.0010312079089072057, -0.0003743252345351916]
[-0.00016209250469254033, -0.00045337182111865326]
[0.0003067125288736261, 0.00021100497340399704]
[-0.000411250044474315, -0.00022478562624879406]
[-0.0002463026186053513, -1.2890284713153871e-05]
[-0.0005714004314439011, 1.1325109735699224e-05]
[-0.0006350174142831094, -0.0003403815747897998]
[-2.839427549094359e-06, 0.0012555987693952456]
[-0.0001435681191128968, -5.4550229882873585e-05]
[-7.294291012554534e-05, 0.00048762269254681856]
[0.000999496027856726, 0.00023239386760114285]
[0.0003966545877058733, -0.0006166192597726865]
[0.000839488039176061, -0.0006996396898368458]
[0.0013546398050200137, -0.0003877567568687165]
[0.0002375149990117703, -3.988482365362839e-05]
[0.0006690579411569031, 8.387733330264893e-05]
[-4.625111630467138e-05, 0.00107596756434232]
[-0.0003137223215095991, -0.0003814646788189782]
[-0.0009913687898283619, 0.00025594456808163135]
[-0.0005221597282737411, -0.00033718456942705144]
[-0.0009155439438925939, -0.00012994719812364774]
[-0.0010994974859848128, 0.0005642232951782178]
[-0.00041785693586024464, 0.0001410224662022619]
[0.00012032469125680678, 0.00011747245159778041]
[0.00029597151000643196, -0.0006435221317191153]
[0.0002138633922043609, -0.0006024073903553029]
[0.0003030536897235675, -0.001111223796277122]
[-0.00043857707857039574, 1.3351456698007524e-06]
[0.0005528772409092893, -0.00010154979510818007]
[-9.956557559684387e-05, 0.001320084626575957]
[0.0005106558858795837, 0.00045772118817910545]
[0.0004774743318049779, 0.0005166569651836317]
[-1.795441141569376e-05, 0.001310686420564644]
[0.00023562025468279457, -0.00017293528975104167]
[-0.0002690179888643618, -0.00024028678997484176]
[0.00036124299113625413, -0.0012681462157518586]
[0.00012701701058170922, -0.0005036552845074649]
[0.0004846873396838619, -0.0002495270100563718]
[8.939896453871721e-05, -5.5085322044429175e-05]
[-2.266501414728561e-05, -0.00014237184685100823]
[-0.000397377802827531, 0.0005147024077424844]
[-0.0006158250678185151, 0.0002414787563972398]
[-0.0004381554391768572, -8.161234143932994e-05]
[-0.000792935803433148, 0.0006028916167857001]
[-0.0005173065331216531, -0.00023227769578600121]
[0.0003806899074290937, 0.0003654057700122615]
[0.0005364698572279669, -0.00023740363759525152]
[-0.00018168048038370854, -0.00029316653500018053]
[1.7310840047940479e-06, 7.712188466002523e-05]
[0.0002164408683734964, -0.00022960103992251957]
[0.0002959296165507691, -0.00023579686789992893]
[0.00015354686075120388, -0.00028421247057446725]
[-2.8236826906113954e-06, 4.0596632797665344e-05]
[2.0407882024668644e-05, -1.961998778209073e-05]
[1.6872902707257276e-05, 0.0009858924870517621]
[-0.001113107734867655, 0.0005444637391167663]
[7.904229162114529e-05, -0.000213309127161998]
[-6.465991664739157e-05, -0.00019310937841452575]
[0.0005541598480376456, -0.000561988613959976]
[0.0011057277017343728, 0.0005480368988549471]
[-0.0002972161143779267, -0.0004746255102162991]
[0.0011308036205706778, -0.0004952895820915758]
[0.00014425428901088805, 0.0005431919132886237]
[-0.0002300464459020629, -0.0005622183043820506]
[0.00016871106791620238, -0.00019861040764104776]
[-0.0003460000000033159, -0.00022075521195760728]
[-0.00017754044446893769, 0.0006276397187623128]
[-0.00027265187642225297, 0.0004908922505858365]
[-0.00030248130141823093, 0.0006472384402122222]
[-0.00040230725016718316, -0.00027587198592483875]
[-0.0010482329278519234, -0.0005150143431159049]
[0.00014495299565994713, 0.00010651851986925864]
[-0.00011925371188083178, -0.0016339064870724007]
[-0.0006496871065443111, 0.00022327354884163486]
[0.0004948738184210946, -0.00010386106530013706]
[0.00019935738814833015, 0.0005890497958081498]
[0.0006163902615716269, 0.00048487552584730587]
[9.960106257186907e-05, 0.00026630376646752385]
[0.00010515228037197288, 0.0006316029619712338]
[-0.0001160973679149302, 1.0942362851373844e-05]
[0.0008487994367288587, 0.0004292221333159485]
[0.00026702694226942575, -0.00022241845545592498]
[-9.911977626282653e-05, -0.00036757693266056823]
[0.001381675846173637, -0.0005338553980287764]
[-0.00053132778347241, 0.0002557219107952313]
[-0.00022292947920460326, -6.4863700713346795e-06]
[-0.0007681026705628202, 6.082435960244603e-05]
[-0.0004554681279682615, -0.0005601745533819757]
[0.0001523720039237897, -6.098437321291894e-05]
[-0.0006055034655858826, -0.00011781557994200442]
[-0.00029632793203748786, -9.759464635189508e-05]
[-0.0004758229457937774, 0.00013718675553381354]
[1.03722159422448e-05, 5.3324588104239345e-05]
[-0.00039087770025508783, 0.000676909963468128]
[0.00041026632583535116, -0.0007382249909194394]
[0.000413137964489399, 0.0006148673696720341]
[-0.00011051208404760926, -0.00024026138198404712]
[0.001113679966825501, 0.0002811566363014051]
[-5.350083653395121e-05, -2.9795873949859525e-05]
[-0.00020595158861945462, -0.0007981061161524278]
[0.00025948772710153445, 0.0007963506928088705]
[-0.0009630064948577544, -9.788335981356783e-05]
[0.0006365329319085317, 0.0005520328787258569]
[-0.00024431560233715514, -0.00014323176382698144]
[0.00011674242943479195, 0.00018224198811743475]
[0.0007952364085621402, -0.0002492475910871733]
[-0.0005476599067065803, -0.00019242267608953617]
[0.00029326151381722787, 0.0001635298027016282]
[-0.0006076532294802678, -0.000744312624809583]
[0.0001881587012884517, 0.0001983877105413527]
[0.0006771527359832191, -0.000466113462583323]
[-0.00011528020284801155, 4.3561281948330255e-05]
[0.00014949675796470385, 0.0004987320428559289]
[4.807024707162433e-05, -0.00041053129724399895]
[-8.607484750758343e-05, 0.0006375105329039232]
[-0.0004694809981539705, -0.00043322511889412607]
[-0.00035399262975757684, -0.00021078738960583765]
[-5.985921591930565e-05, 0.0003158158080131396]
[-0.00021666055640749, -0.0005317025253051]
[9.442309468990495e-05, 0.00045638505304793076]
[-0.00014502296083427485, -0.000278613675219197]
[-1.7650606293606597e-05, 0.00027154278697294476]
[-0.0003252604663304126, -0.00013352404379193827]
[-1.201711421018603e-05, 0.0006151435074631117]
[0.0003486393335242685, -7.29803889168712e-05]
[-0.00042297693253555424, -0.0001346855649258516]
[0.0011882386606767992, 0.0005227098439928857]
[-1.620791004126182e-05, -0.0006566419255846778]
[0.00016764796695795114, 0.00030726480530551825]
[0.0007990573597407152, 9.60212724609999e-07]
[-0.0006615363177912975, 0.0001448420186898336]
[0.0003660769733454805, 0.0003082565435321427]
[-0.00015464050157716625, 0.0004284264406134164]
[0.00015040433664915281, -0.00032522145785993106]
[-0.00027404610889467107, -0.0002511594751884727]
[-3.619798037644839e-05, -0.0008423043204758285]
[-0.0004468873060240186, -0.0003817522389309158]
[-0.0011258874580428735, -0.00018400770856913384]
[0.0001957064958146848, -6.365173295036497e-05]
[-0.0007899247112167773, 0.000506703900901434]
[0.00036086824678555063, -0.0003286579537025297]
[0.00047097408615083547, 0.0005665115488110994]
[-0.0003511723222680979, -0.0001027954934519626]
[0.0004468355696107956, 0.0006368261252343715]
[-0.0003382417059519527, -0.00027991142349544085]
[0.0003131422935829589, 0.00010297652420988151]
[0.0008822417737746405, -1.0863768429332163e-05]
[-1.1015029460027803e-05, 0.00010249686195073701]
[0.0006766166259832701, 0.0007303660620534055]
[0.00012630962143626596, -0.0005526404847655212]
[-2.714025294085331e-05, 0.0006835180867015619]
[-5.872256961941477e-05, -0.0010086734709299095]
[-0.0005149255099575374, -0.00022464722592775016]
[-0.00024197825247157523, -0.00013958940024407299]
[-0.0005947318870067331, 5.729005756288652e-05]
[-3.967769185879433e-05, 0.0008296124497701521]
[-3.009546740215252e-05, -0.0002100878484239052]
[8.458442016409662e-05, -0.00024238807302909282]
[0.0001605873071459929, -0.00019984954850663095]
[0.00011994367562748187, -6.563826965419461e-05]
[0.00014919818496804405, -0.0005796906304629812]
[1.986389723437898e-05, -6.394657024104411e-05]
[0.00043143611110575686, -0.00010194146871542187]
[-6.017739433095137e-06, -3.553418569363087e-06]
[0.00020062659681248374, 0.0001666935007860748]
[-0.0002795905913331176, 0.00012110948588728299]
[-0.000791228144769715, 0.0001267508207574708]
[0.00018690775560536999, 0.0004999175147240853]
[-0.00031795401206403257, 0.00011399380807591841]
[1.2606993413516454e-06, 0.0005904249242632553]
[-7.458594669225785e-05, 3.7018320432735674e-05]
[0.00022750903900109476, -0.00041241562675373156]
[0.000867733735762849, -0.00015670087882885264]
[-0.0005073541870410231, -0.0006510652834241792]
[0.00023762191794859944, -0.0003122369361213406]
[0.00022912741696666516, 0.00028366568107707213]
[-9.51200639504185e-05, 0.00043122534828282655]
[0.0002466482279671542, 0.000605922359352945]
[-0.0002814174327701313, 0.0006015003422176202]
[9.825193994315515e-05, -0.0006085218748891896]
[-0.00038053984878907987, 0.0003432046567892755]
[-0.00011289997114832806, -0.00027797817447650086]
[-0.00031054630982119136, -0.0006803366788104559]
[-0.00015954183039630643, -0.0004321836437030657]
[0.0006173464636309023, 4.960431786038555e-05]
[-0.00016671981285588944, 2.7326004876648824e-06]
[0.00011280294751050968, -0.0003439442734946979]
[-6.70736106417047e-05, -3.804197515967778e-05]
[-0.0006411031471475759, -0.0003527782855114875]
[-0.0003973167656893678, 0.0007820061735563655]
[2.565425845707514e-05, -0.00033142586713180364]
[-0.00019152096822595138, 0.0007272092192733351]
[0.00028025107667017934, 0.0002983833917261716]
[0.0007785393409978913, 0.0004439542341245842]
[0.0005301621705027168, 0.0005205738442345918]
[8.302102015401124e-05, -0.0005271943535975696]
[9.036630859135877e-05, 0.0002207437089274556]
[0.0006189009305578568, -0.0009538569411517948]
[0.0004204925067576148, -0.0003201017070022516]
[-2.4281326510833257e-05, -0.0004051472450777591]
[-0.0006058629329561416, 0.0005592070227589396]
[-0.0005025682191541619, 0.00027935925926603385]
[-0.0004931075037241106, 0.0006039418004475383]
[-0.0008106960398479024, 4.280649218293617e-05]
[-0.00041934494014497087, -0.0006833084971904074]
[0.0001680442932201348, -9.000171890286707e-05]
[0.00011157592331613453, -0.0004083172115375566]
[0.000200572505544519, 0.00033896036226123416]
[0.0003430363184294266, -0.0005008788396250741]
[0.00027476172492416073, -0.000499665577116129]
[0.0008185059065483197, -0.0003329463784644271]
[-6.571583112535695e-05, 0.00034843883396468156]
[-4.8468979702960546e-05, -4.8810857525172224e-05]
[0.00025426943240977606, 0.0007155229732374868]
[-0.0003552094761588402, 0.0008237072535040579]
[0.00014243762000575033, 0.00028592849396580355]
[-0.0003163246812029376, 0.000311848347949617]
[-0.00029818884853063943, -0.0004784941669740417]
[-0.00019186633203007938, -0.000198917944330107]
[-6.895393555164664e-05, -0.00019998794794215402]
[0.0004718247456027419, -0.0004232549247684403]
[0.00015607724279996515, -0.00017328203559013877]
[-0.00011423960148927714, 0.00032988628606514525]
[0.0004307262701552482, 0.00013479774108371423]
[-0.00015741562613237614, 0.00016915819028964774]
[-0.0006704247015987923, -0.00015229308322761703]
[-8.454744966049366e-05, 0.00011125146372992223]
[-0.0003895114068647246, 0.00026329054822174514]
[0.00017712002545255956, 1.076572649583163e-06]
[0.00022918937830093689, 5.6127771849073804e-05]
[-0.0001295715899830019, 1.4409745015056541e-05]
[0.0004041615993349776, -0.0005643867068978736]
[2.774404004476927e-05, -0.00015235885024400542]
[-0.00019262111431167517, -0.00020933494756225635]
[-0.0001834086252687911, -0.0006188407189134867]
[-3.5788285831242495e-05, 0.00010204628891589962]
[0.0003876732063137489, -6.871558575496928e-05]
[-0.0002941736807386616, 0.0004828021287074935]
[-1.721496241885445e-05, 0.0004085635738996854]
[-8.499896672971297e-05, 0.0006847885636990861]
[-9.497536085241454e-05, 0.000189170097929868]
[0.00011492143104799984, 0.00027967007799861027]
[0.00031237456943283837, -0.00026795391977070364]
[0.000696719234387781, -0.0005292696323049156]
[9.216399170844901e-05, -0.00012283967994469042]
[0.0006644549595137064, -0.0005318036091466732]
[-0.00018834649322612557, 0.0004389016263469589]
[-0.0006307865736939616, -0.0002768341078640355]
[-8.361363826188406e-05, 0.0007335489062850614]
[-0.0005918679328267146, -6.854886206000832e-05]
[-8.963776512722205e-05, -9.398583294659146e-05]
[-3.750928549831056e-05, -0.00017527032777922558]
[-0.0004773829277863878, -0.00019954680085214338]
[-0.00031156108515849323, 0.00017656568088399854]
[-0.0001537806549709586, -0.0005556048722771545]
[-0.00011671059165921371, 0.00020739032544105085]
[0.0005068477643318595, -0.001029029956332278]
[0.0004979827700599682, 0.00032098805536454056]
[0.00044866050216626346, -1.3221275341923633e-05]
[0.00038334299234807356, 0.00034613809638397997]
[-2.4201909531208765e-06, 0.0007654449864051838]
[8.600627062524402e-05, -0.00016767093037642344]
[0.00014923656364845828, 0.0002164052964669927]
[-0.00016884774290389093, -6.834836975030956e-05]
[0.00010714070308083523, 0.00018828392696657037]
[1.1843261093213986e-05, 0.0002554230604234764]
[-0.0002959358597360226, 0.00010858307093630781]
[0.0004974999284688975, -0.0004022484315234498]
[-0.0006155430185423305, -0.00014990040198439858]
[-3.872849262331196e-05, -0.00017000430592725713]
[-0.000548403141226228, -0.0002513357466115973]
[-0.0006666742697443995, 3.645036819238667e-05]
[0.0005578354370418953, 0.00018948420969555624]
[-0.0006532350470597019, -7.577849471201992e-05]
[0.00044602171322485895, 0.00024103221975477207]
[0.00012351673475480968, 5.87772050437696e-05]
[-0.00026778534570982837, 2.505631225549476e-05]
[0.0003174941231938039, 0.0002816082593043445]
[0.00010239074870799225, -0.0003763638143677722]
[0.0001543049103949895, -5.497626598365002e-05]
[9.492213018405526e-05, -0.0002894535632463058]
[0.00044897308701241645, -9.48947541859202e-05]
[-7.745748886645032e-05, -0.0001548443368574598]
[-0.0002657919321813751, -0.00024327066585640156]
[3.7564551937874224e-05, 0.0004697950628389999]
[-0.0005102571332551431, 0.00027526462576574207]
[0.0002944986005694733, 0.0003283949253264917]
[1.766160158526639e-05, 0.00021603548795275096]
[-1.613176834359964e-05, -0.0001915432699284474]
[0.000612928086353548, -0.00020616412374050916]
[-0.00010938345624772819, -0.00028006113667124535]
[0.00016802128446435916, 0.0001936066846988764]
[-0.00038070862866642144, -0.0001679546071482116]
[0.00018097583525347044, 0.0002130464953449063]
[0.0003411916442177462, 0.0004315899776670337]
[-0.00029182953095306663, -0.00032981007539647014]
[-0.00012471445781291057, 0.0003865378386485388]
[-0.00017523510143850618, -0.0008414250786479525]
[-0.00020226098629165523, 0.00013335440130886334]
[-0.0007421284550049034, -0.0001053433125114897]
[-4.248623853124467e-05, -0.0003288381540770685]
[-0.00012522938445272414, 0.00042182706756402344]
[0.00014371576793798663, -0.00039099061622747955]
[0.0006025178687928956, 0.0006225715821567002]
[-0.0001034122444034391, -0.0005574973213907652]
[0.0002112457001779977, 2.192148746296696e-05]
[3.1203822655576086e-05, 3.44986222883259e-05]
[2.8187237675975085e-05, 0.0002452380387242825]
[0.0006266303817292311, -0.00015752811982908121]
[3.7922783899649315e-05, -0.00017634526305743137]
[0.000489322799129624, 0.0007205604825670509]
[0.000106832139621163, -0.00010131293751994286]
[-0.00017761531498779182, 0.0005528251502897319]
[0.0002413614900139277, -0.00033267427258137916]
[-0.0009706373592035869, -0.00022191250695546838]
[0.00047730699440085705, 0.00012862715139166925]
[-0.0003581777725514129, -0.00020999663510773425]
[-0.0006456935852063687, 0.00012591575317677517]
[-8.246494014613193e-05, 0.00011650557644335424]
[-0.00048815591973867464, -0.0004015812920180606]
[0.00038730514606746813, -0.0002360446350739842]
[-0.0005555972978420892, -2.105479649622266e-05]
[-0.00018444140238685347, -0.00011756886515891518]
[9.197365421965281e-05, 0.00044995328642308263]
[0.0004587321155850449, 0.00016321293625710942]
[0.00011525243692349363, 5.285210752123404e-05]
[0.00010714024172320258, -0.00019898946653003347]
[0.0005541300246937331, -4.731624998885464e-05]
[-0.00014352665665454123, -6.802815022795283e-05]
[0.00019426548019695067, 0.0003707505342334799]
[0.00022770144669601033, 7.870488187145669e-05]
[2.2437004282643835e-05, -0.0003744728629249197]
[0.00040411531093273445, 0.0005201341409164714]
[-4.48342915803715e-05, -0.0002955591577014152]
[-0.0003364582832835056, -0.00021842916643270704]
[-0.00023105691260697642, -0.00043135471072391907]
[-0.0002427244952632468, -0.00012664643992801178]
[-0.00014223449998152296, 0.00047967691091083293]
[-7.838404479333042e-05, -6.19684157733974e-05]
[0.0003295352640286728, 0.0005713041322196136]
[-0.0003401409245370815, 0.00026237099578331133]
[0.00032392754686519365, -4.8500527980162994e-05]
[0.00020573653479327714, -0.00013803551871970077]
[-0.00045485977785861276, -0.0006815669594222307]
[0.0001556844662689988, -0.00020545652264677278]
[-8.867853870600517e-05, -0.00010480804439733094]
[0.00037319574315901327, 5.309981184545287e-05]
[-0.00032426545885633207, 7.609515902319564e-05]
[-0.00031543349725503267, 0.00039429222103801176]
[3.508387678603786e-05, 0.00016747174736340964]
[-0.0003532105362032134, -0.000261677291528456]
[-1.3248685219430234e-05, 0.00020514013955832966]
[-9.591785241799128e-05, -0.00040312759301366907]
[0.0002917766635735508, 0.00030321143341914547]
[0.000589742407151591, -4.832747140831595e-06]
[0.00022307621647715825, 2.8241026780811973e-05]
[0.0005051420429481694, -5.469133404850668e-06]
[9.886938155440061e-05, -0.000425534423962981]
[0.00021367314635948112, 0.0001974854616932642]
[0.0001340532395434635, 6.551246256336629e-05]
[-0.0005611943906748545, 7.67402876657719e-05]
[0.00039347494208341605, 5.9891486552887674e-05]
[-0.0005664595672683764, 0.00042254502899549684]
[-0.0004193778463308685, -4.4775095527749276e-05]
[-0.0002723331785047939, 0.0001847286247041724]
[-0.0005592504976924019, -0.00024668368166519405]
[-6.595640773174316e-05, -0.0003828827559298753]
[7.154311937639796e-05, 2.9551225835061645e-05]
[0.00020558299519718437, -0.0003849111521153775]
[-0.00017690995819808625, -7.284845028598941e-07]
[0.00016295766247689802, 5.7673446758346736e-05]
[-0.00025436226678855756, 9.120339728621585e-05]
[0.00022100163274231532, -0.00034274989194352234]
[-0.00010484584253395851, 0.00041162256160551247]
[7.717109154481427e-08, 0.0001490614026264242]
[0.0003750290710703985, 0.0006192598059211463]
[0.00019739762406011108, 0.0005419304579252146]
[0.0005389036164386019, -0.00043097395151905915]
[0.0002080736724819343, 0.0002023624034654392]
[0.00020391195017914476, -0.0007379339349364092]
[3.1438324453458844e-07, -0.00024626074671727644]
[-0.0001254873767311017, -0.0002916166373974974]
[9.142259796737426e-05, -0.00017483771105903864]
[-9.176059898945675e-05, -4.132992768313484e-05]
[-0.00026932473915871995, 0.00021744598655135464]
[-0.00012808134687191525, 0.0004666446492504559]
[-0.0008495361687410954, 0.0001794678904872421]
[-0.0003374024043656179, 0.0003875363049047186]
[-3.791618634006039e-05, -0.00036566555699804604]
[-0.0001462318187629985, -0.00023628758429240435]
[0.0006026352078700725, -0.0003513511777633177]
[0.0003498317183597277, -6.213277142088844e-05]
[0.00015751703524462257, 4.835007905486244e-05]
[0.00017153276291469177, -3.1706955545496296e-05]
[0.00016706260392634897, 0.00022688859532025984]
[-0.0002791729399087839, -7.634093700327471e-05]
[-2.240941875197855e-05, -1.8890463536425095e-05]
[2.0411796240391022e-05, 0.00019180778688662747]
[-0.00033521265988457893, 0.00010116911971963516]
[-4.2533058164165305e-05, 0.0002185001938785902]
[-6.004928408361379e-05, 0.00023781619795362752]
[-0.00020753437944817654, -6.845448298459234e-05]
[0.00023358388554298518, -0.000247552181206645]
[0.00039795145044480007, -0.00015078828074821526]
[0.0004009595530376775, -0.00038873187013516164]
[0.00042488099885296116, -0.0001871209326895218]
[-0.00011274942040657987, 0.0001836917380154679]
[0.0002499730632647551, -1.7054482956246897e-05]
[-0.00020925919050882036, 0.00018402310411641531]
[-0.0004959136219063465, 9.145591333761804e-05]
[-0.0001903632936857691, 0.0002132503352999804]
[-0.00036608610832610314, 0.0002498721571067841]
[-0.00016142441662053697, 0.00017658604815662393]
[0.00011419527835180784, -5.020072149317101e-05]
[-0.0004371292103405172, -0.0003056614668285884]
[9.815196105694007e-05, -0.0004820022500424681]
[0.00011832207138268158, -0.0003126194463617671]
[-0.0005362852597735335, 0.00011356159367884033]
[0.0003056769070333837, -0.00033554431067664425]
[-1.3914890406203917e-05, 0.0003987194201277994]
[0.0004004383719460741, 0.00025818541947138923]
[0.00010204876601266344, 0.0004323743250470441]
[-3.090732182313427e-05, 0.00043600535184736]
[0.00016930343852953472, -3.705581431631688e-05]
[1.788102038528805e-05, 0.0001032448136367714]
[0.0002521467037873565, -0.00013207456274576257]
[0.00029081581342449425, -0.00023985709150557352]
[0.00026690655977289895, -0.0005026246528080786]
[1.8608137541981096e-05, 0.00019669493198356224]
[0.00036855107463138435, -0.00043570455404477737]
[-0.00027389291152337715, 2.7040518943848707e-05]
[-0.000335864087924553, -0.0001560482767493116]
[-0.0005364346109408471, 0.00023146172965431318]
[-0.0005136625700656559, 0.00047954829959912654]
[9.396226729585858e-05, -0.00023641945330897876]
[-0.0003410954602773575, -4.6399727122732604e-05]
[8.576211790053967e-06, -0.000389371687675652]
[0.00022703025403741917, 0.00025713200486875143]
[-5.4626903093664414e-05, -0.00026134663162230565]
[3.4830706506339126e-05, 0.0004665256004229429]
[0.00011078042390326448, -0.00012575467623256176]
[0.0004096236476506393, -0.00018521848377236333]
[0.0006053497838768018, 0.00012016706368273011]
[1.3995244484879543e-05, -0.00023617455434316037]
[-0.0002850480058613977, 0.00043310649943409385]
[-0.00015294070399902993, -1.3664391974699264e-05]
[0.00010336728795672795, 0.0004704285332825242]
[-0.00039068330033351084, 0.00010220040454554657]
[8.302739878080292e-05, -0.00011784312326698632]
[0.00041725327681726987, -7.890677561189774e-05]
[-0.00026389158972345284, -0.00022137606704258905]
[0.0003298779178133593, -0.00011083846815335141]
[-0.0002908334266828287, -0.0003975670891314953]
[-0.00013373928036478772, -0.0003029986052464906]
[0.00010538121685030322, -4.396400524997457e-05]
[-0.00013575379331544346, 0.0003737402274629764]
[0.00031950404225976337, 0.00015868840216171076]
[-0.00021904674980839645, -3.855920542333857e-06]
[-2.1893790123794776e-05, 0.0006177115243927722]
[5.293050317153186e-05, -3.814010668359846e-05]
[-0.0003424716679580053, -0.0003884553525567158]
[0.00010293643879853015, -0.00011610092691030638]
[-0.0002465855130252548, -0.000420390283623423]
[-6.0128327449227026e-05, 0.0003538187349845512]
[0.0002589583515360677, -2.4035676368869274e-05]
[-0.0002179751231616428, 4.072713281336182e-05]
[-0.00012130153714601244, 0.0001354487816626615]
[9.445940674487202e-05, -9.202047735375196e-05]
[0.00018636901846941223, 0.0001092212788755334]
[-0.00038815044362169177, 9.21222045296155e-05]
[0.0002339751281775354, 0.00030763293296892646]
[0.00021412693856120296, 9.57723403291616e-05]
[0.000453406251980773, 3.3679956529742566e-05]
[0.00036538073890270834, -0.00022255898457002044]
[-0.0002220348204210118, -0.00011554753666419802]
[0.0004504020174889954, -0.00018025783110238794]
[-0.00032004083157280774, -6.007049116210812e-06]
[4.032063428509227e-05, -1.4305181864827932e-05]
[-0.00014629957742146081, 5.943109366757758e-05]
[-0.000365981361599009, -0.00038696824341738576]
[3.700466183198178e-05, 0.0002349553923207126]
[-0.000544906251625954, -0.0002131020354962706]
[-7.787811818352891e-05, -0.0003588474183752119]
[-0.00022603104510137556, 0.00017095922132655955]
[-5.94257149540145e-05, -0.00018436433724429435]
[0.00020218939753942344, 0.0008583916751171566]
[1.0076667629969893e-05, -0.00028332804265132627]
[0.00048339464390920184, 0.00013898321070411612]
[0.00011132765258616006, -0.00023910490457967892]
[0.00013997689621335352, -0.00010246743809554093]
[0.0002042087281113117, 6.94834167208197e-05]
[-0.00027533087900190323, 4.08143001949246e-05]
[0.00026952267162363985, 0.000631496949904442]
[7.28539892864144e-05, -0.00016253291631501687]
[0.00024946917983155806, 0.0004432219588786368]
[6.91179360745725e-05, -0.00047904146042287987]
[-0.0005356835830004694, 0.00012172104293958763]
[3.154929368057169e-05, -9.361487740844332e-05]
[-0.0003858405064604102, -0.0004676082605433729]
[-1.4522079299542079e-05, 7.627779865349016e-05]
[2.9465262218135446e-05, -0.0003410432631111293]
[4.2495598593969564e-05, 0.0002825459420604248]
[6.551634243897458e-05, 9.84107359984221e-05]
[-0.0002774114401836031, -7.154386316182704e-06]
[0.00014955748454181794, 2.6701802812001407e-05]
[-0.0002487041877341535, -0.00029839045929772046]
[0.00014543136644336319, -0.00020697402486596905]
[0.00022473042096529325, 0.00023850281405404794]
[-7.029690143744993e-05, -1.357146293197442e-05]
[0.00015636767407266328, 0.00028229460333756284]
[-3.076158837275744e-05, 0.000318695194961624]
[-3.3539656849032595e-05, 5.2775776384586526e-05]
[-0.0002037951568918117, -0.00014652708727608266]
[0.00020140982514399441, 2.226798619769932e-05]
[-6.252225904468389e-05, -0.00016225685327250772]
[-0.0001714445755942734, -8.4601784429289e-05]
[0.00037530031254294494, 0.00037252783359033315]
[-0.00041102695396789263, -0.00024174521104958213]
[0.00018249844130782678, 9.339700775073956e-05]
[4.920456145515034e-05, -9.484939720197372e-05]
[-0.00013417214836428798, -0.00015183247891433285]
[0.0003059863457093234, 0.00023349029081412911]
[-0.00013362001747050517, 0.00020377748833722356]
[0.00033188398944697037, 5.193837177613729e-05]
[-0.00013797712579132967, 5.996576498781825e-05]
[0.00010108120758026314, -0.00039269023691819276]
[0.00011850396200779705, -0.00020134005004576738]
[-0.0005150176791024613, -0.00030459304811710115]
[0.0001243048612802021, -0.0001408308909288808]
[-0.00014746727425739292, 5.418344739383657e-05]
[3.979979003262968e-05, -4.958610434026289e-05]
[1.745887387452627e-05, 0.00022447142115045865]
[-0.0004204437846824574, -8.464285993173282e-06]
[9.854951039778292e-06, 0.0003429056314050577]
[-0.00010961630661427552, -0.0003109926391645229]
[-1.2706256385858206e-05, 0.0003031217542684983]
[0.00033576505112220545, -0.00020090645662182438]
[0.0003052869735241659, 0.00021374500185832035]
[0.00038417489133506927, 0.0004164401630790959]
[0.0002910902609044863, -9.975296425303315e-05]
[9.43575509516556e-05, 0.0002425624818016281]
[-1.1490350868462174e-05, -0.0006249135359606139]
[-1.1136554409445568e-05, 0.00012980720765704]
[-0.00026075970814025407, -0.0001264009845777514]
[-0.0003594586550067728, 4.059764262637211e-05]
[3.097901767190603e-05, 2.04956672768819e-05]
[-0.00041023669655392003, 0.0001797692440224652]
[-8.676733053234603e-05, 0.000123315736019175]
[-0.00017385736515586336, -8.729575019880698e-05]
[-0.0003546082021476035, -4.499582545297587e-05]
[0.0001473335099837908, -0.00037338679616999437]
[0.0001221478191124302, -6.241593389502698e-05]
[0.0005120046687193125, -0.0005489261191180816]
[9.064649278527938e-05, -5.38522825171972e-06]
[-2.2507213359446165e-06, 0.00013018747670545672]
[2.814730021432482e-06, 0.00043887371779927076]
[7.250183897043738e-05, 0.00019660197038701144]
[-0.00012429079200794446, 0.00020086079902290055]
[-0.00019330102557975348, 0.0001600341952803369]
[0.00048045310012727327, 0.00012799787752339198]
[-0.00016347007945098635, 0.00016249696859155227]
[2.8179385109385058e-05, -0.00028578560523936924]
[4.690442231980452e-05, 0.000147677077691942]
[-0.00027520098059835574, -0.00048474792727833116]
[0.0003644956341790767, -0.00010301741932948125]
[-0.00014050883733349867, 7.645844560083548e-05]
[-0.0001712697899134974, -0.00017976045364041793]
[0.00018091785835255142, 8.513192384501655e-05]
[-0.00014330432319629993, 0.0003269911559860457]
[-0.0002186979015328626, 0.00010127530413110014]
[-0.0003037409681668282, -3.8240814710512744e-05]
[-3.30836717918879e-05, 5.057082163825374e-06]
[0.00014147209880951582, -0.00014830001467928608]
[-1.1435818670392506e-05, 2.4022218249193303e-05]
[0.0004661712422259906, -7.658664228099923e-05]
[0.00022207276708697404, -0.0004514806525566673]
[4.515347018015092e-06, 4.618429634990068e-05]
[0.0002698813297144151, -3.480998570087532e-05]
[-0.000228450396714798, -0.00032729646909627347]
[-0.00040289211533020564, 0.00017222113062476466]
[-6.134887932518485e-05, 7.609892311589983e-05]
[-0.00017096694519554145, 0.0005015926786453573]
[0.00011168643509705534, -8.392050894982794e-05]
[0.00014704914067104058, 0.00014377120390596937]
[-0.00024990998493110844, 0.00022609229977096912]
[0.00025235843553438053, 0.00015768496303979196]
[0.0002052484977285024, -4.0978415659143064e-05]
[8.752287014776594e-05, -0.00036051687166779867]
[0.0003512081251795321, -0.0001276061503000525]
[0.0002818350491549382, -0.00037839138679279793]
[4.674252497821954e-05, 0.00024900207641964656]
[-0.00018334385018589638, 3.1418941355221275e-05]
[-0.000571977460728533, 0.00035681923534891524]
[-0.0002590478615310046, 7.08902915124987e-05]
[-0.00011605842514999382, 9.116773880710194e-05]
[-0.00041136633028796, 6.79305845038558e-05]
[-0.0001590218316102135, -0.00024357739217975571]
[0.00010538225158622863, -0.00018256102716185385]
[6.629444489594793e-05, -0.00040664261838141424]
[4.2440490376024e-05, -8.487157856959526e-05]
[0.00025194679719507673, -0.0004058725819084119]
[-2.3445295078076966e-05, 0.0002409049514787709]
[0.00034373169982590546, 0.00015171985455082748]
[0.00018027260403691292, 0.0004937126450879903]
[0.00010472425397153873, 0.0001411340405102074]
[0.00023331794754205548, -7.723596782309439e-05]
[-0.00022412262481144585, 0.00036283835204126147]
[-2.363436591751311e-05, 4.613400319970762e-05]
[-7.013568566287265e-05, -4.565169997652885e-07]
[-7.067466568538155e-05, -0.0002320283611645796]
[0.00011471152977951538, 9.566353628207014e-05]
[0.00019370428325425626, -0.00017172962264403596]
[-0.0001742083796860694, -9.863320894587524e-06]
[-6.303933397303063e-07, -0.00035273256833490835]
[-0.00032071598323678285, 9.466026272492503e-06]
[-0.0003653874381830298, -5.163048946123239e-05]
[8.97474586316685e-05, -6.943266985934456e-05]
[-0.0004184293731142588, 0.00042177883203745395]
[8.887064219204478e-05, 3.5460955465031925e-05]
[8.160127319029216e-05, 0.00020682841851053617]
[0.00024264534318329568, -6.216889252687839e-05]
[0.0001940924734468094, -0.00025862280519639135]
[-7.096491470178282e-05, -0.00027528278023178365]
[0.0003960677326507872, -3.0447720250029175e-05]
[4.119931317964065e-06, -0.00018707087051138965]
[3.2997965880021685e-05, 2.9255159485076787e-05]
[0.00030512288683298, 0.00019884922732701232]
[-0.0001989044583449312, -0.000184643710563398]
[-4.208666211549805e-06, 0.0002641627036736316]
[-3.430106480971362e-05, 0.00021539907805941116]
[-0.00036059739357204024, -2.6899594651061398e-05]
[-2.8484088587660272e-06, 0.00030416698410586085]
[2.938497153022468e-05, -2.5690031519726153e-06]
[0.00011271492335732103, -1.1019867436234954e-05]
[9.580730511269536e-05, -0.00032194966866952446]
[0.00029334447579744405, -0.0002859860073927273]
[-0.00011825016450680605, -7.550682498433381e-05]
[-0.00011394605533095181, 5.068004499489409e-05]
[-5.301050603103222e-05, 0.00035461315425722173]
[-0.00016829032083932882, 2.5736474849241686e-05]
[0.00012937107780792295, 0.0003158863290438074]
[-0.00012523508153435003, -0.00023898314586126568]
[-0.00011895648727630603, 9.421761178896038e-05]
[-0.00027272959890556336, -9.307557448043347e-05]
[-0.00021893509860244909, -0.0002988809020262051]
[-3.649659099270487e-05, 0.00010573417942932872]
[9.593463768128863e-05, -0.0005043844325213487]
[0.0002242536858194158, 0.0002677719708113202]
[0.00014414603505798207, -2.83835964083462e-05]
[7.114558119992315e-05, 0.00017261907631910267]
[1.2443968168629471e-05, 0.0001362245385412436]
[3.883896842638013e-06, -0.00015833529335720908]
[0.00028961090035239945, 2.686012781208391e-06]
[-5.942333170161351e-05, 3.227374642918168e-05]
[0.0001773292252243014, 0.0002948044913122505]
[0.0002343296014006499, 0.00020437618920442213]
[-3.240103467685995e-05, 0.000293119088610308]
[0.0002539757524140304, -0.0002233682304099427]
[-0.00038935606664532163, -0.00012771498826915847]
[6.588692076051755e-05, -0.00030914562983738736]
[-0.0003844345712243624, -0.00022661244668288616]
[-0.0002624500502812349, -8.977538075022329e-06]
[4.000237725423211e-05, 4.319557323104531e-05]
[-0.0004980569596376664, -4.1877724378837355e-05]
[0.00015591795291689838, 0.0002997923343247442]
[-0.00031895744238968037, 8.387350744386464e-05]
[7.431287802529829e-05, -0.00021596180878361362]
[8.478110967605201e-05, 1.1792116858913224e-05]
[0.0001010518132947974, -0.0002782536003546818]
[0.00042262507605953653, 0.0003609830937989101]
[9.39940498676517e-05, -0.0001659632165573119]
[0.00030134675268957134, 5.8942402408050654e-05]
[0.00012420294378170244, 6.0991422613752844e-05]
[2.325093931836164e-05, -0.00021493192950184162]
[0.00020687025921969915, 9.983047384430621e-05]
[-0.00012958648623558056, -9.267320769118514e-05]
[-0.00019357609314286928, 0.0003323868842891875]
[0.00010616287098680344, 9.184962930217089e-06]
[5.945525470230084e-06, 0.00014915852566334264]
[-0.0001799946680661746, -0.00026422512622666094]
[-0.00022219334123692314, -0.00020632857362198886]
[9.633990628085676e-05, 0.00016153676019112218]
[-0.00018921617058756737, -0.0003690272317322385]
[6.453101571547715e-05, 0.000394071679126487]
[-5.8686153448717776e-05, 3.638581044834721e-05]
[0.00010009133658783753, -2.3245156344359197e-05]
[0.0001390334007300778, 0.00021478711514655302]
[-0.0002411115041083406, -0.00023776519567070276]
[1.16338303861388e-05, -2.5367952761090606e-05]
[-0.0003805880573181375, -0.00023598210280642573]
[0.00019746173675598555, 0.00016173823967252643]
[-2.7394457489442192e-05, 0.00018513594725264038]
[-7.20716157804474e-05, -0.00011176655509970157]
[0.0004087765509832586, 4.686297557665586e-05]
[-0.00024126094631414519, 5.192205901811964e-05]
[-5.3005805362184993e-05, 0.0002239985736967598]
[-8.927841702477401e-06, -0.00025088806990024304]
[-0.00010283312098599562, -0.00012010417095931203]
[0.0003337374121774178, -0.00019181426754122377]
[0.00016576616028295826, 3.124618167460458e-05]
[0.0003125167760466008, 0.00017819371231999476]
[-0.00010179780949735873, -1.921200220149355e-05]
[-0.00012293287485745652, 0.000494134156574802]
[0.0001482771980797215, -2.4329750793875005e-05]
[-9.941734374968592e-05, -0.00022507955671329655]
[0.00022178088586782135, -0.00016761031096343415]
[-0.00036616669015637066, -1.3631028753386884e-05]
[0.00012744285514134507, 0.00011922746198785028]
[-0.00010758160385421212, 0.00014274214182259833]
[-0.000418020125799768, -0.0001747705245438852]
[2.158030039330766e-05, -4.6595654747393425e-05]
[-0.00031586075807472826, -0.00012594388437854945]
[0.00015520514331448425, -0.0001998685391203306]
[-0.0001875200144690059, 0.00012157792555391247]
[-2.982461360124221e-05, -0.00012704472755907525]
[0.00012788870102257294, 5.967496475278028e-05]
[9.71360837463825e-05, 4.730446470051913e-05]
[2.9098811214954556e-05, 0.00035239468722029]
[8.965135108972289e-06, -0.00014989668799315903]
[0.00031544214404631565, 0.00011956075103358027]
[0.0003736924264199776, 0.00013405598620781084]
[0.0002825035075279536, -8.178521206383266e-05]
[8.731070059404128e-05, 0.00017192952562157526]
[0.00019625803415654341, -0.0004360657233844281]
[-0.00011863166031506056, 0.00014482981180359566]
[-0.00023389991462482995, -0.00022471980673005598]
[-4.4335500947942363e-05, -0.00016940538510171188]
[-0.00028454519469107986, 2.1377514443920997e-05]
[-0.00031891459922937446, 0.00011447758574900657]
[0.0001413262600833548, 0.00040403185581275314]
[-0.0003919455974798272, -8.45259451016378e-05]
[2.711742631611447e-06, -1.996294248284014e-05]
[-7.733455008654064e-05, -9.883921512982008e-05]
[-0.0001797255640448442, 6.489016251892687e-05]
[0.00039398872293008175, -0.0002876453380367683]
[-0.00013210974239932088, -4.836630081861415e-05]
[0.00036912810438895216, 4.6575239482787856e-05]
[0.00014295660993604575, -5.1526085736885996e-05]
[-2.4983577160048176e-05, 0.00020399649866098546]
[3.353365824720726e-05, 0.00011036910908751585]
[-0.0003772095165521516, 0.000132694856868662]
[-7.643106767328371e-05, 0.00012018801242255628]
[6.603125092068118e-05, 7.757974124880662e-05]
[-5.8590165279759354e-05, -5.737913176902254e-05]
[5.2143536499377197e-05, -0.00010217442157028911]
[0.0002875216196434188, -0.00020245341358847424]
[0.0001336471115132437, -2.1237218951628e-05]
[-0.00012373492398568692, -2.6670774836284883e-05]
[0.0001599091478957232, 9.802582103070334e-06]
[2.0225218417463386e-05, -2.7659027700147054e-05]
[4.726939065698155e-05, -0.00011049492215866805]
[0.0002392401028733851, 2.594819932148773e-05]
[-0.00030289912258498614, 4.720598084279742e-06]
[-0.00012865602977388257, 7.552664996786362e-05]
[-0.0002449961096672171, 0.0003386239609674893]
[-0.00022736062224832168, 0.0001299645292039825]
[5.00685826671024e-05, -0.00010960591099545315]
[9.76330297559145e-05, -0.000194725406144073]
[0.0001109374821610231, -0.00011685146510999247]
[-1.856030734987031e-05, -0.00020463738168113692]
[-1.5104778104456026e-05, -0.00010427332073660936]
[-0.0001879723750384671, -7.217186151931444e-05]
[6.244193771107881e-05, -0.00019901107746497781]
[-0.00015572620786475505, 0.00039686041600728306]
[6.876052299936708e-05, 6.233812624813206e-05]
[5.5076759802902275e-05, 0.00046813741712395385]
[6.582041604368677e-05, 0.0002397626521609339]
[0.0002836485224852747, -0.00018421488317443488]
[7.394925608066732e-05, 2.966233437935728e-05]
[0.00025779379193038854, -0.00030968720293837737]
[6.804388153509866e-05, -9.542696715028609e-05]
[0.00011619237286047968, -0.00016582055351425234]
[0.0002504307775727452, 5.938461628222924e-05]
[-2.051783038417576e-05, -0.0002480252887583634]
[-0.0001289363852169656, 0.00017097094881697583]
[-7.647494270753008e-05, 3.219778107146909e-05]
[-0.0006722502315317878, -1.443439858561657e-05]
[-0.0002263001796670855, 0.0002643025622783013]
[-0.000197327200724259, -0.00017012892382586853]
[-0.00034196757139412504, 0.0001619882469645617]
[0.0002495753735726053, -0.00017414970590995393]
[3.181146188942219e-05, 1.546219594994458e-05]
[0.00014274283106142233, -0.00018561076717765745]
[0.00023155754222213554, -1.395458799319238e-05]
[0.00014573628326201848, -7.503343857251377e-05]
[7.356044793689794e-05, 7.537178011815526e-05]
[0.00013585977930131998, 0.00023856823850558484]
[2.824740479842082e-05, 0.00017045630021261804]
[6.147736626009592e-05, 0.00023403734436823476]
[-9.21758338415235e-05, -0.0001650991564990656]
[-0.00014742052966397468, 0.000224635582600205]
[-2.548641898644788e-05, -2.4693518100929457e-05]
[-0.00011771082166098235, -8.098676422656215e-05]
[5.89814371727837e-05, -0.00011740499911619406]
[6.55302224659704e-05, -3.836495389430983e-05]
[0.00013785515601812126, -0.0002047699628804911]
[5.098486420071491e-05, -0.00017436919163900388]
[2.810336137658298e-06, -0.0001821556295167892]
[-0.000148721863214879, -0.00014062777074353924]
[-0.00016446534391761913, 0.00019880723392587396]
[0.0001295246781858328, 0.00015198996439930515]
[-0.00020357369737557945, 0.00036783259861201956]
[-5.340208833669313e-05, 0.00015454042950375363]
[0.00026854482523995526, 7.140161709183468e-06]
[-8.266305302364468e-05, -0.00012975744286619195]
[-3.545469879997587e-05, -0.00027150208125681016]
[-6.948318959594199e-05, -0.0002298030525897509]
[-4.385112576633585e-05, -0.00011146230971203]
[0.00014129636422784836, -6.618542834383942e-05]
[1.631047563565441e-05, 0.00023146813058725658]
[6.217656030828994e-05, 0.00016965501746320916]
[-0.0001293352161762934, 4.7391795251336064e-05]
[1.6546650376425553e-05, 0.00033442429857200723]
[-0.00011634264812417083, 5.6396804402690515e-05]
[2.5260657940048836e-06, -0.00026225488161372296]
[0.0002159909101432378, -1.9816082575341287e-05]
[9.743950952661312e-05, -8.640290385136806e-06]
[0.00021344501369430224, 0.00013523573257977206]
[0.00012482547140058725, 3.1570146612508454e-05]
[0.00014331877801405934, -0.0004360576665789345]
[-7.093980586016582e-05, 4.06016316769342e-05]
[6.88255705323243e-05, -0.00014657124198995397]
[-0.00026041085548458853, -1.2069217265001098e-05]
[-0.00023666671109191795, 8.175283972319813e-05]
[-0.00013056227181840532, 0.0002109199865748812]
[-0.0002655380265499385, 1.915572114524755e-05]
[0.00015080641415391761, -0.00013810709639178187]
[-0.000246111647901337, 7.470779433954577e-05]
[-0.00026560319140697675, -0.00031820167018833945]
[0.00024104355556178736, 0.0003833652986525993]
[7.50966949944476e-05, -0.00028982856508935617]
[0.00014316556042064804, 0.000101247345233757]
[0.00017894855950965904, 6.0633660969991454e-05]
[0.00010872304744619088, -6.843857797317332e-05]
[0.0001665718867377569, 0.00028700895919862857]
[-0.00020702418196801714, -1.8149769094838453e-05]
[9.684248980218468e-05, 0.00024003367257578734]
[1.4343546649055877e-05, -0.0001361658237240132]
[0.00011206733062478491, 0.0003264751467421667]
[0.00018659874345179628, 1.613116372020662e-06]
[-0.00031155740423351175, -5.325288639943665e-05]
[0.00013024404965936848, -0.000308069515464679]
[-0.00018188374406200025, -0.00018589555510190037]
[-0.00022160013858463223, -7.016571256805715e-05]
[-5.1693283717485494e-05, -0.0003840786089738986]
[-8.066966424949418e-05, 3.4631399091877846e-05]
[0.00012433493047538796, 0.00015677950131758565]
[-0.00012698310369314153, 0.0002107685845304172]
[7.39011766332856e-05, 0.0001781079039302278]
[-0.00010286173318199698, -4.218639274656405e-05]
[-3.879357785951942e-06, -0.00011779237068650777]
[0.0001475555658664949, 7.110111248003446e-05]
[0.00015740980555093223, -0.0003358233841845547]
[0.0001810100300425055, 0.00010424801024491379]
[-7.604234360340106e-05, 0.00012686417334417145]
[0.00025145045062035035, 0.00017322776557049304]
[-8.441249165196119e-05, 0.00010047943609706872]
[-0.00021531928083834417, -0.00018840630847645826]
[2.7938296269999774e-06, 0.00012035149031779102]
[-0.0002190989283922598, -0.00015302702473190405]
[0.0001383024909392891, 7.12955759465117e-05]
[-2.850620640661161e-05, 1.9831814050619984e-05]
[-5.011585421588194e-05, 6.140516756025782e-05]
[9.747481453825646e-05, 2.0584837012969925e-05]
[6.232008634295128e-05, 2.4770828789752453e-05]
[6.251148715033517e-05, 6.769107530642249e-05]
[-0.00010458826593661569, -0.0002981433917345344]
[0.00036534936898469095, -3.898435956052604e-05]
[-3.871894153173461e-05, -8.550966827031159e-06]
[-7.760724960831356e-05, -5.076998425010415e-05]
[-3.030896835018275e-05, 0.0001794364001636295]
[-0.00032732999350658376, -0.0002642591959094165]
[0.0001424179654757659, 2.6022777726730784e-05]
[-0.00025248963779899575, 3.742986095445211e-05]
[-9.200268803995215e-05, -0.00012306891854252378]
[0.00011599837866393264, 0.0002775040898043979]
[-0.00020164299407955666, -5.073855049164688e-05]
[0.00024460573116591097, 0.0001501927608142939]
[-2.6057131181471405e-05, -0.00026794791427885156]
[-1.899982510773085e-05, 8.39162668071769e-05]
[0.00011910080138834156, -2.870558346917962e-05]
[-0.00010221368769888772, 0.00024211194418888304]
[0.0003102170285405187, 0.00018937036478054725]
[8.18925653795037e-05, -0.00021510547262404422]
[0.00015216247904351055, 0.00034006804194675055]
[0.00011684310755424171, -0.00027383854623699855]
[-0.0002596321795444445, 0.00021635911647689687]
[-9.552443737692595e-05, -7.201362475976747e-05]
[-0.00017437109536484752, -7.066378334698309e-05]
[-2.8637827800222226e-05, -0.00011021707178027196]
[1.1585285712864546e-05, -0.00014500633561030651]
[7.291616719257848e-05, 1.9948333592319234e-05]
[-0.00022416991472779674, -5.340503200080421e-05]
[-0.00012130427180559455, 4.301005354155618e-05]
[6.865824695897332e-05, -6.859837438278477e-05]
[-0.00034175505667286346, -4.337385779978886e-05]
[0.0002860994271330977, -0.0002467334142893683]
[5.616773234127202e-05, 7.095466312182636e-05]
[0.00011742396257592193, -0.00011871322385096934]
[0.00021868059967806823, 0.00019366837031533322]
[-8.603133529037563e-05, 0.00021190824562645864]
[0.00014545795115003188, 0.00023935604190868012]
[-8.684538603177111e-05, 7.059835625273028e-05]
[0.00020715234195242682, -8.340219281099265e-06]
[9.606189328499604e-05, -1.7254297967887744e-05]
[1.268635468183732e-05, -0.00025348345770190295]
[7.815308701136087e-05, 0.00014335407367194186]
[-0.0001856881364864088, -0.00024577326157815965]
[-0.00010466437681182217, 8.674495033970248e-05]
[-0.00017802014393661358, 1.0202423105204472e-05]
[-3.791055704671642e-05, -6.508904409012473e-05]
[-9.191137640432445e-05, 0.00011094925451519966]
[-0.000137259190065131, 3.0111618914072102e-05]
[0.00020011507665392003, 0.00012022918388179815]
[-0.00015849011737541913, -0.00013246543638199826]
[6.16686392943544e-05, -8.742645929656068e-05]
[0.00011578652276261758, -7.06351205169431e-05]
[-0.0001209009157566443, -5.947348958632026e-06]
[0.00035833125533489725, -4.944201793777303e-05]
[8.170719116532e-06, -4.643068246731885e-05]
[6.951261370435197e-05, 3.561068552435098e-05]
[9.932215651533433e-05, -7.973897645392747e-05]
[-0.00024847500962461855, 4.1499005163453395e-05]
[-9.229522858451161e-05, 9.800755321576204e-05]
[-0.0002671959203283808, -0.00014121067976523294]
[-4.348251734084818e-05, 0.00025055691127354174]
[0.00011276891611489148, 4.0023829859486826e-05]
[-4.6197874100265685e-05, 0.00023579232192416644]
[9.432527952610292e-05, 9.971750367580856e-05]
[0.0002431629063727736, -0.00022299315913947015]
[0.00012941964484762536, -2.3591614690635088e-05]
[5.415941269188221e-05, -0.00017036826483490808]
[4.655696207335469e-05, -9.883784302361365e-06]
[-0.0001232815398199208, -8.440564994521838e-06]
[2.7148611664445932e-05, 0.00025352497741639585]
[-3.757280469696145e-05, -2.1552358980631015e-05]
[-0.0001702839024407543, 2.2575819964142096e-05]
[-9.91897059390845e-06, -0.00015028090715019787]
[-0.00036365320833946224, 0.00013401943946163286]
[-0.0001340898174638644, 0.000166805035170782]
[3.4529959365273144e-05, -0.00016829822892572982]
[-0.000107929366216869, -0.00022888674756766508]
[0.0003425010565390185, -0.00025449108034037837]
[7.16181341287904e-05, -8.790802616113341e-05]
[0.00011977702803818435, -0.000250187900173544]
[-3.678865943986583e-05, 0.00021975947205696462]
[-4.781224260831749e-05, 6.679177313660255e-05]
[8.727120137541969e-05, 0.00037081983742250687]
[0.0001024967761331444, 0.00011800425878873144]
[0.0001787819195274709, 0.00014735122931695908]
[-0.00014989174859907778, 0.00012137739448427054]
[0.0001969910299102276, -0.00021154386107344325]
[9.158506386137966e-05, 0.00011340793692171669]
[-0.00015004790804375168, -0.00028299585877878883]
[5.034730827330192e-06, -6.7446120830400025e-06]
[0.00014519868826680382, -0.00010027774625957081]
[1.006048874028359e-05, 4.49421111560766e-05]
[-0.00012662549915977428, -2.066007218679694e-05]
[-0.00023303179051160916, 4.556216684308001e-05]
[-0.0002345875695294597, -6.372703361304244e-05]
[-0.00021312968066074245, -7.906382879743767e-05]
[-0.0001727966156332833, 0.0002901554216159369]
[-1.5984347089468415e-05, -0.0002512831649509606]
[1.5524184495713245e-05, 0.00012576323299429149]
[0.00032999244660707194, 0.00015532859353159512]
[0.00012512109013784745, -3.2248465297451956e-05]
[0.00013597377545543528, -0.0001571585970950029]
[0.00025842989747935224, -0.0003191309287803312]
[8.393796790510943e-06, -9.73416147711792e-05]
[3.213302564075704e-05, 0.00011711524452583111]
[3.171723753446487e-05, 7.172587917050888e-05]
[-0.0001204368978641214, 0.0001753748021398882]
[-8.310452877078461e-05, 0.000287156140419631]
[-4.650352576635215e-05, 0.0001099211641937825]
[-0.00015555546021737976, 1.5040606099192555e-05]
[-5.2743094892948594e-05, -5.8485355789894555e-05]
[-0.00017719424169169995, -0.00015850539848148715]
[0.00019237711887840417, -5.06834095635178e-05]
[0.0002218993327335883, -0.0001163962889657727]
[-6.216859011609621e-05, -0.00011704732489464797]
[6.612118767121422e-05, 0.00014057266039348842]
