[462.1154910423727, 10.79446528856091]
[-6.038534869621714, -12.539509597057382]
[0.2830829464740532, 1.2907999334071345]
[1.9970497623029644, 0.8243904321449129]
[5.910588912665222, -4.4717530593950805]
[-7.871040096273422, -1.3268798270698525]
[-2.6562441899866336, 0.4262007304289348]
[-0.2942044865410409, 0.3096127129793089]
[-2.857404422664409, -1.7165961807500842]
[-1.2174647533909972, 0.4448175291273948]
[-0.4191368781467526, -0.020704677446445885]
[0.13721375479969145, 1.027903716195965]
[0.09937508537175788, 0.628846596168593]
[0.18043726291900608, 0.2854969436135839]
[0.1522974695570225, -0.07402233207993802]
[-0.14740656955995846, -0.6246125541358154]
[0.1927811787475715, -0.2524686409091501]
[-0.41465507928564627, -0.2209304544837707]
[-0.21988211169194471, -0.269518209706777]
[-0.24878341542285742, -0.10748237175459874]
[-0.16899705465454407, -0.04704452128895609]
[0.09549692038246627, -0.1838433534822732]
[0.01810445658369142, -0.012406342335561177]
[-0.014766924215251276, -0.3068337118201462]
[-0.028272634041123235, -0.07958904063960401]
[0.06899893524803513, 0.08154274647414606]
[0.0631557864242378, -0.021394650361319822]
[0.0699426764071216, -0.0065914684933341405]
[-0.016902353829597594, 0.051786447187722295]
[0.01867098487483343, -0.03908000802323297]
[0.08030609925320675, -0.10837237592407778]
[0.04668381951901557, -0.01913856185622187]
[-0.07008127725717239, -0.04911897050843805]
[-0.04344248300947051, -0.044965490718881895]
[-0.09532275500458232, -0.03436704212368902]
[-0.04145872633105796, -0.0022552969175624327]
[0.04795348925065168, 0.04198359533107965]
[-0.0043238189719736475, -0.05009034546100555]
[0.012721479985949191, -0.0034243510785811893]
[0.030982596910687832, 0.04331969945979619]
[0.02943794500477903, -0.05026546401373988]
[-0.022113376544687036, -0.04603923669620613]
[-0.007981509938264075, 0.010978925764908443]
[-0.06646182330736816, -0.01882189503287246]
[0.05793717101393314, -0.05814002351337588]
[0.034855663685593785, -0.019169626001837664]
[-0.01875652219611723, -0.011935508586444932]
[0.016458675055633698, -0.057035977098612356]
[-0.06937941249528734, -0.042344700512572775]
[-0.015664028355725446, -0.0296734828755274]
[0.018476167400694354, 0.015613597243133714]
[0.011835160511765697, -0.030251342217592292]
[0.008860441786485929, 0.004031696993143541]
[0.03320309248532327, 0.03127131347722667]
[0.010507537668564826, -0.03451435176985962]
[0.009646308473614917, -0.00447238895173907]
[-0.019436244489265286, 0.009745258744532137]
[-0.03403592527415204, -0.0005718694685290515]
[0.018105807944265084, -0.02439291704555835]
[0.005688683980034082, -0.009126368267761364]
[0.0057065835306764345, 0.0036009128410965374]
[-0.00012905901744941772, -0.013149108667787068]
[-0.02639673450188429, -0.01858812123141318]
[-0.0109954703754922, -0.00458152529602307]
[0.010423824033613194, 0.015583637672184736]
[0.003748678695438157, -0.027871511086043244]
[0.008072579624504694, -0.0028697800424063447]
[-0.0026384952917729576, -0.005059253809134565]
[0.018253533378308484, -0.03566500844931508]
[-0.0023425316377564953, 0.0009663634992145426]
[-0.005666353710028382, -0.00125626433946701]
[-0.005567225548944954, -0.004814277568591152]
[-0.007420950693579398, -0.01424648036445958]
[0.010636221612282837, -0.025383959984367932]
[-0.001842837772669803, -0.004249613950698894]
[0.0038437485802147453, -0.011356123303883248]
[-0.010958156886623271, -0.01283238189332625]
[0.0018410402091921796, 0.007444421972241599]
[0.0021234628197532857, 0.014750486922606498]
[0.013766098289866968, -0.0036006018219270075]
[-0.0016998474818045173, 0.004039677350674786]
[-0.002880356746698509, -0.0064998006120733365]
[0.009481711644691526, -0.019724550085392867]
[-0.010260769551137416, 0.006147006267878563]
[0.004324068108811474, -0.003404695954823289]
[-0.007971682641515043, 0.001858511713340505]
[-0.0044080919835696175, -0.004261997792949668]
[-0.0009141312536866675, -0.014642844687096979]
[0.0016341798730399315, -0.0011811171454125802]
[0.0020072781573827747, -0.010321411004219905]
[-0.001305160275298034, -0.007729733301734654]
[-0.00048423069750375136, -0.00716078190551226]
[0.0033694267111650245, -2.5531674292124384e-05]
[0.004741489164846069, -0.001974429280698582]
[0.002216798335538006, -0.0037643907998853587]
[0.0007557142118934657, -0.006449661889035729]
[0.0003789014883384123, -0.009416729906023213]
[0.0003336930158033269, -0.0003307077294576466]
[-0.0024857565194309483, -0.007122040442435695]
[0.0009254599711798761, -0.00639555439546835]
[-0.006986711227674691, -0.005218928997388961]
[-0.0032321174892704363, -0.004588801293857969]
[0.0008655242610080549, 0.0006847753774077425]
[0.006096435180391602, 0.004124688336684557]
[-0.0004768026145661741, 0.005511769582785764]
[0.0040916352887065965, -0.006379203176649195]
[0.0003319764128812963, -0.0003837610941066494]
[-0.002130646210203757, 0.0010283023340464936]
[0.006941739727281293, -0.006959135762981017]
[-0.0058266338883818936, -0.0012519417240373087]
[0.0019340518595742928, -0.0019436591462509423]
[-0.004161046141925251, 0.0009085570211152527]
[-5.6670321494589615e-05, -0.004881377767252948]
[0.002004838883692739, -0.011397311548175498]
[-0.0036752971554430136, -0.0050947349956758925]
[-0.004034088383428523, -0.00811391119302389]
[0.00045075024546548104, -0.006385706686088816]
[0.003578536145333211, 0.0024664749435121536]
[0.00117332504932266, 0.004007286892072831]
[0.004595996167486183, -0.0069386980280341515]
[-0.0011155083120677478, -0.0010911537821826078]
[0.002715741933040139, 0.0010791210940495066]
[0.0032936198443087594, -0.0074903267851389455]
[0.0011919465401429852, -0.002074858242589128]
[-0.004532009540310966, -0.0011542372417461255]
[-0.005217092934930223, 0.0014353848043335837]
[-0.0008545167560958244, -0.0030640999551359016]
[0.0014740339794883095, -0.004797980768785237]
[0.00018556427440885592, 0.0027356003091609793]
[0.0002491366706676157, -0.002456731153478442]
[-0.0012865478980830236, -0.003859233602633516]
[0.0017692933032200653, 0.0021017602452475526]
[0.0018249509652523699, 0.0021027875704047183]
[-0.0033907159010364563, -0.005315642436314549]
[0.003378631946917565, -0.0013818987544749195]
[-0.0019086386697331204, 0.002166261869145647]
[0.0065162054321670215, -0.0053456993056210655]
[0.0038807272616062094, -0.003416547072892892]
[-0.00588798427372017, -0.0023967046388524323]
[-0.00470615236498223, -0.004006429385934422]
[-0.002615347374558985, -0.006373511210857236]
[-0.0005126467703004955, -0.006270031828114919]
[0.0024379127693155977, 0.0024851707185531147]
[0.0033369222826111766, -0.0018319003020670355]
[-0.0021014126738907457, -0.0033418389694942485]
[0.005365264233621048, 0.0018266969177849202]
[-0.0014323124900952333, 0.0006727863546134305]
[-0.0013826733066208963, -0.0028584160728453156]
[0.00018348054047134799, -0.0008943369907623566]
[-0.0025110322717860623, 0.001823229936328552]
[0.005495763156906475, -0.0028803486903221653]
[0.00311960255281285, -0.00023247963645856018]
[-0.003490238941413648, -0.00036403114316629903]
[-0.003344554070455308, -0.000627089027624983]
[-0.0027762866893268345, -0.0027861022536390667]
[-0.0013494984590068926, -0.004180691324582986]
[0.0027798239742210518, 0.0034023379840004697]
[0.0006612320316213838, -0.0033884447233107906]
[0.0009911258486671182, -0.0040188487059630296]
[0.001089018766562866, 0.0006138968100008468]
[0.0018519429571770551, -0.0014934810972123402]
[-0.0010992374010516254, -0.0004478188057227689]
[-0.0007520866841738694, -0.000917208079095181]
[-0.0009674039871570561, -0.0026049560734589666]
[0.0018309183059980194, -0.0037733459759921317]
[0.0019398211274083144, -0.0034547616572665474]
[-0.0018432467949751619, -0.0032401666987406097]
[-0.0012452375220594059, -0.0002448510270891546]
[-0.0026535947346042477, -0.001346523449068604]
[0.0016734401841437263, -0.001018756602950921]
[-0.0002448741005197652, 0.004282655909986888]
[0.002971723960637329, -0.002840509703102345]
[-0.0005608314008628823, -0.002404197590442747]
[-0.00016944110537680385, 6.627510324985764e-06]
[0.002506803888733509, -0.0019516913877997144]
[-0.0017606911652229273, 0.0033238556297146005]
[0.0002104632255028882, 0.000512839524489106]
[-0.0012190675960128683, -0.0013066743818677118]
[0.0004796971127425387, -0.0010345573939056774]
[-0.00019152575189562704, -0.002894017936758142]
[7.809534685121466e-05, -0.0029193907800884045]
[-0.0013292933039784627, -0.0018331854921757595]
[-0.0005927893216596258, -0.001397055319109719]
[-0.00020346743855864657, -0.001144175682610285]
[0.0008125144818498797, 0.0015502382037815288]
[0.002044025297797278, -0.002097711964400936]
[0.00016507917246905146, -0.001501468947211631]
[0.0006014303226322681, -0.001941319853076301]
[0.000828317818849178, -0.0028024589697339675]
[-8.504929548969198e-05, 0.0011484076450166691]
[-0.000807952779603549, -0.0018318053780294052]
[-0.0006350484707368098, -0.002227801260366813]
[-0.0009433914022400902, -0.0009893883045664076]
[-0.0002029362108144639, -0.00017527725710353437]
[-0.00017499866705283917, -0.0007321544082405929]
[0.001969796173880628, -0.0010522359790756664]
[-0.0016065436028395441, 0.0009509356270931413]
[7.787895378080778e-05, -0.0010765019561085332]
[0.0005004885460225816, -0.0003502102364656423]
[-5.5598776881882195e-05, 0.0003513170885927064]
[0.002029656503785393, 8.144960990352779e-05]
[-0.000809183486980225, -6.750371051977844e-05]
[0.0009796800688970375, -0.0007267144299435424]
[-0.00019598865926118147, 0.000491785167250014]
[-0.00018004099098112292, -0.0020417808171506735]
[-0.0010811120743217661, -0.0039210680770700446]
[-0.0006595026418965144, -0.00219553070828693]
[-0.002112122783625464, -0.0003047235622507614]
[0.0008413375890099217, -0.0013881740003324136]
[0.002148548688339913, -0.0014750069270349705]
[-0.000917491528416553, 0.0015278104232198976]
[0.0010643427204871658, -0.002021382454993559]
[-0.00032037254668781934, -0.0021324675511109614]
[0.0011730974836141606, 1.8413340194811667e-06]
[0.0009725523219643595, -0.0006593178302950475]
[-0.0004310465697883181, -0.00020286794116453066]
[-0.0005892759558708827, -0.0006736807512528475]
[-0.000255127752625095, 0.0008295888172127341]
[0.00011110688760240794, -0.0007854293945714907]
[0.0006071698642445139, -0.0023517037816052078]
[-0.0013100963522141434, -0.0004959814829506026]
[-0.001135064571330613, 0.000419372481188951]
[-0.00012825579758046768, -0.0010351961057615267]
[0.0006494696480288109, -0.001019538276228804]
[0.0005365700496660075, 0.0018919592448956024]
[-0.0009464202401140431, -0.0008749805005660027]
[0.0015274719488261868, -0.0015861940974530864]
[0.001083003984354125, 0.0007337045680750331]
[0.0012848485125916964, -0.00041709956225399747]
[-0.00037560157297555907, -0.0012299461874004658]
[-0.0015238933843396696, -0.0018696011155105996]
[-0.00190568436376342, -0.001116778136821265]
[0.001118324308302946, -0.001590199329802859]
[0.0005588326966785018, -0.0022225299731156722]
[-0.0005465263665166975, -0.00021320822589750155]
[0.0009011594091034025, -1.5250684611334275e-05]
[-0.0015637252295572779, -0.001292247724100859]
[0.001475039587600424, -0.0013278246038498365]
[-0.0004973580829625845, 0.0010471550014645725]
[-0.000986410412867511, -0.0007966841242682543]
[0.0012932826781052453, -0.0013286206690850122]
[0.0011911112902259213, 0.0013377603138833294]
[0.0012561632705466175, 0.00012626690347961045]
[0.0004307250899703019, 0.0002462572565433696]
[-0.002198993711711214, -0.000951099366473418]
[-0.0018640448358387407, -0.0007363838082363738]
[0.0007227801232910225, -0.00048497882619336075]
[-0.0002062614942556218, -0.0017275990357863424]
[0.000545309997834198, 0.00020865486272958478]
[0.00022750390069603554, -0.0002884201100131212]
[-0.00025661090110029594, -0.0012541968155800332]
[0.0004704704048266173, -0.00033447454651927555]
[0.00018471469803882368, 0.0007114683046189341]
[-0.00084927472257601, -0.0010077103243403308]
[0.0007471108592321529, -0.0012573224841334503]
[0.0005425097378674859, -0.000801063374637808]
[0.001218208350676514, -0.0014814607388695944]
[0.0001055029718324274, -0.00017915449519373405]
[-0.0015450489264676182, -0.001618845762366039]
[-0.0008038232609867135, -0.0004227359821272203]
[-0.00039689412663135304, 0.00028055160973256]
[0.0010407010975354014, -0.0014250892821427996]
[-0.0005411224951407112, 0.0003919793088287271]
[0.0009853443567017228, -0.0012176649538311324]
[-0.0002890051403394711, -0.001318870750098844]
[-4.63643417111248e-05, 0.0008771451258140495]
[0.0005894215353252907, 0.000628882019144017]
[-0.0003491609999044243, 0.000704149494986428]
[0.00020618063810792786, 0.0003763570536678973]
[0.00014990480102738957, -0.000938961457172538]
[0.0007741276478600012, -0.0012120214186234213]
[-0.0006237217573298315, -0.0002838231554521675]
[-0.0003165024083572332, -0.001662428086045109]
[-0.0012317289000204346, -0.0004414649954220806]
[9.693095594887069e-05, 0.0003520650155141025]
[0.0002389869622057561, -0.0007847803635711442]
[3.044036167670905e-05, 0.0003342877512315101]
[0.00110676886054744, -0.0018819852889377688]
[-1.0980360878251605e-05, -0.0011813804078852075]
[-5.54248552812886e-05, -1.9701129201438183e-05]
[0.00039220726098193603, -0.0008961654404601657]
[5.687328692993709e-07, 0.00020501168416678373]
[-0.0001389214925203719, -0.00010879642279412738]
[-6.877451248643585e-05, -0.0009791208046849298]
[4.3897492381650416e-05, -0.0010055079759883623]
[0.0002941268582472567, 7.457145218303651e-05]
[-0.0006297936125179704, -0.0008152752181921352]
[0.00018576115939461513, -0.0008238704367944383]
[-0.0008307881300100295, 0.0002484238254565341]
[-0.00027251086682966025, -7.395826990486132e-05]
[0.00040795896118589123, 0.00018799902933386292]
[0.0006498184369774229, -0.0005188319631107552]
[0.0006424090100234925, 0.00040280872507769683]
[-7.463759504255929e-05, 0.000519947380193897]
[0.00028124547188734805, -0.0006676328977422985]
[-6.490209685239279e-07, -0.00023732301842305237]
[9.340082384612369e-05, -0.0005418401449459598]
[-0.0013320190850235614, -0.0012084982002411315]
[0.0003996618739497415, -0.0013179818943599986]
[-0.0003825697454953869, 0.00019438781462688404]
[0.00019107124467646064, -0.0002763548008411082]
[0.0008610562977335867, -0.001454248087401475]
[-0.0010695177438115946, -0.00010500923963388184]
[-4.934128045092079e-05, -0.0006970991126105941]
[0.0001960722292442263, -0.0009719472301166626]
[0.0006708553202064982, -0.0005328629204322533]
[0.0004831318872282053, 0.00034673425995440654]
[-1.436623333589404e-05, 0.0004694520473329522]
[-0.00010636051365703336, -0.0006340434132677819]
[0.0007458847993982443, -7.799791735019213e-05]
[-0.000212967121315355, -0.00019479403209898827]
[-0.0005969981651789968, -0.0008107296878775427]
[-0.000567011082959229, -0.0009903674447028221]
[-0.0004818686356265617, 0.00034960405430828345]
[0.0002864161914587632, 0.00021029474639655543]
[0.0003387139187956967, -0.0009381595712044666]
[-0.00027582718648039295, 0.0004222578711496894]
[-0.00023766909564704175, 9.570553284987682e-06]
[0.0006713568876191012, -0.0006465232454643255]
[0.0006555575886943443, -0.0001894994846176612]
[0.0003297582017285361, 0.00023984741015842248]
[-0.0008470038955475934, -0.00029410044448019423]
[0.00015471722453264114, -0.0012254736958874357]
[-0.00013698891379849976, -0.00047082893527495423]
[0.0007209822122524606, -0.00036941967202875313]
[-2.2696504721725352e-05, -0.0006940034186753152]
[-0.0009742745383806983, -0.000892225375720512]
[0.00025784167486669896, -0.00035964435361765523]
[-0.0004907936432083648, -0.00020729097748237169]
[0.0002622815794015021, -0.0013107870619800122]
[-0.00021956676787837637, 3.417527684351773e-05]
[-5.8881517825348784e-05, 9.616770268205954e-05]
[0.0007659327277881323, -0.0004631749973249555]
[0.0012133169492519746, 0.0005808842177362772]
[-0.00024992875127399783, 0.0004388558412641297]
[-0.00045973884299281564, -7.315933352081139e-05]
[-0.0004890541161348752, -0.0008377819052229896]
[-0.0005804272854989523, -0.00042050146408711964]
[0.0009988854840588535, -7.560912223203431e-05]
[-0.00015030363145823733, -0.0002596077090564197]
[-0.00043690009234909066, -0.0004322919856265539]
[0.00011510072731590881, -9.815455850542554e-05]
[-0.0002449066312195658, 1.8251095852073185e-05]
[-0.00012169627997227206, -0.0008552333021760727]
[5.047370668193052e-05, 0.00012459040443044134]
[-0.00023239474333547339, -0.0006207560718892655]
[0.0009546274387640385, -0.000789564467621906]
[0.0006004514348253963, 0.00010969850566053437]
[0.00012826611757184303, -0.0005067317154724294]
[-0.0003885345785603067, -3.855512073239892e-05]
[-0.0006122361826633727, -0.0007169810363864548]
[-0.0002052305220011097, -0.0006010555366404713]
[0.00026472560785650856, -2.8729282050027338e-05]
[0.0004898961726492734, -0.0007865963063152237]
[-0.0006534830662032198, -0.0006309649641745851]
[0.0002909424407106509, -0.0002959164929394742]
[-0.00020891247229104515, -0.00015431422452194532]
[-4.1542765154528594e-05, 0.0003372743014639079]
[-1.7083741968765276e-05, 0.0007286152327861117]
[0.00031283880997324404, -0.0003436309233776358]
[0.0004136702767603695, -0.00010621603204741259]
[0.00019087243225487938, -6.344377452738303e-05]
[0.0002908249705627086, -0.0009131833045897819]
[-0.0007289619938974368, 0.00023095914763204828]
[-6.359718302295647e-05, -0.0004117505204348504]
[-0.0006573366762783195, -0.00018759417846797577]
[0.000285755417630873, 0.00028096377842828923]
[0.0003995245908394174, -0.0008299314132793473]
[-0.0002646925967575431, -0.00045085655319582196]
[0.0002506724211519956, -0.0009474003029394384]
[-9.118657020024123e-07, -0.0006835527905012934]
[-0.00026837641247837163, 0.00029737174362061587]
[0.00018033431989984694, 0.0001304365789481089]
[0.00038283391073440365, -0.0004955538064183862]
[0.00015647510124855435, -3.2394994187140425e-05]
[0.00018909929661364844, -0.00025767047468638893]
[-3.056359193553959e-05, -0.0010688098736936769]
[7.597853830731971e-05, -2.9708457542909628e-06]
[-0.0004555437171976928, -0.0003461201976153738]
[-0.0004431406668706228, -0.00027261459511740416]
[-0.00022926004001111444, 7.228581405804846e-05]
[0.0002164530717092411, -0.00023541495806789214]
[0.00012684585890193611, 0.000178645881816486]
[0.00047960466994131923, -0.000414110479866836]
[-2.0764665494915624e-05, -4.4302387652184194e-05]
[-8.783986010091338e-05, 0.0004816101819177243]
[0.00014620520003166826, -7.044320903315526e-05]
[-5.225918965645615e-05, -0.0005078002609487653]
[0.00038507371509594046, -0.00010637629770005042]
[-0.0007188324652568912, -7.694722493720163e-05]
[0.00044422508274311046, -0.0008680391567129631]
[0.0002381333640874006, -6.465641931848592e-05]
[-0.00025693655791173, -9.209060199105723e-05]
[-0.0002232210675421238, -0.0008476369893552077]
[-0.0005698168391666883, -0.0005801428359446335]
[-5.628529828019535e-05, -0.0005002112642858714]
[0.00042214426971917685, -0.00015934493999263458]
[0.0004337113990981467, -0.000378052843367116]
[-1.6823647476238435e-05, 5.570055744122393e-05]
[0.0003398382478918549, 0.0003907359017827905]
[-0.00011175755038339563, -0.00024507313173011136]
[0.0004266880784801752, -0.00046731996285964694]
[-0.0001312856197825396, -0.00017877793756704285]
[-0.0007067914052001634, -1.801928887401605e-05]
[0.00010280102326595819, -0.0006805161279951344]
[0.00021232372347394952, 0.00011411524059912193]
[-2.8895611575939333e-05, 0.000366360078946415]
[-0.00011388248257421241, -0.00048699553480202606]
[-0.0005007130393855364, -0.0002742952324201742]
[-5.604947718229614e-06, -0.00011063483111151129]
[0.0004910186825315965, 3.482042202507252e-05]
[0.00010424879039577784, -0.0003162341575659311]
[0.00011112724377981831, 3.0173063899074926e-06]
[-0.00027926757103807764, 9.38037175034212e-05]
[0.0004897908107523996, -0.0004893623335740227]
[0.0002072679351061424, -0.0002820492744293676]
[8.972916540930798e-05, -0.00020828830551563454]
[-0.0003747418548870618, -0.00024376074817915056]
[-0.00038116846088599027, -0.0007542817439215241]
[0.00018357223869894246, -0.0005070136991203456]
[-9.009150879976668e-05, -2.329865795493158e-05]
[-0.0001361447634613544, -0.0006798469619175018]
[-0.00027465774786067376, -0.0003709041374897193]
[0.00040100750258964535, 0.00015547118482672762]
[0.0002535927522893111, 0.0001605611365702031]
[0.00053632257816838, -3.349774062610944e-05]
[-0.00046089582173830523, 7.277782743853045e-05]
[-0.0003021468622871337, -0.00011714358767711541]
[0.0004150543742466317, -0.00047003033435322195]
[-5.6781086872487174e-05, 5.2643603262625405e-05]
[0.00035491171972161506, -2.654506331245532e-05]
[-0.00017254715384459884, 0.00013170665123607428]
[-0.00043567586465526054, -0.00028986389220686526]
[1.5611017988026443e-05, -0.0003424553482656023]
[-6.605281054561374e-05, 0.00012289858571390422]
[-0.0003307138948311916, -0.0007194202431667074]
[0.00010967616702850513, -0.00029254938209452575]
[0.00015208691405949049, -0.00010822092774703806]
[0.0005517332133576913, -0.00017158265126610006]
[0.0002607104267251803, 9.621640161371764e-05]
[-0.00030599800413674827, -0.0001616584186672175]
[-0.00025664366156064045, -0.0003101721655923463]
[0.00019146119185567412, -0.0004367747139632852]
[1.7116126230343198e-05, -0.00030772062921589904]
[0.00013802134321649895, -0.00035493591762505994]
[0.00015563007320712474, -0.00025195347395107204]
[-0.0004962103898206727, -0.00046493322738949683]
[1.1519933679426941e-05, -8.607801746307597e-05]
[-0.00018960124481287588, 0.00021587629822539256]
[9.112644533465497e-05, -0.0002504329439565467]
[-8.298740597029175e-05, 0.00026194050406869174]
[0.00042499052840010154, -0.00028667835920048734]
[0.0002845652664708806, -0.0002499913867137771]
[-3.0248175704017388e-05, 0.00029166816795356265]
[-1.2911715702196291e-05, -0.0002932335472753955]
[-0.0004612281283145059, 0.00010230973890168471]
[0.00027033162950473866, 4.262960741935329e-05]
[-0.00018756467421154888, -0.00013173162120150295]
[0.00013267961053220478, -0.00017093872533346932]
[0.00021761480732412908, -0.0005933286140132332]
[-0.00024244224420910676, -0.000559561069449932]
[-0.0003270512720196517, -0.0002402063187802589]
[3.202802171714536e-05, -0.00016115804313168725]
[2.4349641628527985e-07, -8.152198479238759e-05]
[0.00012748522717844196, 0.00034849068731242043]
[0.00048908277331422, -0.0005476326868682838]
[7.449164029410538e-05, -0.0003791636628681233]
[0.00011544567588794852, 5.4635482897275045e-05]
[-0.00010013499823691152, -0.0006293055233696221]
[-0.00016652410755380043, -4.84545682182258e-05]
[-9.250642436731127e-05, -2.7622133821236794e-05]
[-0.00027225073478576167, -5.637647062750606e-05]
[-3.131915181697753e-05, -8.997520240422441e-05]
[0.0004572648507385757, -0.00036095157211291085]
[-0.00016344552145194924, -8.624195979856086e-05]
[-5.293722138741824e-05, -6.501415861892568e-05]
[-0.00018756346074208508, -0.00010689324535517741]
[2.559982119842985e-06, 0.00010989929211502325]
[0.00025207877785349275, 0.00035015208295985367]
[2.111009495375793e-06, -0.00037727314842916915]
[0.0003200111541076245, -0.0002165977979134981]
[-0.0001321665559710361, 0.0002522790189821156]
[0.0002142441155048025, -0.0004327333509469289]
[3.771357954651666e-05, -0.00020672599369971068]
[-0.0002707459694529235, -0.00013239705782729094]
[-0.0005314257594908195, -0.00042826103374345517]
[-7.520087821191734e-06, -0.00048097666163919063]
[0.00019926468321609936, -0.00042475538022184595]
[0.00019893059765687532, -1.654357635057658e-05]
[0.0001545978045255081, -0.00010823916308000392]
[-0.00031996333454969994, -0.00015560334267043785]
[0.0003895668191862267, -6.361325680159791e-06]
[3.064343623793153e-06, 7.667094163699151e-05]
[1.3953592083004729e-05, -0.00042194479820767405]
[5.763921848644937e-05, -0.00030517889664699593]
[-0.00017684497508971275, 0.0003096944246367972]
[0.00024831630802130134, -0.00023726433818083148]
[0.0002738106661327455, -1.2873252641543154e-05]
[-0.000391782369182081, 0.00012186774626332664]
[-0.0003556704018299328, -0.0002742574806915421]
[-0.00017210199023225126, -0.0003341273068363515]
[7.677880075482313e-05, -0.00023655374522496553]
[0.0003222963642150467, 0.00016777820601004967]
[-9.949050819840766e-05, -9.815774572513591e-05]
[-3.0900558980584414e-05, -0.00012387484590065112]
[0.00015371079952303246, 8.135908656622948e-05]
[0.00034150084581863194, -1.1196202517327336e-05]
[-4.3114039807418125e-05, -0.0002746643149085168]
[-4.2871909934016905e-05, -0.00030735420142374154]
[-0.00021674164102151658, -7.000534885819639e-05]
[0.00015799264676899516, -0.00042873465050713606]
[9.439654648268903e-05, -0.0003415252342587084]
[-0.00021334907760887922, -0.0001292264078124293]
[-0.00018309857027842824, -0.00028768632424069907]
[-0.00018167200926857974, -0.00029392206568980284]
[0.0003970721577163383, -9.503426007601012e-05]
[-3.948634250616756e-05, 0.00022037391401591444]
[0.00011568620038648891, -0.0002495519556790504]
[-0.00023625310609490247, -0.0001846971764848937]
[3.258610390777239e-05, 4.758595252607467e-05]
[0.00047482871092491274, -9.143704632308403e-05]
[4.2899981867600134e-07, 0.0001862366583085251]
[-8.396412632620011e-05, -2.2378796303512694e-05]
[-6.129489725606452e-05, 6.288149563460355e-05]
[-7.180458171707205e-05, -0.00016339328098891048]
[-0.00011698777760488221, -0.0003539781044901713]
[-5.074879980049296e-05, -9.884445454133584e-05]
[-0.0002733687553991282, -0.00032124172696462727]
[0.00014883825784395288, -0.00022435320582486762]
[0.00020180214437306998, 3.998939916176336e-05]
[8.47580493800737e-05, 0.0001377612109437487]
[6.060677191055408e-05, -0.00022506150469222587]
[-0.00017748631936086168, -0.0001701547250342189]
[-6.641097329888185e-05, -0.0002608022965098194]
[0.0004311214406860983, -0.0003343382808507272]
[1.785058567457809e-05, -1.2633411101116432e-05]
[-7.911658235762453e-05, -0.000296920526952231]
[3.943247906834646e-05, -6.175978991221354e-05]
[-0.00022443837526714416, -0.00020101469480632295]
[-5.854920151532328e-05, -0.000185957067350917]
[-0.00018268979924795925, 6.671103129268774e-05]
[0.00016925082386390344, -0.0003619534990592088]
[-2.6051245833769165e-05, -5.558819293288719e-05]
[0.00022473175581243232, 1.3138103156506986e-06]
[1.4475894915155774e-05, -6.606945318932134e-05]
[-4.794266943294878e-05, 0.00013918846271310237]
[2.957355194330158e-06, 7.770112146476826e-05]
[-0.00015571319810708806, -1.6422728196685554e-05]
[0.00032784306512337325, -3.1515687082261934e-05]
[1.9560251094841163e-05, -5.397836036896697e-05]
[-1.562212862887824e-05, -0.0003253630886311809]
[-9.80846269335589e-05, -0.00025331182643856254]
[-8.245148289043325e-05, -0.00034299330727433075]
[-0.0004010957935249304, -4.0387546591760803e-05]
[5.992072118032876e-05, 8.821043576240362e-05]
[0.000273164693972594, -0.0003660435141224754]
[4.155508790343321e-05, 8.503687604814042e-05]
[0.0002564756655363404, -0.00029370295495257173]
[-7.697178733971632e-05, -0.00042622886842184383]
[1.6444475982951845e-05, 4.581280726058401e-05]
[2.6293484009204393e-05, -0.00012247675445954675]
[-0.0001702577243624659, -5.3176390091197456e-05]
[8.298899868958154e-05, -2.2007166218473984e-05]
[0.0001172691053571151, -4.01930495434466e-05]
[-6.922110697693551e-05, -0.0002182839195156716]
[0.000197497998621593, -0.0002519953888494575]
[-0.0002734464634247813, -0.00023132492134181337]
[-0.0003152556450609356, 7.833263105261334e-05]
[-3.7946090989435244e-05, 8.996647520453926e-05]
[0.00019512147777150934, -0.00017446506199314538]
[0.0001977057626602191, 0.00029308804507915953]
[4.45932834951257e-05, -0.00012257544806754117]
[9.325350238084673e-05, -0.0002891207841169696]
[7.99164050034884e-05, 0.00019430287212479636]
[0.0001080013307182548, -6.55763626627448e-05]
[-0.00026769581278823784, -0.000204976623147321]
[-4.713033561726254e-05, -0.00018134205024047945]
[-0.00022875940777446202, -0.00019867465237698514]
[0.00022245665340206444, -0.00030550067304215]
[0.0001680075516803485, -0.0002663998145495715]
[-0.00016448423284898088, -0.00014185914780763878]
[-5.5060742006202146e-05, -3.966646063358059e-05]
[-0.00022875426515542308, -8.749015221813303e-05]
[0.000278965388372604, -0.00031230955300887153]
[9.149700884616974e-05, 9.16956592226792e-05]
[-6.675610464085269e-05, -0.00016516405020688962]
[0.00011161549630589462, -0.0003039115270927484]
[0.00023718383128434883, 0.0003271690311449915]
[6.870094082528366e-05, 5.5745868704104584e-05]
[-1.4223229827192707e-05, -0.00012114235933791129]
[-0.0003684132984448224, -0.0001049243663499011]
[-0.00023752387401728206, -0.00017260506188887526]
[0.00019141749238234598, -0.00021130474955288747]
[3.944360245161649e-05, -0.000144996526014185]
[-4.335270485988918e-06, 5.63867638413984e-05]
[-7.569446156532877e-05, 4.8265975973404984e-05]
[-6.209961340808423e-05, -2.8262724289851437e-05]
[0.0001819798773475545, -0.00013641178159667922]
[0.00016353753701583984, 8.755156380113593e-05]
[-0.00018229504831218657, -0.00020886018832891318]
[0.00012456371467131633, -0.0003344062273755305]
[5.266419587475479e-05, 8.176998424483384e-05]
[0.00021735727940978833, -0.00014989767523780617]
[-7.077410427575037e-05, -0.00019965026456840278]
[-0.00029748512092692136, -0.0001981365044061061]
[-8.02476956588416e-05, -0.0001840340470726648]
[2.7206141972213604e-05, -0.00017420787069102883]
[0.00019871916213493046, -0.00024255277242374307]
[-0.00020143195890454102, 2.136358734075583e-05]
[2.767225959759978e-05, -0.00015558601296511432]
[-3.563826551408744e-05, -0.00015336478419131216]
[0.0001442565861456413, 8.113031376594249e-05]
[0.0001811019933983249, 0.00011983038108015487]
[8.264496414750466e-06, 6.826580733698684e-05]
[-7.713427326056649e-05, -7.233760961772306e-05]
[4.340156840206e-05, 1.867522249693332e-05]
[0.00010993096931344315, -0.000134754220371347]
[-0.00021086953308868672, -0.00018210185019906788]
[-7.097866277003262e-05, -0.00016597711368071533]
[-0.00014016954170481544, -4.6196913413565355e-05]
[0.00013941659549993046, -3.477038067090099e-05]
[0.00011407034067378863, -0.0001010651228147974]
[-0.0001641296038040474, 9.775341306833552e-05]
[1.0604729752144992e-05, -0.0003304537024899079]
[6.493848754798859e-05, -0.0002271780459384351]
[-2.73191999907961e-05, -6.694811214121715e-05]
[0.0002734235274457243, -0.00015029169192793887]
[3.886550135373534e-05, 4.6057284606635523e-05]
[-8.735933993270217e-05, -0.00014132541929351428]
[2.3807424210209316e-05, -6.929837602884237e-05]
[-6.0509728035340604e-05, -0.00016157805008537585]
[-4.964468537727029e-05, -0.000226895287974066]
[-0.00013099299260529995, -0.00012746051934717229]
[9.910528718193312e-05, -0.00016828894929477034]
[-1.8547697127113683e-05, -8.695060991714687e-05]
[7.673748491741905e-05, 4.868740122448978e-05]
[-0.00014338249737236297, 0.00011313149235586684]
[6.134926781408648e-05, -8.822225765492409e-05]
[8.66150839925221e-05, 7.35021749883602e-05]
[-1.7733377352210922e-05, 5.50662877474295e-06]
[0.00018642346004779653, -0.00010964157948534226]
[4.464201240036991e-05, 1.6157442327191518e-05]
[-9.125748887839347e-06, -0.00020678970694087973]
[-0.0002717794214724678, -4.817482278432483e-05]
[4.1496965048043455e-05, -0.00015174733546205466]
[-0.00016215863643564976, -8.814797282261089e-05]
[5.507411807983975e-05, 4.66043841916286e-05]
[0.00022459044627196056, -0.0003408981412314181]
[-7.410716045939958e-05, -0.0001639640690908259]
[8.598395116320157e-06, -0.00011239870017249604]
[-7.060789579852594e-05, -0.0001869720010102523]
[2.0012523164525398e-05, -7.374426798425343e-05]
[0.00012653908369725242, 7.823054684810704e-05]
[-8.334332503523445e-06, -3.362228956721447e-05]
[4.983306517097885e-05, -0.00011888167105747471]
[0.00026685744856280724, -5.544831026299546e-05]
[-0.00011747477767720671, -0.00023960150259955126]
[-0.00017874392990549492, -9.322105783377e-05]
[-0.00016740604879769694, -0.00018043381006377368]
[-0.00015968481147689284, 4.183756733250332e-05]
[9.590633165361406e-05, 0.00018036266300275328]
[0.0002360246050678791, -0.00022715858401639588]
[-3.4516248926134974e-05, 2.7249366061021796e-05]
[2.2942785424473477e-05, 2.8566900992732513e-05]
[5.311185701517562e-06, -0.00015018507181052687]
[2.4621805275015785e-05, 2.632561551407786e-05]
[0.00011903835340879021, 0.0001040042436297739]
[-0.0002530699141453374, -0.00011554427882032314]
[0.00013391310464103134, -0.0001860042970326381]
[9.531954449748525e-05, -6.797599570383672e-05]
[0.00011772889269323628, -0.00020993654796523653]
[-9.830585793492441e-05, -0.00013875728459115163]
[-0.00026974091705189024, -0.0001960068099416193]
[-7.00487795769894e-05, -0.00011027925057397955]
[1.692291470889451e-05, 8.980974610178598e-06]
[0.00014622080399798176, -0.0003598140708706288]
[1.2986526154251665e-05, -6.124562922876775e-05]
[5.2363739411614985e-05, 5.822726171167414e-05]
[6.231703073950046e-05, -0.0001484471033635637]
[0.00025436981977564055, 0.00013464577527583232]
[-9.493599630924776e-05, 0.00013588930173435987]
[-0.00015987170154524444, -0.000162467427478441]
[-6.649143920292588e-05, -0.00020449162696700718]
[-4.983448810280677e-06, -3.853488220628698e-05]
[0.0002124786638597817, -0.00011228498085019689]
[-6.714569139303073e-05, -6.070808324543098e-06]
[-0.00023044729733875946, -1.492867167762757e-05]
[-7.890298101553839e-06, -4.901087217734634e-07]
[1.4661126819748294e-05, 6.444690319779012e-05]
[3.0165258196879208e-05, -0.00029146198955873337]
[6.924065569066662e-05, -2.8483545974178348e-05]
[-8.525866017031203e-05, -1.811967515988333e-05]
[0.0002300406930233756, -0.000207068336505023]
[0.00012257972268316097, 0.00010534348991303455]
[1.5175076925597053e-05, 1.8324543584271463e-05]
[-0.00014504068409706625, -0.00017958987496927408]
[-0.00011137881887780072, -0.00022749507828104688]
[1.6426849433801016e-05, -0.00014669595182696324]
[0.00010472127839045164, -0.00014919813096270218]
[2.543495094312065e-05, -0.0001860391989304544]
[-0.0002528166149713962, -0.00010137483028516137]
[5.033523345635005e-05, -4.715518948417152e-05]
[2.111580019414916e-05, -8.311326511051265e-06]
[0.00010263473282262625, -6.639524411355957e-05]
[-3.0537374998723665e-05, 0.00010466588329188786]
[7.817045261605815e-05, 1.9056645402804051e-06]
[7.126424596208547e-05, -0.00012116743065665458]
[3.681444017145444e-05, 5.531987650131409e-05]
[4.746417340592557e-05, -6.431014615732034e-05]
[-0.00019397126236100903, -3.608874800176132e-05]
[8.091525687842216e-06, -0.00010564953297570456]
[-3.8638605048380015e-05, 1.1073283891771535e-05]
[6.854048687723879e-05, 1.825314354386709e-05]
[3.267271910156744e-05, -0.00021027023950900836]
[-0.00018193245623909782, -6.1026332370955894e-05]
[-3.9758591688004996e-05, -0.00020280631143579364]
[0.00015191292710603488, -0.00015229911783233574]
[-2.6493051400539036e-05, -6.395761483342713e-06]
[8.114817087774562e-05, 2.3585948564745426e-05]
[0.00010841283932684631, -2.5668637458782333e-05]
[1.8282718893120053e-06, -0.00011529696184798578]
[3.174509036585338e-06, -9.033365772355417e-05]
[-2.6161438750088584e-05, -0.00018802162776523912]
[-4.675865479394914e-05, -0.00013329887228180626]
[-3.026828848692875e-05, -0.00016327853511269308]
[4.061286279305465e-06, -1.2674459198780408e-05]
[-6.23324791495794e-05, -8.687655367822789e-06]
[8.883111815891076e-05, -7.042289703607096e-05]
[-0.00015631354325706948, 8.906670688035856e-05]
[7.289513267848963e-05, -0.0001450022596874989]
[7.649366783843425e-05, -3.0213924487376698e-05]
[1.2821640102592124e-05, 5.253761950047009e-05]
[7.225647844907868e-05, -2.40893576982093e-05]
[2.337158675055906e-05, 2.757140508885536e-05]
[5.016600130880455e-05, -7.827825823036871e-05]
[-0.0002226169576124426, 6.712070811737414e-06]
[7.633488543087874e-05, -8.762943239382093e-05]
[1.7716976441178867e-05, -0.00011143131470986445]
[2.6141316150862792e-05, -8.092301104054012e-05]
[-1.073673780904727e-05, -0.00018743463291386042]
[-0.00010561873484050965, -0.00018558478430977937]
[-3.868435253923802e-05, -8.526879861471288e-05]
[1.9481033499552103e-05, 7.843436153973614e-06]
[4.9033845837126444e-05, -0.00014200614973616799]
[7.302354678689893e-05, 2.6882786840090253e-05]
[0.00013387317557031486, -1.5289451620562056e-05]
[-1.1825586243824349e-05, -0.00013314306908769613]
[0.00014036575312323385, -6.85339954056563e-05]
[-8.680022637250207e-05, -0.00017646878830082646]
[-0.0002745768813686711, 5.2189569098026745e-06]
[7.000503183696161e-06, -7.487272879352913e-05]
[9.194310786107829e-05, -1.659662994679678e-05]
[3.5982362615288865e-05, 8.533729466086992e-05]
[8.639498588955581e-05, -0.00015415485562253473]
[-0.00018281988290432243, -0.00012529680868700321]
[-9.169655550894662e-06, 3.524445991531788e-05]
[6.68982256979006e-05, 3.361615779834404e-05]
[-5.0518722545550565e-05, -7.988063066843853e-05]
[0.0001076446183817803, 9.492925225912385e-05]
[-1.811351056729693e-05, -2.1833642385171714e-06]
[0.0001551250730632281, -0.00014269540834049854]
[0.00010874820710760069, -3.536208010081199e-05]
[-4.461468955763159e-05, -0.00015426367966722698]
[-0.0002616778914113771, -7.69828271125414e-05]
[-8.036193881469367e-05, -0.00014855103561279767]
[2.6572625294592894e-05, -0.0001580298839949576]
[8.966531797146779e-05, -7.532505408833906e-06]
[4.115346800651065e-05, -0.00023403756604541137]
[-0.00011108736764144089, -0.0001609169398050156]
[0.00012550086166093766, 9.918687175787533e-05]
[1.517308518653171e-05, 2.036628568412302e-05]
[8.787955893146959e-05, -8.900019621671529e-05]
[-9.722897767944216e-05, 6.721557671501843e-05]
[-4.6945809246329295e-05, -7.443008527630024e-05]
[0.00015711254592201684, -0.0001908206617933228]
[8.079585772247794e-05, 6.433387767496024e-05]
[-1.689950902085402e-06, -3.91687491115289e-05]
[-0.000128653091851956, 3.849911508407855e-05]
[-0.00018005210150306983, -2.2483728806366177e-05]
[1.949539324230809e-05, -0.00012232990456001458]
[6.239244338360206e-05, 3.6104504263223536e-05]
[-6.852125649939311e-05, -0.00023598086631648751]
[2.9503909572403675e-05, -0.00012410953984307027]
[3.838536391920222e-05, 0.00013038176613028307]
[0.00015681781970533493, -7.28573442981828e-06]
[4.1611813820452426e-05, -3.341772941031079e-05]
[-8.870380075659545e-05, 4.024788913215005e-05]
[-8.133303512264031e-05, -0.00015255558363403907]
[0.00013622202342345596, -0.0002441448258112917]
[2.839197088910783e-05, -6.633229321174796e-05]
[8.376792258291132e-06, -0.00012324428171886764]
[-4.753198411333592e-05, -6.392437953613161e-05]
[-0.00018327359130870802, -9.220746311333627e-05]
[5.1575598637221276e-05, -8.641708624723687e-05]
[-1.068895851846774e-05, 4.704499152741182e-05]
[6.313026295975965e-05, -0.00017447203908493858]
[-6.181312620542889e-05, -2.9269734632270117e-05]
[0.00011160938822811495, 5.374510354883011e-05]
[9.016056606042655e-05, -6.614952698996701e-05]
[-1.1261248586587336e-05, 4.5805400083143155e-05]
[-3.2096365644763286e-05, 2.8691777360811965e-05]
[-9.018310462952095e-05, 1.180272951850636e-05]
[0.00011774339799051903, -7.791968910092484e-05]
[4.479679135388492e-06, -1.4934850478043327e-05]
[-2.5860494239776655e-05, -3.1086496612375836e-05]
[-3.5313743843440326e-05, -0.00015270582882923045]
[-8.729294538811772e-05, -0.00012901138917148502]
[-9.770523223298633e-05, -8.590194881749613e-05]
[0.00010372789110499325, -7.301544480822764e-06]
[3.511400322682434e-05, -6.955185927648086e-05]
[6.121588322791083e-06, 3.7616661872921786e-05]
[0.00011860204760938756, -7.045356904379109e-05]
[2.6666822669671377e-05, -0.0001417734401210997]
[-3.209436709089575e-05, -7.076510265041289e-05]
[-3.879774657392088e-06, -0.0001383226586930339]
[-4.743706671492265e-05, -2.722853314637841e-05]
[5.1640896541360615e-05, -0.00010768777620225045]
[7.279411287336446e-06, 1.4087221871794675e-06]
[-0.00010638892882935957, 3.3826060399921865e-06]
[0.00010524043823459395, -0.0001386901570495369]
[-0.00011492387543515781, -4.107442234407843e-05]
[-2.281022920061493e-05, -8.67642694709625e-05]
[2.7073973058677758e-05, -1.9291545190258663e-05]
[5.7866753801674026e-05, 4.193149529896356e-05]
[4.030280974438166e-05, 7.10786448240297e-05]
[1.6583648055470968e-05, -2.7344592342659624e-06]
[4.584025764725608e-05, -4.481117892346509e-05]
[-8.634780128685682e-05, 1.2437101425205599e-05]
[7.481093062758348e-05, -7.776900582792678e-05]
[-2.8814240938257463e-06, -7.011785789681757e-05]
[1.3270107073470871e-05, -0.00012581195400473977]
[-0.00013241662497134876, -7.448645168915691e-05]
[-4.2844133361669146e-05, -9.791435056683007e-05]
[2.1419162775634937e-05, -0.00011212962275557702]
[3.21389503146266e-05, 1.6789974126768525e-05]
[2.762920514610273e-05, -0.00013175942326836953]
[-1.9808964583117872e-05, -4.555133836332652e-05]
[0.00016493964210545498, -2.7096829511685794e-05]
[-9.542418797497954e-06, -7.20912848206981e-05]
[-2.231847786368646e-05, -7.81957293767288e-05]
[-2.084615290354197e-05, -0.00010237846212167445]
[-0.00010006025527198315, 5.5259608415930694e-05]
[8.554341750702243e-05, -2.515406928463304e-05]
[0.0001454539183289444, -4.962713216727366e-05]
[-0.00010307375167237232, -4.417226661723728e-05]
[-6.690761526948613e-05, -7.305156095421816e-05]
[-0.0001186523186507693, -0.00011628554610637609]
[-1.3178206995007047e-05, -1.822337823409459e-05]
[9.461056716305455e-05, 0.00010526920955566954]
[-3.494099115342042e-05, -7.53521690852188e-05]
[4.495935384837835e-05, 2.971256487760421e-05]
[0.0001417789233635336, 4.4471799350936925e-05]
[8.022777155214378e-05, -7.257045446787402e-05]
[-5.7515125881452134e-05, -6.854284070784145e-05]
[-5.3599193242381826e-05, -0.00010467568630413704]
[-0.00018244860337619795, -2.002177862223467e-05]
[0.0001246926914008073, -8.842709723252615e-05]
[7.167577634940164e-05, -0.0001429518308157596]
[-3.1118758514758066e-05, -7.585770666043191e-05]
[-2.7905284474716296e-05, -9.844246579696764e-05]
[-0.00011575563487289942, -0.00015144624237815874]
[8.567030105041673e-05, -1.0838252927483638e-05]
[-5.62953684005163e-06, 8.572577123008851e-05]
[3.318744059538359e-06, -0.0001657297813003611]
[-1.668567718124403e-05, -3.4656387235487696e-05]
[0.000111225218298594, 4.619771432670672e-05]
[0.0001383157198557583, -9.872756868090082e-05]
[1.771153597962538e-05, 5.698615195404155e-05]
[-0.00013192236083697795, 4.084592161779366e-06]
[-8.916300771124111e-05, 1.6425430817368358e-05]
[5.048518792732416e-06, -3.463102574580157e-05]
[6.120595304373588e-06, -0.00016547137483580165]
[1.2428402592287724e-05, -4.193181905931542e-05]
[-7.662656289902925e-05, -5.5859719978290645e-05]
[1.3583002026418267e-05, -0.00010266542041759141]
[5.656288102748319e-05, 8.952285110230829e-05]
[2.2607288210796384e-05, 0.00012177825847675683]
[-1.754597542966141e-05, -0.0001657909275343955]
[-1.1876307772468175e-05, -5.1457763683801505e-05]
[8.226923693274713e-06, -5.5152182297450725e-05]
[0.00020161400112296557, -0.00019160226139132777]
[-1.2901118388607136e-05, 8.986401368953588e-06]
[-8.92220302457121e-05, -5.720409462585093e-05]
[-4.1053277531913346e-05, -2.0244500658024578e-05]
[-5.7362934326440906e-05, -6.350887450851106e-05]
[3.219559055517296e-05, -0.00017942012262471552]
[-5.184310763589606e-05, -2.0138225780411134e-05]
[4.463979652113981e-05, -0.00011301134553096115]
[-2.8764757401572583e-05, -0.00010603962716154713]
[7.358797130520289e-05, 7.535571701083876e-05]
[-4.114688116799159e-06, 6.351654052988431e-05]
[-4.660042299070577e-06, -2.9662162023602612e-05]
[-5.681757217039507e-06, 2.935567884065904e-05]
[7.379125998796532e-06, 1.7637506311340978e-05]
[0.00013584250826265826, -8.692443879693146e-05]
[-1.0478280921127903e-06, -3.291315686659857e-08]
[-7.043047436813832e-05, -5.7864801689511136e-05]
[-9.292885359513114e-05, -4.554530843570159e-05]
[7.86665632943051e-06, -8.316144938602665e-05]
[-8.502829162046477e-05, -8.160978868726465e-05]
[3.5537951306813254e-05, 4.931360323645606e-05]
[8.830258780198608e-05, -0.00010488898001242974]
[-1.1053521976389646e-05, -5.386743737401806e-05]
[4.2318609881783487e-05, -6.532906511366298e-05]
[-2.77515395258332e-06, -8.954300340539151e-05]
[-3.73850825071409e-05, -4.9410484637199895e-05]
[5.45592864983277e-05, -6.135992003453595e-05]
[-1.5097503074129603e-05, 6.309960942203763e-06]
[5.717744228309063e-05, -6.916578144149088e-05]
[6.39362537454835e-05, -2.5605798711941796e-05]
[-0.00011587491734485478, -5.852802150796421e-05]
[1.7026034685896363e-05, -0.00011168943103459505]
[-6.662624495015756e-05, -9.913558444343828e-05]
[-6.877039793382056e-05, -3.4448876745529766e-05]
[1.3592417903551812e-05, 5.190508232749691e-05]
[0.00011649783321977802, -5.560352052569328e-06]
[2.515596001086834e-06, 5.83913880787823e-05]
[1.1319469277737415e-05, -2.6494713971814132e-05]
[3.660194592663979e-06, -4.072724031423114e-05]
[-1.0717323958742142e-05, 1.5817582276728137e-05]
[8.53430250913334e-05, -5.059805987081556e-05]
[-8.05276535763011e-05, -2.677508597676015e-05]
[2.8555341229113962e-05, -8.822591369353483e-05]
[-6.942776085039348e-05, -1.976834728537047e-05]
[1.1632093401603427e-05, -5.831741995977746e-05]
[1.2569952510768645e-05, -0.00012098420668182897]
[-2.703928264061184e-05, -4.98138939402544e-05]
[-1.2222306665478702e-05, -8.870698016111202e-05]
[-2.364826736812875e-05, -4.434977386078096e-05]
[0.00011989705682875773, -6.784124228889979e-05]
[2.235941707950939e-06, -2.3382876958667753e-05]
[-5.5086282768068706e-05, -6.01405218047385e-05]
[1.91392955057601e-05, -5.756616109570123e-05]
[7.746475445771783e-05, 6.045187065181756e-05]
[4.8471051204979076e-05, -2.0411509361856206e-05]
[3.451310713695199e-05, -6.930597802634608e-05]
[-0.00013464957990044768, -0.00010020945099945]
[-8.588744294962813e-05, -1.237205031545674e-05]
[1.5553838183766933e-05, -6.10440894179276e-05]
[-1.0463451979352001e-05, -5.328594513831497e-05]
[1.5855838243331033e-05, 7.460084874055806e-05]
[2.1408727172059216e-05, -1.9604152262597818e-05]
[-1.247221252734243e-06, -6.7691269742264915e-06]
[0.00011768009470672358, -9.1757738457654e-06]
[1.541377111241582e-05, -1.3978017096738515e-05]
[-0.00014265619164544052, -6.81802299217632e-05]
[5.3372701005804934e-05, -6.673753708223706e-05]
[-1.0077675082764692e-05, 3.4379076808338516e-05]
[0.00013947365023464497, -4.455098191144535e-05]
[2.065340323120779e-05, -0.00011226746708554915]
[-0.00012779485557574966, -0.0001195385908337827]
[-5.681735917559966e-05, -3.6063832529650494e-05]
[-1.8235228998388087e-05, -0.00010062243263580292]
[1.4287233415524736e-05, -0.00012146399230138216]
[-2.8297293414608626e-05, 5.117328779072339e-05]
[3.480655853252412e-05, -8.955989165745915e-05]
[2.5295116692636288e-05, -7.920901013191983e-05]
[0.00014061779990201528, 5.591715803826558e-05]
[4.521545427071949e-06, 3.3984082075944055e-06]
[-4.3967786276799536e-05, 3.0393918659665786e-08]
[-6.473803757361951e-05, -7.64515504664276e-06]
[-9.469201593323429e-07, 2.5312711514624553e-06]
[9.311351304366194e-05, -4.493898126928242e-05]
[-2.191152304513444e-05, -0.00010280103685866848]
[-5.8292113288477276e-05, -8.039093293255029e-05]
[-5.619850568210072e-05, 6.178109904186879e-05]
[1.0906745570152254e-05, -2.1426229793869433e-05]
[1.4695414648879801e-05, -6.360588858597693e-05]
[-4.536588498871286e-05, 0.0001064882703326886]
[-9.932167223475341e-06, -0.00015040374519956212]
[8.944310144168299e-05, -0.00013212915712668138]
[3.2321025310755314e-05, 2.7817562300493787e-05]
[9.97085936350478e-05, -6.14485590626282e-05]
[-3.5460609704593415e-05, 2.2540039881483245e-05]
[-6.6682225308555e-05, -2.1177670363939968e-05]
[-3.6963174249171615e-06, -5.789436796961589e-05]
[2.489754906348507e-05, -7.451976588530342e-05]
[9.813585212598008e-06, -0.0001725386914059185]
[-6.28193883838446e-05, -0.00010703597971821466]
[1.1837869537512091e-05, 8.691474150002154e-06]
[-2.400565447019387e-05, -5.644371271626425e-05]
[3.7039273316108456e-05, -9.249105447139971e-06]
[-7.347429913875936e-05, 0.00012181441155981187]
[4.083775010239876e-05, -8.144108676122475e-05]
[5.3250337977955864e-05, -5.2174278871164326e-05]
[3.887014070791915e-05, 3.388521829061908e-05]
[6.56942550570673e-05, -5.0930869173015925e-05]
[-2.4348744654359433e-05, 4.3852423323387235e-05]
[-3.9445980087995935e-05, -3.350466401258467e-05]
[-9.913598891794773e-05, -1.5092812683636936e-05]
[5.366651084576235e-05, -2.517919566114024e-05]
[-1.7494734327216932e-05, -9.532369935244533e-05]
[-2.8962631980489206e-06, -1.5329749473880216e-05]
[4.785883204350139e-05, -6.775427709886095e-05]
[-2.960873695272148e-05, -8.755971860552325e-05]
[-2.963382501720846e-05, -6.280240180820372e-05]
[-5.807951354214191e-06, 4.845122625763559e-06]
[-1.1297634862246497e-06, -5.4559820734628294e-05]
[8.91279852093408e-05, -4.010990432510263e-05]
[3.8233933013540056e-05, -1.4920026658975238e-06]
[8.41667689537029e-06, -6.325741218756592e-05]
[6.34164516099267e-05, -2.3515982281424597e-05]
[-8.23848343146083e-05, -0.00010177389742307974]
[-8.757416858815037e-05, -6.703974535107737e-05]
[-9.503208818567588e-06, -5.9865458655800063e-05]
[-2.3208545146813364e-06, -1.4568854280777588e-05]
[6.334554904799394e-06, 5.305887485898553e-05]
[0.00011203281394375764, -4.2991944362358314e-05]
[-6.762998414793636e-05, -2.4721622609025218e-06]
[-6.31539642781398e-06, -2.7118012699889338e-05]
[3.224948222406432e-06, -9.480991949806228e-06]
[-5.303060535366555e-06, 3.0537649986228654e-06]
[9.36825223195048e-05, -9.02084834575323e-06]
[-6.435459616310757e-05, 4.89188853081135e-06]
[3.912713900658393e-05, -4.8681282229123823e-05]
[1.5717499966927395e-05, 3.870094520685985e-07]
[3.3691336117636084e-06, -7.221658910049056e-05]
[-7.533390432291898e-05, -0.00010585775943579984]
[-3.800326713397639e-05, -7.379364737001431e-05]
[-9.569598551327496e-06, -5.054020038622407e-05]
[2.375493040512877e-05, -2.1922381929077514e-05]
[6.261872606474345e-05, -0.00010125517527805224]
[-2.937356545512637e-05, -1.9504672930072825e-05]
[-5.248331118312688e-08, -1.9869083207904592e-05]
[2.7125630715552074e-05, -3.252890577066375e-05]
[0.00010505838709859439, 7.0652468763393594e-06]
[-8.285351657866258e-06, -1.708715733092503e-05]
[-4.363593982703584e-05, -5.5153007994801495e-05]
[-4.765771926026896e-05, -9.928732286276776e-05]
[-1.8905390451129378e-05, 2.4337761893866716e-05]
[4.6070134828837817e-05, -2.6966485365320647e-05]
[-2.612328762921154e-05, -5.20955420841851e-05]
[-6.456976974916068e-05, 1.8824541534012695e-05]
[4.792793308400212e-05, 5.283752860574253e-06]
[-1.557652109379637e-06, -1.0853748534989105e-05]
[1.7350808292071473e-05, -8.489863912675144e-05]
[-2.6240938503785394e-06, 6.250555096287691e-06]
[-8.418080776728676e-05, 1.8493633803517984e-06]
[0.00012274172385759452, -3.228634875174219e-05]
[7.558206682233004e-05, 2.6709855707129915e-05]
[2.9516200540202764e-05, -1.0482308555631592e-05]
[-4.708493885982601e-05, -8.293709985912091e-05]
[-7.463921196673717e-05, -0.000135284643891136]
[-5.1159906441333725e-05, -2.9406783748422982e-05]
[4.8225999408808146e-05, -5.6984714990617434e-05]
[-2.0335743219662694e-05, -0.00012892338694771993]
[-5.358377619459065e-05, -1.3349234392598386e-05]
[7.471354832544463e-05, -8.208358976566354e-06]
[3.5038342490745222e-06, -5.600995674477638e-05]
[6.960861634391913e-05, -3.684737305745256e-05]
[-6.422205834769046e-05, 3.794888312710909e-05]
[-2.7188810490727522e-05, -6.892322099633086e-06]
[5.616058110410882e-05, -3.8083933987631546e-05]
[5.718937538837232e-05, 4.8695182200408915e-06]
[3.896631625788238e-05, -2.1490223803211084e-05]
[-4.147332727909639e-05, -1.268042137392289e-05]
[-5.831144253624215e-05, -7.797262014341833e-05]
[-3.964325877565955e-05, 4.531742019944773e-05]
[1.0033811570872575e-05, 3.123315165898255e-05]
[-1.4918940570568529e-05, -0.00014280175475350765]
[-3.828215094597853e-05, 3.952130506440499e-06]
[5.0313937733637015e-06, -4.6287736133854285e-05]
[9.434602716545948e-05, -0.00010466434656028478]
[1.000390652056149e-05, 2.1751647632552162e-05]
[-2.058706525420728e-06, 4.338380470288866e-05]
[-1.5926560215102914e-05, -7.002698857428401e-06]
[2.2039587661122628e-05, -4.5032583021746304e-05]
[2.315288192345638e-05, -8.922127101675982e-05]
[3.158233186722342e-05, -8.98972751802677e-05]
[-1.8949579564858654e-05, -6.408506785005041e-05]
[-4.1936621223329085e-05, -0.0001243111491947349]
[-1.5009513192693058e-05, 3.7863638345084216e-05]
[-4.193663732779407e-05, 3.2637693408180124e-05]
[4.141134240023825e-05, -0.00010838456912215522]
[-7.129459332955168e-05, 4.368644074989603e-05]
[5.294659845754557e-05, -6.331162406261748e-05]
[5.559884990828656e-05, -8.978891927652333e-05]
[2.4635503298946204e-05, 5.105828991197603e-05]
[-1.1515932112626803e-06, 2.611065551511027e-05]
[-2.7103887347147693e-05, 4.707527176434079e-05]
[1.8664890938893675e-05, -8.729085430370098e-06]
[-4.5551716111674745e-05, -3.856291552092883e-05]
[5.250268968945426e-05, -2.4891330879850404e-05]
[9.909001520064242e-06, -4.771193047828359e-05]
[-1.6927665966587346e-05, -8.761484193234303e-05]
[-3.952674502279152e-05, -2.661564241314418e-05]
[-3.3270489476516785e-05, -2.3511396010728047e-05]
[-2.8415759287567233e-05, -8.011062163117838e-05]
[1.8567170348704476e-05, 2.800683065558654e-05]
[3.4964893909540315e-05, -6.6789180800041e-05]
[5.8406031941769104e-05, -5.676022696877959e-05]
[6.122711730244257e-05, 3.415669453405573e-07]
[-2.7911472885965016e-05, -5.16227058156328e-05]
[8.528851146993865e-07, -2.099615265314242e-05]
[-2.1441883987227683e-05, -8.211192891940944e-05]
[-8.651861621375434e-05, -3.979406375564931e-05]
[3.559687497756148e-05, -2.2402506619362272e-05]
[7.507623458236079e-05, -3.923941727212998e-06]
[-3.8307137725818174e-05, -1.2730138879840647e-05]
[3.421659147168077e-05, -5.4474320202363424e-05]
[-9.727413651292038e-05, -2.1090007427920776e-05]
[-1.682408198367541e-05, -2.4294293529347755e-05]
[4.123084928511593e-05, 2.522754140849015e-05]
[3.9422516112663786e-08, -1.9542015306572846e-05]
[6.629614401865158e-05, 1.390919165975002e-05]
[1.7007401050997406e-05, 3.662603029849776e-05]
[2.078758750090337e-05, -3.689202117393431e-05]
[9.413407963398956e-07, -1.5981271357379256e-05]
[-1.203721278744685e-05, -7.085435735969259e-05]
[-0.0001232503463298451, -6.707036097722274e-05]
[2.8325689899577622e-05, -5.9551657767255295e-05]
[2.7277201149186747e-05, -3.0072753450737476e-05]
[1.742194211975384e-05, -2.4448738831879188e-05]
[1.348006816270439e-05, -9.789768250175737e-05]
[-6.511840789502274e-05, -3.444710278039352e-05]
[3.509031812840013e-05, -6.501467164549135e-06]
[2.8582481556696515e-05, -9.541740062818382e-06]
[5.0646283928090785e-05, -6.185410553277704e-05]
[-1.8467763115814773e-05, -1.4343361990604153e-05]
[-1.2283622521452875e-05, 2.182617569707057e-06]
[2.7773412985487855e-05, -7.924650369717234e-05]
[1.8924027215552752e-05, 1.807588538435545e-05]
[-1.4662745576973779e-05, -8.376480135630082e-06]
[-4.357992628766655e-05, -2.945148020710997e-05]
[-5.214994749517393e-05, -2.534047125957173e-05]
[3.895649832488801e-05, -1.7809412421687654e-05]
[1.7832903645917386e-06, -7.527416488517513e-06]
[-4.2110590782989954e-05, -8.717752801054579e-05]
[1.091330009792002e-06, -2.7984831198202276e-06]
[6.417001794864485e-06, 5.912418479245285e-05]
[9.473409783869458e-05, 1.3674530829704823e-05]
[5.54400345331163e-05, -3.956820133015071e-05]
[-3.61071629179921e-05, -5.840035470466853e-06]
[-6.052921693751323e-05, -3.6571302702056996e-05]
[4.0353981860169474e-05, -0.00012737230391621224]
[-3.315653660454845e-05, -3.332374496070145e-05]
[2.8043844539176604e-05, -2.2723977504925195e-05]
[-2.125555954139713e-05, -6.376425523312197e-05]
[-5.384873027685505e-05, -5.846001858004742e-05]
[6.445792221100588e-05, -2.384671645318248e-05]
[-3.2369284701086465e-05, -1.997583500711747e-05]
[1.110951812127725e-06, -9.805001364705801e-05]
[-3.808848185224423e-05, -9.312979190601034e-07]
[2.672914138708571e-05, 2.9029146589309995e-05]
[8.2329567548875e-05, -2.090464706386297e-05]
[6.302016527666432e-05, -6.235879142779677e-06]
[-3.653266392948662e-05, 4.288832536641918e-06]
[-3.936304105578263e-05, 3.3607084411357846e-05]
[1.6683993255273144e-06, -6.563460282843492e-05]
[-2.3847598458581754e-05, -1.9392136327789355e-05]
[5.432493986948228e-07, 3.0073627250937207e-05]
[-2.5467294910846983e-05, -8.951779640642421e-05]
[-1.2570096498021321e-05, -7.09575202337831e-05]
[-1.6515518424242703e-06, 5.392434121870293e-06]
[3.313404605748138e-05, -9.989737591642456e-06]
[-7.244070169970529e-06, -3.158476263045301e-05]
[-1.851772584558764e-05, 4.0307796930282025e-05]
[1.4429652371548973e-05, -3.120761746211974e-05]
[6.996090289888846e-05, -6.505996515309906e-05]
[2.1618227330665735e-05, -6.645214079945136e-05]
[8.780174052416042e-06, -7.726854573427257e-05]
[-4.066794669214946e-05, 2.698914390552795e-05]
[-7.06091600595482e-06, -7.765309863889784e-05]
[-2.7890641571409747e-06, -2.2887911570970698e-05]
[-5.028756540433055e-05, 4.801447288847738e-05]
[4.3026953798264156e-05, -0.00012179352799351895]
[-4.33811205936413e-05, -7.203742842704086e-05]
[2.0833787356788758e-05, -1.945533963979007e-05]
[1.4278584947416406e-05, -3.048579254050221e-05]
[1.533424875413414e-05, 3.957697822457029e-05]
[-1.9486840718951903e-05, 6.435417447464564e-05]
[1.8326696094861372e-06, 2.036143516653821e-06]
[4.580937844998745e-05, -1.1518354740419623e-05]
[7.65248386339068e-06, -3.2836910269784525e-05]
[3.1990160670541945e-05, -5.527715168859859e-05]
[-2.8695953783838823e-05, 1.9308647184940186e-05]
[-9.755807410180561e-06, -7.420704334537565e-05]
[-6.971237084200943e-05, -2.448156694463688e-05]
[-1.101533355098161e-05, 3.389423505470446e-05]
[8.804268951265182e-06, -9.134873941626237e-05]
[1.9925944431356535e-05, -2.8619241425512087e-05]
[3.1387190732375114e-05, -5.737764265413819e-05]
[5.702530586265686e-06, -4.875692180654695e-05]
[3.876473240288503e-05, 3.7414245971558596e-06]
[-2.170403317301034e-05, -2.2239612090543467e-05]
[-3.627767086865352e-05, -4.304631099645573e-05]
[3.151273817547651e-05, -4.2304887958331816e-05]
[-1.9401289329118443e-06, -1.000778290194404e-05]
[3.376889825808249e-05, -3.860728222747356e-05]
[6.458338155658494e-05, -1.4253051808243988e-06]
[-8.21076234086976e-05, -5.334333567494354e-05]
[-3.919776799955754e-05, -4.62738105489191e-05]
[-5.018689961477918e-05, -3.864704485406767e-06]
[-1.311291503821449e-06, -3.2999165962666055e-05]
[4.961733825240011e-05, 2.7771330977977016e-05]
[2.741906978714903e-05, -1.9080483175171192e-05]
[1.0889395201101049e-05, 1.1870955717391274e-05]
[5.438974163467225e-05, 4.359861044697655e-05]
[-3.92122050560384e-06, -2.40079570105467e-05]
[-6.153232589843627e-05, -5.001692386483181e-05]
[2.16248487580617e-05, -4.2980607816600624e-05]
[-7.34413020161695e-05, -6.618801424454479e-06]
[7.84421666862184e-05, -5.032749957746552e-05]
[3.926943447653264e-05, -2.917671446202655e-05]
[-4.433972898290617e-05, -3.7487272169324515e-05]
[-3.076994930179683e-05, -6.803671686968823e-05]
[-4.608887832985471e-05, -4.3720147172532104e-05]
[2.6724578939707477e-05, -4.05319821792198e-05]
[2.9396590135115364e-05, 7.125209975231833e-06]
[2.4404684537987498e-05, -7.248961422891276e-05]
[-5.937978404813027e-06, -2.5205889559828942e-05]
[4.7941712692012306e-05, 4.5586953475104663e-05]
[2.0208530226148436e-05, -4.182271810601601e-05]
[-1.7090148057286036e-06, -2.2720526861474966e-05]
[-4.369525610334324e-05, -4.533555665403588e-06]
[-3.074946603610906e-05, 2.692617379340678e-07]
[1.0826157039921236e-05, -5.087560892905185e-05]
[1.984583409949444e-05, -4.352594179929392e-05]
[-2.4890921875159178e-05, -8.123603410792324e-06]
[-4.979065200524935e-05, -2.3517888497193162e-05]
[4.699326168783324e-06, -1.0993288309724125e-05]
[4.2377652846439795e-05, 2.7894295439007122e-05]
[3.119468300241679e-05, 5.0758644061399405e-05]
[1.1747263531286523e-05, -7.859858119468877e-05]
[-1.0970410470892422e-05, -3.85387661878539e-05]
[-2.9191865090177904e-05, 1.4637362974141699e-05]
[8.598995731433356e-05, -7.695499438066522e-05]
[-2.3780370309207932e-05, -3.013993871820754e-05]
[-1.4533679154951629e-05, -6.135486660782848e-06]
[-1.0967378764069335e-05, -1.5931707125315178e-05]
[-2.3989311141028175e-05, -7.57887175867741e-05]
[2.6505467900284074e-05, -8.498127568096203e-05]
[-4.5717819252028e-05, -1.8623508540351053e-05]
[-2.6022317058560507e-05, -6.112089209180105e-05]
[3.7085712753931466e-06, -4.0189175793320375e-05]
[6.149979200675837e-05, 2.841893455596267e-05]
[2.2729559004591726e-05, 3.5001441032078695e-05]
[4.337891963553109e-05, -2.820313106921546e-05]
[-4.348543059724819e-05, -1.504699754023564e-05]
[-1.798564337549685e-05, 3.3700386830842755e-05]
[4.832109765585957e-05, -4.1281136470200375e-05]
[-1.202755386751908e-05, -3.346318589386721e-05]
[-1.2437257281710384e-05, 4.247019014719244e-06]
[-2.9216509045346117e-05, -5.511031575727854e-06]
[5.098433886741027e-07, -6.769909820614206e-05]
[-9.940561615018328e-06, -2.5015820775825537e-05]
[-1.4843253220250818e-05, 3.864871776806944e-05]
[-1.3028245648250003e-05, -5.207789196781665e-05]
[8.536656442029167e-06, -2.1116001201984536e-05]
[2.613920559613181e-05, -3.554378267818861e-05]
[5.290967066969021e-05, -3.311414725180872e-05]
[3.395070791972765e-06, -2.277254208528064e-05]
[3.6396509241094777e-06, -5.4886562036616984e-05]
[-3.029376011626922e-05, 3.271056951179192e-05]
[1.954638996011504e-05, -2.654303162494395e-05]
[2.3503286673137724e-05, -6.76885493534965e-05]
[-4.3876947414020484e-05, -1.4780880543879826e-05]
[9.55464608334844e-06, -6.746834431010929e-05]
[-2.3418013683232375e-05, -0.00010316815142628888]
[-4.778338231675727e-06, -2.1502290314945327e-06]
[-1.917902483627998e-05, 4.255129341815267e-05]
[2.6085203203060625e-05, 6.659857041957373e-07]
[-1.6633383162517612e-05, 3.5124864034397074e-05]
[3.325194738771145e-05, -3.6555181902486744e-05]
[3.446548442459854e-05, -2.0931771113535946e-05]
[1.0526031753846365e-05, 9.991391595132182e-06]
[1.9475801232175793e-05, -5.742420254267744e-05]
[-6.0869350938852484e-05, 4.0596999822783975e-05]
[1.3981229785464677e-05, -8.24276147251557e-06]
[-2.845578351955147e-05, -3.521513471699267e-05]
[5.285316638084514e-06, 9.309510997465575e-06]
[1.1345606856338897e-05, -7.83889284729708e-05]
[-2.460093690218046e-06, -7.4811255192056e-05]
[-1.5093163131599252e-06, -2.8655602867721716e-05]
[-1.3778494832555888e-05, -9.87448654452168e-06]
[1.0613817945905046e-05, -2.019605230191941e-05]
[3.248923308965708e-07, 6.323582155136516e-07]
[-8.95206749383648e-06, -5.832543139957028e-05]
[4.580726475591351e-05, -3.156583465054215e-05]
[5.3492805300522916e-05, 1.86491530946159e-05]
[-2.324104710141328e-06, -6.173079802107573e-05]
[-3.451454055114489e-06, -1.2120983875610336e-05]
[-6.616968778763721e-05, -3.8112809003634784e-05]
[-4.468099855843566e-05, -2.8532603674968904e-05]
[1.0448503642082607e-05, -3.3002013487271054e-06]
[2.2599004019643876e-05, -4.1709771298387155e-05]
[6.2864910840843e-06, 5.818465013851526e-06]
[3.931397368767825e-05, 5.981966846813069e-06]
[-2.990756012633683e-05, 5.951093935252505e-06]
[2.525853645068965e-05, 2.1222533057307924e-06]
[-2.160913844709289e-06, 3.385647416115356e-06]
[-7.07030355349414e-05, -5.082352789856359e-05]
[7.135926230647516e-05, -2.5389057166896878e-05]
[9.180311329196056e-06, 4.1816318483059445e-05]
[4.8552162822637634e-05, -4.2708235793470495e-05]
[1.3543355862066786e-06, -3.926242215011866e-05]
[-7.235430320193248e-05, -4.3106338803416966e-05]
[-5.6345504585463e-05, -4.225510905158389e-05]
[1.364852733221067e-05, -4.430252788305885e-05]
[1.4514141383245582e-05, -7.599169667814668e-05]
[1.3728740963718511e-05, 3.9942366174745315e-06]
[3.509802991105704e-05, -2.234215137822404e-05]
[-1.2722346998186862e-05, -3.427796126557678e-05]
[5.69134063144322e-05, 1.650999199744041e-05]
[-1.6124120969310263e-05, 2.946030404127331e-06]
[-2.6144461923394147e-05, -4.6158861831985254e-05]
[-7.022141870760557e-08, -2.4857653699000837e-05]
[1.1661575741575558e-05, 2.424761696015465e-05]
[3.0185001535856792e-05, -4.603253410637165e-05]
[-2.6206637440857883e-06, -3.681451712059247e-05]
[-5.526969353602737e-05, -1.4443103854233641e-05]
[-4.098115002373198e-05, 2.0583007228597294e-05]
[1.1563499024098978e-05, -4.063958580269311e-06]
[3.366004132114575e-05, -4.801498969397855e-05]
[-4.58988643455005e-06, 4.281713788653607e-05]
[-5.840110742061366e-06, -4.166822842063822e-05]
[2.891807207131003e-05, -6.267344700927602e-05]
[4.033674202569282e-07, 2.723111445438603e-05]
[5.248112128682092e-05, 1.064040760459517e-06]
[-2.247133948915514e-05, -2.4084873605247775e-05]
[-1.1788198954518214e-05, -2.2694222216727844e-05]
[4.687727858047885e-06, -1.72851930653993e-05]
[5.646310194550377e-06, -7.102345769679531e-05]
[-1.1370930703920312e-05, -9.234244147150392e-05]
[-3.997208155441523e-05, -4.3366666235274826e-05]
[-2.6086681984685556e-05, 2.1007492505970005e-06]
[1.163874205653559e-05, -2.5864036407766133e-05]
[6.690229809158676e-05, -2.7917249603728878e-05]
[-3.4559446901560875e-05, 5.164914612640348e-05]
[2.344356423747418e-05, -3.1651683465722114e-05]
[-5.7222861571532e-06, -5.541959348337455e-05]
[5.735585185039083e-06, 2.1213877755554833e-05]
[4.5481833843195874e-05, 3.6989402482090483e-06]
[-9.010208005559225e-06, 4.0964466094250973e-07]
[-1.3743788995134506e-05, -1.7049341870217782e-05]
[-1.768179734713826e-05, 1.462793612430624e-05]
[4.756715678108647e-06, -2.9245059180532662e-05]
[-1.5001254595664593e-05, -5.528968318752048e-05]
[-2.5353636797592616e-05, 5.889823651156201e-06]
[-2.1929791407929167e-05, -2.91370413058184e-05]
[2.3011650683094076e-05, -3.8951423780478334e-05]
[2.1964507039173853e-05, -3.657987400428747e-05]
[1.5325711676741904e-05, 9.964928567134101e-06]
[-7.719389517546471e-06, -5.2501187769483926e-06]
[1.703392324578501e-05, -4.514369467684999e-05]
[2.971876592254563e-06, -3.5006815710604718e-06]
[2.5448041911034502e-05, -6.153623973048205e-06]
[1.974360800614805e-05, -5.052980046780023e-05]
[-2.857338538748977e-05, -7.254956393239198e-05]
[-2.3502227624483396e-05, -2.16348492946411e-05]
[-7.783192027280283e-06, -5.2337114967396237e-05]
[1.7880254834651277e-06, -1.1088760184685409e-05]
[-3.430444416495371e-05, 4.304104763089289e-05]
[3.393662755556137e-05, -3.614972151186335e-05]
[-1.9401204627553237e-05, -7.876982832610846e-06]
[3.57743169484212e-05, -3.532980286502507e-05]
[1.3374844390172391e-05, -1.5570864303982024e-05]
[-1.2469772442437466e-05, 3.541922720276536e-05]
[2.1866906568163147e-05, -2.1606161856313477e-05]
[-3.415338623304065e-05, 2.3110065709125438e-05]
[2.9723284292862417e-05, 2.5449330860766173e-05]
[1.0192479936513288e-05, -3.109267127274218e-05]
[-7.285410505569745e-07, -5.1237916990520826e-05]
[-2.6377198255461698e-05, -4.762638152708276e-05]
[-6.0060556922592045e-06, -5.9363931360439937e-05]
[-2.271733128751674e-05, -6.9311866380886156e-06]
[-5.87220876593908e-06, 1.696145097503446e-05]
[8.871743168801377e-06, -5.9332291525780994e-05]
[5.0945156469389685e-06, -2.026074770506217e-06]
[2.9824362750063838e-05, -4.134499786649735e-05]
[2.574471829534103e-05, -4.200100656424682e-05]
[3.646765987835865e-05, 1.698193149628907e-05]
[-2.1206120085978664e-05, -4.426147754250237e-05]
[-3.773129463535696e-05, -1.8386444896781318e-05]
[-8.549650279743304e-06, -1.5990306069413318e-05]
[-2.3200875828022216e-06, -1.4539094551069276e-05]
[1.7636091323602887e-05, -2.613511303201088e-05]
[2.1438867379333648e-05, -3.271276549018931e-05]
[-3.801937946090739e-05, -1.3374252576386914e-05]
[1.9328509036469974e-05, 1.8404027113949617e-05]
[-3.220445585771711e-05, 1.0787491483671419e-05]
[-7.583304149752501e-06, -5.2560726618189335e-05]
[1.8345151615091482e-05, 1.9798889474675896e-05]
[-2.030015031802279e-05, -5.082814822782167e-06]
[7.343858036158724e-05, -2.403073382079013e-05]
[4.233221946375876e-05, 3.918088202525816e-05]
[-1.1329773514992536e-05, -1.9515332856462342e-05]
[-4.822339441278023e-05, -4.094031128464015e-05]
[-2.5781639551247792e-05, -4.793216576130799e-05]
[-4.532009086716943e-05, -3.245020773642339e-05]
[4.935712620408872e-05, -3.8409899086449054e-05]
[1.2043631614805372e-05, -6.385698014712204e-05]
[-1.8954325854717187e-05, -1.629753954389716e-05]
[3.575234184154813e-05, 1.2811190519700436e-05]
[-3.0151604065671578e-05, -2.1509111831033434e-05]
[2.4730715070322984e-05, -5.561763042385287e-05]
[-1.4649161157745394e-05, 1.8068232414431007e-05]
[-1.2066643209948658e-05, -1.930557990620363e-05]
[4.572086852897006e-05, -4.555261390666587e-05]
[4.762371265551457e-05, 2.734726324768455e-05]
[-8.967700253811883e-06, -1.4327932741670102e-05]
[-2.916338941125196e-05, -1.2347592573541677e-05]
[-4.6213883727719285e-05, -2.7237418848496953e-05]
[-2.507519873748594e-05, 4.852263086080333e-06]
[2.183631249269395e-05, 5.400903132890544e-06]
[1.5010300073101113e-05, -7.093339943001209e-05]
[-1.5749572792475575e-05, -2.6761466334346284e-06]
[-5.7018788047480395e-06, 1.627342390328468e-05]
[2.8120181886651108e-05, -3.3800199092881567e-05]
[6.255653639139491e-06, -8.45195773420404e-06]
[1.4578229155084999e-05, 4.415539925413381e-05]
[-1.3764955376110999e-05, -1.599553947293983e-05]
[2.4795657102658075e-05, -5.299982462524111e-05]
[1.8559958031780233e-05, -3.0039275361544264e-05]
[8.551763275008173e-06, -5.008789352160077e-05]
[-4.252014941322213e-05, -3.905061475430703e-05]
[-2.467690511557402e-05, -5.599268617792518e-05]
[-8.862459906236464e-06, 6.027997001410712e-06]
[2.485212120956204e-07, 1.085012612613706e-05]
[5.172498348600396e-05, -7.553601094768825e-05]
[-5.060437615282687e-05, -1.5346244290198596e-06]
[8.961585165195851e-06, -1.2027387237045772e-05]
[1.8694977127892143e-05, -5.163979623099002e-05]
[1.693512722231172e-05, 1.1480541955405377e-05]
[1.67629660819818e-05, 4.1861548336352694e-05]
[-1.5418959407216548e-06, 2.1547653960840574e-05]
[3.7394939352008993e-07, -2.746933603345325e-05]
[6.439412116032717e-06, -9.953798415673898e-06]
[4.2764173413395445e-06, -1.2606093023642684e-05]
[-3.2470598537170936e-05, -3.203377941610186e-05]
[-1.5381778964554393e-05, -3.874837098391537e-05]
[-2.500182458069211e-05, -9.101268565375742e-06]
[1.8549386977304017e-05, 8.353291522239514e-07]
[1.5220257320675001e-05, -4.3349208223741886e-05]
[-9.68265062099849e-06, 5.301995408373006e-06]
[-5.190300787716318e-06, -1.4154109339864149e-05]
[2.7606422943152187e-05, -3.6634222575240155e-05]
[2.0620744234292956e-05, -1.956334297988473e-05]
[1.625425302512369e-05, -6.67562018378913e-06]
[-4.484058766518473e-06, -1.7285402578507553e-05]
[-4.569346960421605e-06, -7.302326960123562e-05]
[-1.7321837913017446e-05, -1.0616461505581765e-05]
[2.18756662781483e-06, -9.04300800479152e-06]
[1.2584491923761654e-05, -2.006725653216912e-05]
[-4.235105844895004e-05, -7.97039344505035e-06]
[2.252447863827778e-05, -4.8180472437125976e-05]
[-2.023805269833756e-05, -1.625871741881002e-05]
[1.6333439431678864e-05, -1.64737789456193e-05]
[2.552610311179482e-07, -3.3237535121688477e-06]
[-1.1568547275680064e-05, 2.184431688298516e-05]
[2.4534820392048667e-05, 1.4866527092705084e-05]
[1.4659263382572896e-05, 8.504313392221352e-06]
[1.968721034420473e-05, 7.444435418113571e-06]
[1.2489085155081847e-06, -2.0419902146934232e-05]
[-1.3927801723462307e-06, -7.001804546571955e-05]
[-5.3516801899175515e-05, -1.1816312519868921e-05]
[1.6060657316852023e-05, -1.9380190345752446e-05]
[-1.4282954914832113e-05, -8.435710799704899e-06]
[-6.643754852431183e-06, 1.0075473867873774e-05]
[1.59289801044335e-05, -7.528180932829011e-05]
[-5.083510879244635e-06, -2.102229296011178e-05]
[2.8242714450534695e-05, -1.7126278566799956e-05]
[3.8996733778360465e-06, -3.812044566566452e-05]
[1.6400745973949027e-06, -1.0720034020285374e-05]
[-4.7614191885855806e-06, -6.873709818736029e-06]
[-1.1410090319421973e-05, -7.335421456450275e-06]
[2.3119319518510872e-05, -2.0680761859577512e-05]
[2.6236316549202443e-05, -1.46980830414839e-05]
[-1.139089399661286e-05, -4.148513934973397e-05]
[-6.3968537382108615e-06, -7.565543135829023e-06]
[-3.803948436119364e-05, -1.9506519594897354e-05]
[-7.077511361801292e-07, -1.5199610843286138e-06]
[-1.5298127768317155e-05, 1.8246220768125543e-05]
[-7.359755766624815e-06, -6.346172959253993e-05]
[2.3374125610937935e-05, 7.708469733275214e-06]
[2.499704654862489e-05, 3.533718512432893e-05]
[2.9373998736745288e-05, -1.1545756416736497e-05]
[2.0097526338608285e-05, -3.082784982968989e-06]
[-2.5738032728095384e-05, 2.2765386549356004e-06]
[-5.948158884798438e-05, -2.3060093690810413e-05]
[3.9537846672044186e-05, -5.1913691505700577e-05]
[-1.2215348379973623e-05, -2.7056623416694264e-05]
[3.2558174967070586e-05, -2.8558738592816824e-05]
[1.2204213921916673e-07, -1.8992544156196025e-05]
[-4.109750335417814e-05, -3.490969297457623e-05]
[1.607251095601253e-05, -1.4331656692126264e-05]
[-2.7018419833282903e-05, -6.154563435352596e-07]
[-2.393524907426392e-06, -8.711877041747695e-05]
[1.2403715980519037e-05, -7.80629030024127e-06]
[2.606963956008901e-05, 2.452106107478369e-05]
[3.5203335929878676e-05, -2.971961448182403e-05]
[4.7460513444549934e-05, 5.511210412895151e-06]
[-4.513529058637611e-05, 9.077122052891795e-06]
[-4.204823560964577e-05, 2.3603509369252151e-07]
[2.8454023606044876e-07, -3.863600207215656e-05]
[-6.442261446838737e-07, -2.5013399186701868e-05]
[1.8694553922539436e-05, 2.391847363197863e-06]
[-4.7102084306319125e-06, -2.3472323990914035e-05]
[-2.5567721591610026e-05, -3.55167281957669e-05]
[-3.7120811123420028e-06, 1.9777072397891837e-05]
[7.634238531589732e-06, 2.1134796336252926e-05]
[-2.8094565738961963e-06, -4.664957213568188e-05]
[1.1662971395584587e-05, 1.9727287642698488e-05]
[7.69472727074616e-06, -2.6714694661283955e-06]
[4.425498556334673e-05, -5.263794508760661e-05]
[1.4070541229281586e-05, -2.3121565746148792e-05]
[-6.360205162120325e-06, -2.596699951570164e-05]
[-5.4074419069388875e-05, 4.39587700382495e-06]
[1.2909501486803657e-06, -4.315650158525416e-05]
[1.750852753810983e-05, -3.504591094269545e-05]
[-1.0377184054118083e-05, 1.0431414161109903e-05]
[1.9884530151725865e-05, -6.46236778812162e-05]
[-4.319670019292676e-05, -6.160508943708898e-05]
[7.798696109034831e-07, 1.7277670385229538e-06]
[1.535380755365856e-05, 2.265436947840316e-06]
[1.7622563602978647e-05, -2.308239887977015e-06]
[-4.380044447319098e-06, 3.712936120750521e-05]
[2.141196616135821e-05, 9.592583330886306e-06]
[1.5020389707062765e-05, -2.8591155397383883e-05]
[1.3507975751640353e-05, -1.5791358769279285e-05]
[-1.7890609589812229e-06, -1.9751352834412872e-05]
[-5.1638652735670754e-05, 1.0314202814248885e-05]
[4.355235887140707e-06, -3.289256896080173e-05]
[-7.724831555630529e-06, -1.53778852759745e-05]
[6.079105969711285e-06, 2.6894804247945547e-05]
[5.363487326937033e-06, -4.542229360077199e-05]
[-1.9569183979731286e-05, -3.4560430164809475e-05]
[-3.5872932828140414e-06, -2.1235281722157412e-05]
[2.699093760345772e-05, -1.1642521402354528e-05]
[1.0512928264372334e-05, -1.4431585337771387e-05]
[7.303537317423364e-06, -8.919991502596633e-06]
[-6.291382382915545e-06, -1.069551071259528e-05]
[1.9390455330666606e-05, -4.274347325434287e-05]
[7.2451358184566494e-06, -8.809934261597152e-06]
[-3.6711771053271613e-06, -1.5795602315502033e-05]
[1.9830389460795406e-06, -1.9807040725142167e-05]
[-3.56432304041282e-05, -3.708917867113748e-05]
[5.297608877616322e-06, -3.834412771258622e-05]
[-1.2831331339765994e-05, -4.488444757172472e-06]
[4.614384077256117e-06, -1.1349260303217257e-05]
[-9.429956258931449e-06, -3.729363137472408e-07]
[1.2353068879061846e-05, 8.984809676815253e-08]
[1.3657983451809824e-05, 2.5271901391704654e-05]
[2.9248112070612287e-05, 3.5761881461982004e-06]
[1.2008435596663758e-06, -1.5997907280490553e-05]
[-2.3295613029217233e-05, -1.4127765748633836e-05]
[2.1574069793833806e-05, -4.18587515042812e-05]
[-4.05245376061264e-05, 1.8156905271543566e-05]
[2.6336316084382694e-05, -2.709728140259937e-06]
[1.5321378667582097e-06, -2.3882601971281225e-05]
[-1.863787364303482e-05, -1.1593088999825585e-05]
[2.859523151599319e-06, -5.744930711879155e-05]
[-7.767584677534356e-06, -3.512420378000772e-05]
[3.1439770470532286e-06, -1.6481608429282698e-05]
[3.013995587188706e-07, -1.4279433883469805e-05]
[-1.033232113312188e-06, -2.6685788971098773e-05]
[1.2440441639990918e-05, 7.85432215798243e-06]
[2.7599841867481656e-05, 1.2529994345145123e-06]
[9.183134134199689e-06, -3.1867812940795937e-05]
[1.5282334150393262e-05, -2.2235161741143705e-05]
[-1.930472889656587e-05, -3.844737547417654e-05]
[-2.5989927930833434e-05, 1.5854693036859713e-05]
[-9.966512937067962e-06, -1.678869545984618e-05]
[3.0139348023913715e-06, -2.9277407169708836e-05]
[-1.0018597412897456e-05, 1.2814081586293158e-05]
[1.7756690707170994e-06, -2.869801848842668e-05]
[5.1894261325073805e-06, -1.357029972365309e-05]
[3.077476115280475e-05, 2.478773359704256e-05]
[-6.650317135606376e-06, 1.5708125669117168e-05]
[-9.864658498864864e-06, -3.183195394027005e-05]
[4.0004411163002684e-06, 3.810573952767182e-07]
[-2.7039591435976118e-05, 5.986284024733779e-07]
[5.859197467254773e-05, -3.9241580314666735e-05]
[5.078731960581062e-06, -1.6411078841267746e-05]
[-2.3496159211044976e-06, -2.29024594369312e-05]
[-2.0465914807005214e-05, 7.5932255723405034e-06]
[-3.0036438350887484e-05, -3.779423576763703e-05]
[-1.0290471892035469e-06, -6.266433592774096e-05]
[-6.4714558423596e-06, -1.0773372439293327e-06]
[-9.235756265206507e-06, -5.0170592279144555e-05]
[1.908994313433443e-05, -3.55296415972782e-05]
[5.1881339701825846e-05, 2.9677875295335e-05]
[-7.801349820660275e-06, 1.2588280022200748e-05]
[1.9030425508506643e-05, -2.317161129075651e-05]
[-3.5714510659881626e-05, -2.4860054343850413e-06]
[-2.3140185221481868e-05, -1.068314165797446e-06]
[4.018848634362859e-05, -3.378998591610505e-05]
[1.475127188438688e-05, -1.872296795613071e-05]
[-5.224518484229362e-06, -9.599598399884224e-06]
[-2.05022257602841e-05, 2.3595441097978842e-05]
[-2.8594970125566527e-05, -2.7735037612913738e-05]
[-3.027845375744298e-06, -2.589648219195051e-05]
[2.4406136650556576e-07, 3.7558137197440944e-05]
[-1.1838520115867168e-05, -4.291851152254944e-05]
[2.1673506898592376e-05, -2.6388722428730138e-05]
[2.73882106198442e-05, 8.394951527906924e-06]
[2.7909895590635947e-05, -1.2469475171000832e-05]
[-8.909874746158841e-06, -1.0744260758657753e-05]
[-1.0188682470116395e-05, -1.534380019533807e-05]
[-3.1681582952258064e-05, 1.4817818007922985e-06]
[3.0276718026696348e-05, -2.45307454413337e-05]
[2.8198781499802483e-05, -5.208864574818631e-05]
[-2.165112582610748e-05, -2.7897019091414465e-05]
[-1.46118398922368e-05, -2.1729643988506464e-05]
[-2.833384609099432e-05, -6.234387730953e-05]
[8.123662161158007e-07, -1.084944647775088e-05]
[1.1722480980635996e-06, 4.1746936994518924e-05]
[1.9107758695804944e-05, -1.9272297233419167e-05]
[-1.0138724564109913e-05, -1.9237053189291586e-06]
[4.224469354597443e-05, -5.7272393446383685e-06]
[1.3883822367694032e-05, -1.8196324779951034e-05]
[-8.289171736359374e-06, 5.126655327508667e-06]
[-3.912700037798575e-06, -1.938716309476951e-05]
[-3.975344617797999e-05, 2.3077059066206607e-05]
[2.6339393001728606e-05, 2.2821022272745406e-06]
[1.4445519195521728e-05, -2.6367878274952128e-05]
[-1.284245750596269e-05, -7.69991913035506e-07]
[-1.3369973226401433e-05, -3.33038720451706e-05]
[-1.4742392267327875e-05, -5.0727293982893995e-05]
[-1.1926216301749726e-05, -1.7223716117023558e-05]
[1.9538445780981073e-05, 1.779100040914805e-05]
[1.1864614065590362e-06, -1.767350124853677e-05]
[5.784802673151901e-06, -1.1497960512760544e-05]
[1.704616754489175e-05, -1.8286111810203193e-05]
[2.452565473225546e-05, -2.541164350001882e-05]
[8.044957758204796e-06, -1.5486047110421786e-06]
[-1.3389394409424327e-05, -3.443249381241027e-05]
[-1.3634683210583809e-05, -1.655417624299438e-05]
[-7.723638824411183e-06, -2.4930574746201417e-05]
[2.4031770536891983e-06, -2.3391873737371727e-05]
[-1.1890899709030012e-05, -8.248839828042809e-06]
[7.596763526379613e-06, -1.8276870116434862e-05]
[-1.909148461158583e-05, -5.790773044356268e-06]
[2.1395064841771283e-05, -6.013812583832712e-06]
[-4.494141421396147e-06, 1.8903480945131612e-05]
[1.3885284484656257e-05, -9.080661017318858e-06]
[4.598895388483598e-07, -1.4348322826956972e-05]
[-2.145060763149992e-05, -3.589764334233081e-06]
[4.087960272876334e-05, -1.2872673659292122e-05]
[-9.868426965334298e-06, 2.977442500766425e-05]
[9.413604928940056e-06, -6.614566313942194e-06]
[-1.769364850620625e-06, -3.328959013697286e-05]
[-1.5494804876683976e-05, -2.598012468413291e-05]
[-2.1004197970048155e-05, -2.982357353932888e-05]
[2.7319725941638007e-06, -3.478329618832737e-05]
[-6.328213572125152e-06, -2.877141319980762e-05]
[2.9658758286116305e-06, 4.380644877248832e-06]
[1.4440681332713451e-05, -1.8356219698835267e-05]
[2.8963827521377716e-06, -1.6909993997950637e-06]
[3.686032048783039e-05, -1.5192306375162029e-05]
[-8.341422637718476e-06, -2.7342104519770954e-05]
[-9.196310858369805e-06, -1.8182984839132388e-05]
[3.759191405633411e-06, -3.074291862752154e-05]
[-1.2223914364825617e-05, 2.3007201791769294e-05]
[3.979363072337261e-06, -8.829741365720678e-06]
[1.1231059167074453e-05, -3.5481124847941414e-05]
[-1.9108649519532228e-05, -7.614096929953185e-06]
[-3.2663935389132953e-06, 3.032870771330076e-06]
[-9.570500090897924e-06, -1.818477927617579e-05]
[1.5832391708749116e-05, -1.4034699231807446e-05]
[-1.0054373445186893e-05, 2.9508103519010342e-05]
[-1.557965695669905e-05, -2.0481230310509524e-05]
[2.4931860161170327e-05, -1.1348704800795417e-05]
[1.2241436548848794e-05, 6.034052377826282e-06]
[3.4036498457262754e-05, -1.1061893619004892e-05]
[-7.224608865250004e-06, -4.303806782429698e-06]
[-1.1787069446461684e-05, -2.6411970472477175e-05]
[-2.42069096996686e-05, -3.5153187573182254e-07]
[8.572949549146003e-07, -2.7685876370170392e-05]
[-9.719325727144089e-06, -6.981170524463561e-05]
[3.0828677449589587e-06, -2.4063602547406884e-05]
[-5.652357439468736e-06, 3.8319852301363366e-07]
[1.7068121842059303e-06, -2.9287516083966597e-05]
[4.838442721880054e-05, -9.175156348815994e-06]
[-3.3055692737107845e-05, 3.1330731800983946e-05]
[-5.4189796415138325e-06, -3.3762582706889366e-05]
[5.1193252817438584e-08, -2.8516402220943315e-05]
[1.3797439571125447e-05, -6.17584200807153e-07]
[4.035328589063747e-05, -1.087834762769635e-05]
[7.571551205370897e-06, 1.1029319895300427e-05]
[-2.8438656664887818e-05, -1.757649997899402e-05]
[-1.8086427251664226e-05, 1.896460067776773e-05]
[-1.2759127454195409e-05, -4.446993187107173e-06]
[-8.154163309438689e-06, -5.506463915042059e-05]
[2.1381531828471023e-06, 2.6103756951001422e-06]
[-1.2382458976875621e-05, -6.670769422109646e-06]
[1.9097230799972054e-05, -3.156502562337571e-05]
[2.8118303917301635e-05, 2.674818421657954e-06]
[-1.7976756416793194e-06, 2.4822889832479267e-05]
[-2.5504546530427663e-05, -1.345034984203547e-05]
[9.134996919749061e-06, -2.0500503755370436e-05]
[7.747962530457037e-06, -1.577007280305744e-05]
[4.0256998750098916e-05, -1.6546925579173297e-05]
[9.065532849242969e-06, -2.5615686020644254e-05]
[-3.0165666170185387e-05, -5.3997745887439776e-05]
[-2.692566695038784e-05, -5.888531644446249e-07]
[-7.768286178412576e-06, -2.0044047853693542e-05]
[4.288435139637725e-06, -3.47519617620376e-05]
[-1.2745389105200955e-05, 2.241458390028067e-05]
[2.357152366963544e-05, -2.480850388901501e-05]
[-9.280728405669514e-06, -2.95232769452064e-05]
[3.586491349862053e-05, -5.8746568184220305e-06]
[-1.7446741414350875e-06, 7.199312077876829e-07]
[-2.7067140467212925e-05, 1.617084574362382e-05]
[8.774700201746866e-06, -3.7042016273192147e-06]
[3.186131440440637e-06, 9.864266529130417e-06]
[3.1247927755856386e-05, 1.4005255514398796e-05]
[1.3237963996118318e-05, -1.983852931122798e-05]
[-2.825819220029363e-05, -4.164270454834473e-05]
[-3.311082479259819e-05, -1.372026173565577e-05]
[4.529958560484104e-06, -2.3705755655328842e-05]
[-1.8272182800940784e-05, -1.5471809377859413e-05]
[7.898686961521628e-06, 2.392624897520207e-05]
[1.1925480285446266e-05, -3.057911107424288e-05]
[5.372586744219199e-06, -1.9170658986118055e-05]
[2.5269545140977137e-05, -1.642649626174301e-05]
[8.925305389928528e-06, -2.2760516615510278e-05]
[-1.206751212116941e-05, -3.481125831492418e-07]
[-2.4588337871229993e-06, -2.6405332311608097e-05]
[-7.154871927803064e-06, -1.2471696326406267e-05]
[1.6964676445421767e-05, -1.010421548790219e-05]
[1.1212972483937156e-05, -1.4379047216711571e-05]
[-2.3684062516973747e-05, -2.8215339888240654e-05]
[4.8251424763501305e-06, -1.867855453029088e-05]
[-2.0503272511282478e-05, -7.58304856639247e-06]
[7.455579608024732e-06, -7.587033813788446e-06]
[-1.3730678842235888e-05, 1.320667836968159e-05]
[7.798230391981367e-06, -2.5187638653972888e-05]
[1.1368187396493604e-05, -3.805508869497709e-06]
[-5.664650624959133e-07, 1.4182695222852981e-05]
[2.7871030342428715e-05, -3.2765563128811515e-06]
[5.051266749628303e-06, 1.738210094556769e-05]
[-4.710831066456755e-06, -6.659737283448708e-06]
[-1.8694227125568008e-05, -2.653018238754634e-05]
[7.83439244568529e-06, -3.0963639305187085e-05]
[-2.5617558453316924e-05, -1.2759359958106065e-05]
[1.0703635765718644e-05, -2.5761201918092502e-05]
[-1.8876473200091226e-06, -2.715029038261388e-05]
[-4.630284964633746e-06, 3.0694444754526123e-06]
[1.682984975298011e-05, -1.3119931979661218e-05]
[-1.4435481934355412e-05, -9.818494316309653e-06]
[2.1669428722864703e-05, -4.208063703046473e-05]
[-4.607903566836158e-07, -1.8090526881111776e-05]
[-1.4178835583855687e-05, 2.3811581620625244e-06]
[2.0109980335802913e-05, -2.2490542753113296e-05]
[1.7741263555193232e-05, 1.2109099560425607e-05]
[-5.818247031497137e-06, -7.319700309343924e-07]
[6.302759798237911e-07, -2.2764353922982705e-05]
[-2.0724052780612956e-05, -2.99277299912748e-05]
[-9.078465953091253e-06, 4.375001594364436e-06]
[-4.6525001244288045e-06, -7.5890956610369376e-06]
[2.510647520652387e-06, -2.876021465142431e-05]
[-5.90252564485437e-06, 1.7227873946895622e-05]
[-2.0586099885450126e-06, 2.0806774576331843e-06]
[1.6302760001189742e-05, -6.691558878363368e-06]
[2.4123077435919682e-05, -1.0032669172849173e-05]
[9.07461750047911e-06, 6.3562185568522e-06]
[-2.3186061088267818e-05, 4.593530626414988e-06]
[6.681414198253521e-06, -2.879202963922134e-05]
[-6.029040589369816e-06, -1.5819239375339245e-05]
[1.8358892775155455e-05, -1.620231639814715e-05]
[-2.0691790264076165e-05, -3.512344074098339e-05]
[-3.118611438569785e-06, -4.287097471597414e-05]
[2.1015189804081402e-06, 9.699186851727399e-06]
[-1.0597775365165513e-05, -4.534449906058204e-06]
[2.2855001733580738e-05, -4.590116540902772e-05]
[-3.0416029531750433e-05, 6.562450021896371e-06]
[-5.3864819484911175e-06, -2.203142814993786e-05]
[2.3008298225504764e-05, -3.002943963127669e-05]
[3.4711780409341086e-05, 2.8157803984157903e-06]
[1.0341738438071624e-05, 1.0469831609710711e-05]
[-4.672083107275238e-06, 2.3114761172865483e-05]
[-2.5361947334649748e-05, -1.7096106567943137e-05]
[1.0297761526140148e-07, -1.2319717214132053e-05]
[7.316624267969182e-06, 1.1253044621128971e-07]
[-2.157893421638954e-05, -3.4551956496708947e-05]
[-5.2727437988703274e-08, -3.333729323418133e-05]
[-3.0605490298346583e-06, 1.8533137606163708e-05]
[6.0528979826529605e-06, 2.6742264542800598e-06]
[9.928561430602723e-06, -1.9451856946933743e-05]
[-1.852206746261187e-05, 2.0680743455792072e-05]
[-1.795211690627796e-05, -2.1636915525230505e-05]
[3.458340946448091e-05, -2.467581730062479e-05]
[2.634093866545062e-05, -1.303292275907017e-05]
[2.2241084656857146e-05, -1.3297094629579134e-05]
[-1.588521318770771e-05, 3.968385293290355e-06]
[-2.0583585125705933e-05, -4.2336356623998584e-05]
[-1.2372266175217361e-05, -1.2278675975710418e-05]
[8.197506367428609e-06, 3.2875363636499302e-06]
[2.0875425477545617e-06, -4.129902530332352e-05]
[-2.153704952513602e-05, -2.4971937568230018e-05]
[2.265960848969739e-05, -1.4804699753581674e-05]
[-9.521939736106821e-06, -2.0650738296726368e-05]
[8.646231251033254e-06, -6.248091120278354e-06]
[-1.5736976253830082e-05, 1.3229740757111919e-05]
[-1.2326937261192272e-05, 4.671650105397829e-06]
[2.6549251430772747e-05, 7.288574106062429e-06]
[3.531703000202559e-05, 9.885146190768968e-07]
[1.0128529763331166e-05, -3.162949242713209e-06]
[-9.55245088451323e-06, -2.427054666825912e-06]
[-1.9941464970349432e-05, -4.4946878930890444e-05]
[-3.72337250819782e-05, -5.87029201748468e-07]
[2.2509589366434546e-05, 8.958376923703937e-06]
[-9.949405308795622e-06, -2.103915247730903e-05]
[-5.779821836318644e-06, 1.9964890321660933e-06]
[2.198617854766438e-05, -3.2389427396428e-05]
[-5.834019261991008e-07, -2.4891958674500003e-05]
[1.6161187233049157e-06, -1.1292876268716862e-05]
[-4.1417072236954455e-06, -1.397584683017223e-05]
[-1.6482747803367795e-05, -9.31453506116493e-06]
[2.393516864222789e-05, -5.324227479964897e-06]
[1.6317122059149314e-05, -6.401677998771338e-06]
[1.1152472258225965e-05, -1.7178806250062878e-05]
[1.1876479748235136e-05, -1.1181177199053038e-05]
[-2.8337952142451495e-05, -3.880202966606572e-05]
[-1.2015444824028942e-05, -9.725722278974835e-06]
[-9.569957388433359e-06, -2.4782235642090145e-06]
[4.324983402803628e-07, -1.6922620946768774e-05]
[-1.1964684250985458e-05, 7.522932711223618e-06]
[1.7126017082737255e-05, -2.4784190003374063e-05]
[7.686638791994799e-06, -4.242858677949712e-06]
[8.830399637033137e-06, 2.1206507749199632e-05]
[-1.2378487394826276e-08, 3.199559700933774e-06]
[1.1958114953317112e-06, -5.518159156031599e-06]
[7.07197194037279e-06, -1.065617363210647e-06]
[-2.2802139328953475e-05, -8.610124169694533e-06]
[2.5249674891689167e-05, -3.0749430834628444e-05]
[-1.0224482124482348e-05, -4.65878653430063e-06]
[5.761684532937239e-06, -1.722264311914551e-05]
[-8.3186036171079e-06, -1.2985794873934114e-05]
[-1.4437021283064677e-05, -7.1653161799675735e-06]
[8.13991853956808e-06, -2.8420030182233803e-05]
[-1.1797493398871262e-05, -9.745675331341436e-06]
[5.3280050821072344e-06, -4.5514752899487084e-05]
[1.2019948633111566e-05, -1.83476727691023e-05]
[2.919134658455058e-06, 1.927844164646003e-05]
[9.761476728376017e-06, -5.899829254786548e-06]
[2.9488195898513814e-05, -9.06288727890725e-06]
[-1.539358497304466e-05, -2.3769835360704095e-06]
[-1.552351793876472e-05, -9.572381843805933e-06]
[-3.95410560767584e-06, -3.946173904943728e-05]
[-1.680215345065128e-06, -4.160483549814353e-06]
[2.783090816881051e-06, 4.920532647167963e-07]
[-7.3964552805925315e-06, -1.0554443255927914e-05]
[-1.3900432484862876e-05, -5.71789380648946e-07]
[1.2596397440306495e-05, -7.891497355305699e-07]
[2.108005218812159e-06, 8.522265889709946e-06]
[8.095716428277444e-06, -2.4518680206878085e-05]
[3.990628261632545e-06, -6.506425973690222e-07]
[-1.560760789030835e-05, 1.137725487758423e-05]
[2.4245225351382516e-05, -1.5406863879699473e-05]
[7.882950944074207e-06, -1.8424722314246134e-05]
[1.1061355574298881e-05, -1.1773030398322393e-05]
[-2.9007255362346884e-05, -3.7566238490251147e-06]
[-2.262380646218809e-06, -4.144738632686808e-05]
[9.306620686651106e-06, -1.2612611661084582e-05]
[-9.215807868174618e-06, 2.3158772468365e-06]
[-6.35922520306198e-06, -4.56522396748045e-05]
[-1.9123227395952125e-05, -2.646986576100574e-05]
[1.0862727334748357e-05, -8.599433598849293e-06]
[2.0077817798433428e-05, -4.89156572550109e-06]
[2.6741732452317812e-05, -1.715899585252867e-06]
[-1.6579445925105074e-05, 1.0702524908340338e-05]
[1.7981355201895921e-06, 1.0648260951623412e-05]
[-1.1208305514265327e-06, -1.1861154466302759e-05]
[9.625787552119958e-06, -2.394286917678512e-05]
[9.679612011290889e-06, -1.1927710215714482e-05]
[-2.9531409555492993e-05, 5.441615280654677e-06]
[-5.525238764136214e-07, -3.1086707017624615e-05]
[8.538681575909202e-06, 1.0969729448639942e-05]
[-7.844550602674472e-06, 2.4763350682355245e-05]
[-1.1741257944258843e-05, -3.674825520207092e-05]
[-1.482860522381002e-05, -1.1396976891175914e-05]
[6.540039188124291e-07, -1.6976059127815635e-05]
[4.1584684000978145e-05, -1.295223810710705e-05]
[1.3714597018973929e-05, -2.126719165877755e-07]
[-3.467250607187833e-06, -6.348536834767382e-06]
[-1.4805612661913936e-05, 5.687550051440907e-06]
[5.6819712946007406e-06, -1.7867867573803566e-05]
[3.6316819402894274e-06, -2.7513242409977785e-05]
[7.323325646624301e-06, -1.2026066131418968e-05]
[-5.673345295498233e-06, -2.3321541032038373e-05]
[-1.7489723624614095e-05, -4.4910660467013114e-05]
[1.3136494288551459e-05, -5.594874458732246e-06]
[-1.4398317998084997e-05, 2.7782759341801744e-06]
[-9.019742162552635e-06, -1.8893247036910754e-05]
[-1.6099870165597885e-05, 6.771207557168535e-06]
[1.920332001743158e-05, -7.365892985278233e-06]
[2.717131325433164e-05, 4.429007814499286e-06]
[2.9328458752208436e-05, 3.4543376657703018e-06]
[-1.4765946009482472e-05, -1.5079869933154466e-05]
[-2.3673992020877e-05, 8.403596637646116e-06]
[1.0227546197907889e-05, -1.656451060477737e-05]
[-2.192946854744776e-05, 1.4310429903297006e-06]
[2.0319450859528077e-05, 1.2143667000544256e-05]
[3.832342015355761e-06, -2.1737205947086613e-05]
[-1.3424732450181831e-05, -2.3497598644964257e-05]
[7.131958532760607e-06, -2.064122990457634e-05]
[-7.804873245920163e-06, -1.8442267192303463e-05]
[-2.2520601781456095e-05, -1.6750400110938576e-05]
[2.229526034208673e-06, 4.7379495127578e-07]
[4.8842173972600544e-06, -1.526158277097029e-05]
[3.2209686507094284e-05, 2.0897191080858357e-07]
[2.8808011807206213e-05, -3.382312669882731e-06]
[-1.2599069913896144e-05, -2.9235479317603688e-05]
[-3.178734771069891e-06, -9.382592262019429e-06]
[-9.5146268601215e-06, -2.9560501138302386e-05]
[-2.162642180635055e-05, -2.5668347042040462e-06]
[2.6627337275236806e-06, 9.53737975095681e-07]
[1.3952890181939681e-05, -2.384284120483804e-05]
[-1.2175272530820513e-05, -5.688504908216152e-06]
[1.5438159286923492e-05, -9.711083429453371e-06]
[-1.2203014421507952e-05, -8.199933374031243e-06]
[2.3743625159823763e-06, 5.648136910230139e-06]
[-7.033391162199025e-06, 1.467240780048118e-05]
[-2.2102954190875157e-06, -1.632147690347474e-05]
[2.448071245926553e-05, -1.6449731299883474e-06]
[-5.413485620608949e-06, 7.687244513818192e-06]
[1.9123215665176052e-05, -2.3816284992150827e-05]
[-3.47096283408177e-06, 5.656020447969423e-07]
[-1.6770627234014013e-06, -1.260160564156565e-05]
[-2.265941796542742e-05, -6.466266895731321e-06]
[-8.30717455017893e-06, -1.2590732274365968e-05]
[5.004276677076508e-06, -4.351279974915091e-05]
[2.2632204620468e-06, -1.4199687696582735e-05]
[-4.154932745092238e-06, -2.1053775432309553e-05]
[4.537366469133455e-06, -1.8600098954307332e-05]
[2.09090979043855e-05, 1.0847938711575078e-05]
[-6.922195603574488e-06, 1.2843647175634493e-05]
[1.6057408213004942e-05, -2.720941347127137e-05]
[-8.395966630436735e-06, -1.6090133856117017e-05]
[-1.0772379752679861e-05, -6.611728629452029e-07]
[1.4846156911260677e-05, -3.1581994021992466e-05]
[5.362301604416864e-06, 9.030913480922997e-08]
[-5.5841944178666725e-06, -2.0520945784308076e-07]
[-1.2760262301039077e-05, 5.576923865879824e-06]
[-1.9033332668814268e-05, -5.828153217868337e-06]
[1.6521522097762836e-05, -2.3346114658179262e-05]
[-4.434015550731918e-07, 8.13083134224013e-06]
[-1.1860354794217265e-05, -1.657840367097485e-05]
[6.690145886001364e-06, -1.1575662218682448e-05]
[8.369586703985132e-06, 1.2949708414075611e-05]
[2.1390439562896102e-05, 9.582507246488903e-06]
[9.54361590504993e-07, -1.6416713712406883e-05]
[-3.137496275423812e-07, -1.5845512177280197e-05]
[-1.9657035931888722e-05, 2.63413967719478e-06]
[1.4029301181835152e-05, -2.8773578269632866e-05]
[5.264724386203415e-06, -2.4810290624791703e-05]
[-9.568068885617426e-06, -1.2058728358144751e-05]
[-2.097956670450013e-05, -2.1809734920053437e-05]
[-8.526545324353402e-06, -3.134774342621093e-05]
[2.1323857095773002e-05, -1.2347805994111088e-05]
[2.918172658350482e-06, 1.2063396043711372e-05]
[8.919153735714724e-06, -1.1793814479077458e-05]
[-2.048453447185683e-05, -5.109025718624816e-06]
[2.0399591663736172e-05, -2.8995252307900676e-06]
[1.5061427167575858e-05, -3.5602350001440186e-06]
[-2.1895565020108032e-07, -1.166229065818758e-05]
[-3.3032514368258603e-07, -1.787123651025846e-05]
[-1.58867367483417e-05, 2.445540939208235e-05]
[6.958689848375957e-06, -7.168227841608532e-06]
[9.476609884005727e-06, -1.0927890319062383e-05]
[-1.959556378472449e-05, 9.371713084072031e-06]
[-2.2981848358222257e-05, -3.11047509271023e-05]
[1.7462058922029788e-06, -2.966918008610875e-05]
[7.5886094572097385e-06, -5.114506055906021e-06]
[2.4082939517972024e-05, 7.41866657774648e-06]
[-2.7843044168585074e-06, -1.8269369496393129e-07]
[-1.1506251495541076e-05, -1.6610965744498496e-06]
[6.346289001833705e-06, -8.783310668994924e-06]
[2.3925766864316134e-05, -8.655820442285932e-06]
[7.122868361537221e-08, -2.4720088234970322e-05]
[-9.17951466377926e-07, -3.195394157499412e-05]
[-7.99578042239013e-06, 5.07281490095407e-07]
[-2.254767345125086e-06, -2.7597282698563208e-05]
[2.805537228964261e-06, -1.1278533150464731e-05]
[-2.291433111062391e-05, 6.950046992811043e-06]
[-5.383836865199831e-06, -2.959999985321926e-05]
[-5.991246419603802e-06, -1.1352105606571294e-05]
[2.9718045288402994e-05, -6.626696260156328e-06]
[6.495909615045203e-06, 1.1219927358585569e-06]
[6.601594697262098e-06, 3.4667879957039904e-06]
[-1.6620216966731216e-05, -7.168712469002303e-06]
[-1.3019539595163221e-05, 8.099626745527999e-06]
[3.118015757354667e-05, 5.175830261355818e-06]
[-2.2354316816033948e-06, -7.346407081831874e-07]
[3.661291557530144e-06, -6.035349705418858e-06]
[4.574702464274494e-06, -1.0313607749001807e-05]
[-8.620347614410329e-06, -2.9067449150224633e-05]
[-1.9447022526056235e-05, -1.2330461773908674e-05]
[-8.057025237859228e-06, -5.0239638254012675e-06]
[-1.8629224374351605e-05, -2.5074356289483957e-05]
[1.5069315203265765e-05, 3.3405976030895235e-06]
[2.373785765740974e-05, -1.238971224062262e-05]
[9.703852984342676e-06, -7.789491586328735e-06]
[1.8571235404832992e-05, -8.867612153364967e-06]
[-1.8519521213049978e-05, -2.6568894040109774e-05]
[-1.8058753982995446e-05, -6.559828548573232e-06]
[1.7557630232548083e-05, -1.3665602869267907e-05]
[-6.0451907057945675e-06, -1.4892275233269192e-06]
[3.145343731886241e-06, -4.2541866492884495e-06]
