[506.51849399643356, -30.06885350226009]
[3.527791778888485, -9.746244977644029]
[-5.583718933941142, 0.7454799426124179]
[-9.820696529264282, -12.279790445039815]
[-0.06789290417136584, -0.43364130392891553]
[-12.489445381495777, -1.6965896508079368]
[-2.890406454500024, 5.119192451809781]
[-3.1556254661671623, 2.7400934434584805]
[7.216954025870978, -3.731498424817218]
[0.6512418574576913, -0.9078432630204283]
[-1.0755033448330642, -1.9229160967053112]
[-0.682343488840317, -1.0976473612554436]
[-2.1374173234859244, -2.475286553003439]
[-0.3536238917688097, -0.1698979800516156]
[0.5991453542126397, 1.917623074826171]
[-0.04637350561058717, -0.6175079866522388]
[-0.1690981656635575, -1.290245737079724]
[1.1371979766593032, 0.27129595542958684]
[-0.025207774974420616, 1.3757570165582473]
[0.6553593448651993, 0.1450647268864338]
[1.2377249670871802, -0.157596967011276]
[0.23314908836700732, -0.5986246134631329]
[-0.28402943832002614, -0.7024185751854793]
[0.14701345283278666, -0.054674988683877546]
[-0.5030850878338313, 0.1627788623750417]
[-0.3014842867340697, -0.4996458656754923]
[-0.41999617988552007, 0.008708944084621528]
[0.3473740861216559, -0.08793205440101204]
[0.2950562776103762, 0.18293364100442577]
[-0.4586383630162816, 0.1435715407475584]
[0.18863693584528418, -0.32526906736977956]
[0.24824694747989184, -0.4132367195321134]
[0.02311630877454146, -0.1911231416654786]
[-0.05015360269349989, 0.34850810859001236]
[0.2115803492721784, 0.19541382515541628]
[0.15891953237195455, -0.2059474866629003]
[0.09891920318363656, -0.05823661776415001]
[0.3145861134816976, 0.11631579438788364]
[0.1914337923478815, -0.2131984773210993]
[-0.12827216713766454, -0.10110677598910711]
[-0.2953980452219489, 0.2816416948001539]
[0.25679731798597705, -0.19713366261791904]
[0.23197274408031854, -0.25715467833013606]
[-0.14050905214423404, 0.012727114228384573]
[-0.24788340584981072, 0.10177658093338401]
[0.07051453202525204, -0.10339765809612356]
[0.0567478142194866, -0.21062445345309322]
[-0.05853153170308811, 0.1234862071603593]
[-0.11124670429524341, 0.0657181808988776]
[-0.1581008180887018, -0.13843298557244932]
[0.20757607193675254, -0.01741532688924874]
[0.18014813702659804, -0.003189556519094694]
[-0.05592309936217865, 0.025413548157929178]
[-0.0065305044979171445, 0.04901184003720349]
[0.24427403347345078, 0.02142719318708597]
[0.1122838145331746, -0.05697650124239928]
[-0.05126032811041692, -0.08292523584294109]
[0.027496736423605395, -0.008326183510417806]
[-0.013094028168628924, 0.04051216767162824]
[0.0747855327556004, -0.09620535902717897]
[0.019242535949168804, -0.029345890168653188]
[-0.034544390957309545, -0.0005216285945410792]
[-0.029179385027397142, -0.034784721711019984]
[0.02794759306183031, -0.00572198305238332]
[-0.06711376446662953, -0.08338916250669436]
[-0.052982448294085494, -0.012529123320898727]
[0.05215350116510731, 0.004947357617344439]
[-0.026908427820431458, 0.019315667973887507]
[-0.03932759706386024, -7.038619317067951e-05]
[0.040547855003268296, -0.03345793452799284]
[0.09172189561858213, -0.00935193491038655]
[0.0010018899807997528, 0.03549911522900917]
[0.02541351746116005, 0.05084416644147094]
[0.03707301971245691, -0.029646473260128037]
[-0.01283151453311715, -0.03642799142262998]
[0.03737270694468009, -0.05521099055341594]
[0.0749009688872625, 0.07453437431933896]
[0.0362786876020873, -0.03767328414586846]
[-0.0168494099703691, -0.08684451678295968]
[0.024564949198421226, 0.009049752116014886]
[-0.014904493410613728, -0.007934001401308066]
[-0.02825568994722749, -0.017611302395925454]
[-0.02753059570315708, -0.06393016553378117]
[-0.0027552038283160663, 0.016634644679982546]
[-0.000840388712795459, 0.0352281139212417]
[-0.025338168215203932, -0.01670660900234348]
[0.03425090400118502, -0.06864402167782749]
[0.045772137916089584, 0.012030922124760035]
[-0.008377075792315614, 0.041588203179674765]
[-0.032707291947349226, 0.029567833280356504]
[0.0304449857534268, -0.002197938054208093]
[0.03489955412995038, -0.03862422460012915]
[-0.005243143873022493, 0.01419439487975005]
[0.015785731785342483, -0.02890352017426867]
[0.02783184635738789, 0.026878927222653726]
[0.019137085838019874, -0.016728795074267833]
[0.006063862483746296, -0.01085807504297387]
[0.018317473445417093, -0.021781847108851782]
[-0.001365692423993592, -0.05458655494566411]
[-0.028102709029028783, -0.004267242051866127]
[-0.01740772072799368, 0.030909130862174283]
[0.03439158269838516, -0.0017483080808309293]
[0.02697888725517905, -0.07649248820808063]
[-0.031521133043723504, 0.01203242841844876]
[-0.007096760529285984, 0.020340884999298647]
[0.02878145281607214, 0.002786201763669671]
[0.007486674634545221, -0.023919994265493738]
[-0.014633966560641892, 0.029007201169440517]
[-0.0015877504312199475, 0.023431209864430917]
[0.007709324247936689, -0.04246064506829178]
[0.017155409332407112, 0.018581823650023532]
[0.031437715365006724, 0.0017020789044221996]
[0.006257662500217309, -0.007354881918824607]
[-0.0036594427374199157, -0.022137617419649258]
[-0.005819273258891977, 0.006932789849237064]
[0.005073094671490086, -0.009687101828607325]
[0.005206817296896649, -0.017210132832765623]
[-0.010095043371000534, -0.015495473043405372]
[-0.012620583105308919, 0.0022378332998282957]
[0.012138822204535632, -0.002735640707731246]
[0.04188605269579959, -0.02815563914405672]
[0.003597786603031339, 0.0031500509719113445]
[-0.022376258899171164, -0.02391088837562716]
[-0.0012547408100964663, 0.02130007185595484]
[0.017987605790461325, 0.01532693939316121]
[0.009735078925456109, -0.008645258417069535]
[0.0003791778207475893, -0.015922428960152946]
[-0.0008795152175538057, 0.006055305934846683]
[0.0019685759172941575, 0.027130798788528088]
[0.02287868049834549, -0.02161773451058439]
[-0.0007236086991292134, -0.015169529429743013]
[-0.005214023583787641, 0.0025936693975476266]
[0.0032038716415034862, 0.020345896388077322]
[-0.006114395367492476, -0.02155386660430414]
[-0.01089339893784369, -0.020974147017872036]
[0.009927795130246553, -0.012144322926338713]
[0.015083476711479804, 0.008275112132702489]
[-0.005312846266977145, 0.012338004591472274]
[0.0012964121000909046, -0.02855651719704011]
[0.0007488906396184158, -0.014631887139859856]
[0.008256698689651162, -0.002725432310400233]
[0.008462448393469851, 0.021052839842529814]
[0.001664627131222507, 0.001482614257126702]
[-0.00424387317763697, -0.011126333099847896]
[0.01630603796321939, -0.002357035293415466]
[0.02332159228766928, 0.0020366473796655793]
[-0.005235232842612625, 4.4609595448941164e-05]
[-0.002412653264894371, -0.0015648521371605106]
[-0.001473393129453271, 0.0020043186559359216]
[0.009838339315943079, -0.01117771348074989]
[-0.0028964704069361913, 0.0021655332981835307]
[-0.016225305636770215, -0.005122132333216484]
[-0.003478180659193447, -0.000419354043141168]
[0.01573280635949348, -0.01466377512895728]
[0.004962343596735197, -0.008823052677203458]
[-0.013537603840584111, 0.009253197282744985]
[0.0054466875926262315, -0.008862518264740826]
[0.009426731472349514, -0.006464035954782288]
[0.00039102872189611393, -0.006884056161982954]
[-0.0064140163007728734, 0.008343278386871544]
[0.011799738071143484, 0.003971833567202543]
[0.01292533900086712, -0.004954187846127223]
[0.004063998045442191, -0.00408440421661771]
[0.0015310576087316785, 0.0032427930085605627]
[0.0007858392756727728, 0.0018917652042071964]
[0.011249175191564542, -0.009313001620493866]
[-0.0017800270308152566, 0.006086497586846207]
[0.000640636170237574, -0.00366604256531311]
[0.006694551890450429, -0.007295781958214342]
[-0.004109230396385888, -0.00750130000171817]
[-0.01487004591831076, 0.002308203649492524]
[0.010271781522044166, -0.005659790617090252]
[0.013675853923974524, -0.013219965881393209]
[-0.0145536451092671, 0.008728102733700305]
[-0.00994550702084561, 0.000688849866449126]
[0.0065394865586059225, -0.010710524129769222]
[0.01273883016582833, -0.009437097174254172]
[0.002281985563705846, 0.01123342110371861]
[0.0008776620220013465, 0.004513647150405586]
[-0.003720347057845297, -0.004951883008403435]
[0.00846228197446186, -0.0003740013616000404]
[0.01758795738588559, 0.000618847103356801]
[-0.0039044651712667466, -0.004117295564813883]
[-0.006747772117700834, -0.004837162043267895]
[0.0036335079541905124, 0.013707283484276855]
[0.009150170298584226, -0.006077127277918315]
[0.00026477959978810084, -0.011034962651417013]
[-0.003461969798008613, -0.00796788629574019]
[-0.003913158313043286, 0.0023238200052571045]
[0.003132045826765073, -0.0007273718752357494]
[0.005499793947815079, -0.005843144727676108]
[-0.0013951670453705711, -0.0015767353353665081]
[-0.0013472958240223765, -0.011040194777951762]
[0.0008861429986081193, 0.00622407399501608]
[0.003881710805755445, 0.0005510169597675446]
[-0.0012711169914157439, -0.0054854633368128965]
[0.004768123788392309, -0.003815702412227333]
[0.006355468944560072, 0.013120661189838234]
[-0.0028805960999903624, 0.003516748421536986]
[-0.0022560361990006106, -0.014381816421763283]
[0.007619511227625164, 0.0008056040364046169]
[0.011038186819322005, 0.004426043207796493]
[-0.004699813777275463, 0.005497823648189515]
[-0.005770445729160412, -0.006470207867075306]
[0.0024239983730787173, -0.005087721591525485]
[0.004214954120355302, -0.011642168167699474]
[-0.0004997745691441846, 0.002706129149472103]
[-0.0011105214407637898, 0.006261480060240743]
[-0.0018247987825219525, -0.005346385468435244]
[-9.261564679319267e-05, -0.008968142332607565]
[0.010994074633948192, -0.007868352863552253]
[0.0025539714317524, 0.005199842363718288]
[-0.005858752909377429, -0.0029829168041286547]
[5.929860988629354e-05, 0.0034832441889626198]
[0.009066751281861296, -3.155181712261035e-06]
[0.004858976129499926, -0.0019615165131356416]
[-0.00021384452632328133, -0.0052128084695748115]
[0.0012872342861302566, 0.004692074724399274]
[-0.0034510747445032908, 0.007618807148825069]
[0.004131685464127233, -0.00583130801580517]
[0.003017414601364843, -0.002574199092637508]
[-0.0037065367357452805, -0.001307722559527713]
[-0.004543724660997284, 0.004578369487917011]
[0.0013543833720769394, -0.01132361206199084]
[0.0026663956954907087, -0.0007776268145707199]
[0.0007688372278843447, 0.0038140889558160307]
[0.0009127181900629167, -0.004079777061071432]
[-0.0002889578575932597, -0.007429127208747444]
[0.005343013671241681, -0.005714687276748176]
[-0.0010996967377654432, 0.006490501198440191]
[-0.0013164469830470038, -0.001136465688150956]
[0.0056086216718130855, -0.004688341783778527]
[0.008248803829111306, -0.0030473216248592117]
[0.0007131310042883809, 0.005993086170787754]
[0.0004877637063563922, -0.000455864420319807]
[0.005408279080075462, -0.0018780084387742813]
[-0.0025159294698389734, -0.0010196378496423325]
[0.0031491418552761913, 0.0008304073992631573]
[0.0012034698995966459, 0.00028245496758892816]
[-0.005507631495404008, -0.003379555567866052]
[-0.006221529515581747, 0.0049034600633015984]
[0.003663138226650653, -0.00586417195100547]
[0.003341923967288385, -0.004638498598085794]
[-0.0025893106179960546, -0.0002772973078413177]
[-0.001832702668793429, 0.0026632538263511307]
[-0.0030988757003695966, -0.0017525606681945138]
[0.005215063006730247, -0.006647877758051424]
[0.003792535174293732, -0.0034515458483561634]
[0.0005054698220296333, 0.0007425046545426195]
[-3.965687217860614e-06, 0.003504095505711069]
[0.00941880327349981, -0.0010166579754466998]
[0.005985754960013856, -0.002343068377596458]
[-0.0014669235408738546, -0.0060542465789481525]
[0.0029830031821733716, 0.005342291437253177]
[-0.0010173916580991094, 0.003593238848437763]
[0.000677883235213117, -0.005060290337682738]
[0.0013827963711459113, -0.0005324424827093388]
[0.0010525817776914637, -0.0006371150861684549]
[-0.003964035043231395, -0.0006303329421547821]
[0.000823763309842962, -0.0030053925409670966]
[-0.00042298483500859824, 3.270485287292977e-06]
[-0.003157849105341337, -0.00047183537767320205]
[0.00019618129208459623, -0.0030108415760770058]
[-0.0016887887470931062, 0.0009358055515511499]
[-0.0025248345566674657, -0.00026863197230420077]
[-0.0019737518885417638, -0.006725307618895338]
[0.009471436492576868, 0.0008399442626855214]
[0.005925978246501762, 0.004535185263349728]
[-1.573894555922939e-05, -0.0027875830596306717]
[-0.0011180414526872073, -0.0017872966249594668]
[0.005396637033578823, -0.0006778971787193555]
[0.007229122344816458, -0.0002943694152166554]
[-0.0019465452315509113, -0.0006792701745115259]
[-0.000717070631458816, 0.0007286650881276335]
[0.00015489699992854433, 0.001445271068538534]
[0.0032008346187532566, -0.005697188425367705]
[0.0016617833567087459, -0.002591957341191331]
[-0.00013225795505061866, 0.002989659858749605]
[-0.007530315269055787, -0.0020716339354208135]
[-0.0026070852412720114, -0.002825674341268611]
[0.0045677238358710626, 0.0014113724658753948]
[-0.0022917899787237295, 0.00029399130513589394]
[-0.003532568242303094, -0.005050706543671677]
[0.0013179279794107712, -0.0026845846933935963]
[0.006239800079764046, 0.0043503022525475665]
[0.00029572258813614916, 0.002353491006332087]
[0.00216563048519014, -0.005761822310408893]
[0.002019872898409991, 0.00027907075018740457]
[-0.000639290465430209, 0.0035646156903230697]
[0.001082104507345083, -0.0031796492119028352]
[0.004133619511927034, 0.00012192442437919393]
[0.004851822093806801, -0.00032171778315692734]
[-0.0003562376310233123, 0.00027221656063192157]
[0.00028463856428442846, -0.0034610320418002605]
[0.0005297574883952327, -0.003920739391657602]
[0.002006936246025992, 0.0011890883931857665]
[-0.004353849548564437, 0.0008602281594386474]
[-0.003659523319053337, -0.0007831621642637732]
[0.001643329892449641, -0.003395502075350998]
[-0.00033314094627751034, -0.0017508568561541704]
[-0.0010582705205217646, 0.0002460796439042179]
[0.001143739613586936, 0.00042389125365220603]
[0.004093704938624598, -0.0022851666486623685]
[-0.0009862109614509895, 0.0018008541550705425]
[0.00024860026352946374, 0.0003600746655921215]
[0.0018338311035082655, -0.0006556070632773581]
[0.001374868078124869, 2.2559948493511284e-05]
[0.001315020284346713, -0.0019218243618458475]
[0.0023547419227050725, 0.002293957511151523]
[0.0034915081702630024, -0.0006539419040523242]
[-0.0005533756237318666, -0.0011691237673863153]
[0.0003432605948760492, -0.002265268132483733]
[0.0010621374567395536, -0.0015741763649697038]
[-0.00020658626156808135, -0.001606827578342629]
[-0.004228662440999398, 0.0008777987283015154]
[-4.872910967679278e-05, 0.0006084771780964227]
[0.003832894355286276, -0.002853722192172614]
[-0.0011398198990025254, -0.0038018200735725483]
[-0.0010002662022929876, -0.0024275822595650753]
[0.0020350437180676195, 0.004661808470304285]
[0.0014266623540619694, -0.00040682897226740344]
[-0.0018819795795347871, -0.0015650332041981796]
[0.0016065819466763442, -0.0013809010922204712]
[0.001659745706497906, 0.001254441118220189]
[0.0006808773746259655, 0.002285047835972569]
[0.001675295573570157, -0.00255267841324933]
[0.0014068626658802902, 0.00017975298508358245]
[0.003494742952896368, 0.00026317397211925164]
[0.0016849759537218567, -0.00121911423086285]
[-0.001688341501139723, -0.0019107116635971866]
[-0.0044154176474131, 0.00024402837161485724]
[0.0012033067016480326, -0.0017436853315991874]
[0.0027550073298130973, 0.0006723639847218132]
[-0.0010407338833848812, -0.00016295051094050717]
[-0.00214671713580869, -0.003943434392996381]
[-0.000951027321002277, -0.00267324487787568]
[0.0033751004941524054, 0.001340960667297053]
[0.0023974329075969747, 0.003304927083278897]
[-0.001315071145946034, -0.004655856932190283]
[-0.0025210546583563365, -0.0017367360577670299]
[0.004313185122401142, 0.00334650109904433]
[0.003242676901498931, 0.0007663504606598148]
[-0.0008235911118337769, -0.002642726955732866]
[0.001986503019051511, 6.96739456594736e-05]
[0.001331891281288522, 0.0014912583758290437]
[0.0006371236441100533, -0.0018605960021364975]
[0.00080071691299341, -0.00015795990231706053]
[0.0006165953205527208, 0.0002718266826270063]
[-0.003624662268207124, -0.0010017675592267142]
[4.789639726654471e-05, -0.0033772198434006973]
[0.0023899099062089646, 0.0014314826605013875]
[-0.0009046327103826024, 0.0007398132947379898]
[-0.0010912589313143983, -0.0037511870385352752]
[0.00011327379590025943, -0.0005901187793535545]
[-0.00037694540414850985, 1.3322721286179728e-06]
[-0.0010634682766957892, -0.0003941469810450071]
[0.0031926585484913506, -0.0008545698562176796]
[0.0010391198498751752, 0.0010229976769910998]
[-0.00015941530840293816, 0.0005856919971841679]
[-0.00013100611624794478, -0.0013678167731432378]
[0.0034283058516694775, -0.0007890922477507001]
[0.005229959546982577, -0.0004477607173685172]
[-0.0008091134494176977, 0.00046534775288997743]
[-0.002017503385030872, 0.000912008050548474]
[0.0014020351547808785, -0.0005500724287693104]
[0.0031114843423154515, -0.0034113436239911338]
[-0.0029422206558876174, -0.0006473473299048876]
[-0.000907921094689134, 0.0010277397813256046]
[0.0018324072414069859, -8.268899307448693e-05]
[-0.001554247485423793, -0.0012091885555037124]
[-0.002863231978651265, -0.0018753547515217572]
[0.0015218492739192402, -0.0002455561949630536]
[0.002282996188581188, -0.0014197072882910777]
[-0.00311616585834823, 0.0005123705336533835]
[-7.449975015583199e-05, 0.0016113330604118348]
[0.0024126558012466104, -0.0002212260279044198]
[0.002490092313879144, -0.0024680248490436263]
[-0.00039787212260594673, -0.00022414307694074154]
[0.00027545674675143184, 0.002345802882799619]
[0.0022990884031226927, -0.0009798336576856137]
[0.0018113260087625482, -0.0003281424922900733]
[0.0014975800058077415, -0.0003327288970255138]
[-0.00014713472981164877, -0.0005496534363618188]
[0.0004349103029400725, -0.0028730854220881397]
[0.0002584953040608018, -7.232888353803091e-05]
[0.0014560537931437856, 0.001347715021115331]
[-0.0014302439394630606, -0.0015786673001987883]
[-0.001563097848232664, -0.0016234654789536174]
[0.0005844748243747921, -0.001766102036510897]
[0.0005557349861878419, 0.0013973845365629013]
[-0.0013890706426069634, -0.0008104736231107119]
[-0.0017395937360466518, -0.0006898171058680319]
[0.0019143550723501046, 0.00012447884931043873]
[0.0010456345966659009, 0.0016959529839168375]
[0.00039644604239380543, -0.0004733348704007434]
[-0.0010517271003233075, -0.0024118958091265963]
[0.0012131199398002779, 0.0014135999193872206]
[0.003636569007128776, 0.0009956523082350621]
[0.0011595093628928854, 0.0005146423752968587]
[-0.0008159869492880001, -0.001976473426805847]
[0.00045500367188947705, -0.0010749157457333736]
[0.001788315705740104, -0.0018802033790997763]
[-0.00030656458082120586, 0.0014153769478165712]
[0.0006748260440349041, 0.00037498876156583094]
[-0.00022617215016462744, -0.003069361092289724]
[-0.0010148728953823238, -0.0017721669521002514]
[0.0007703114336915506, 0.0003545532241342464]
[0.0015184181609210201, 0.0011958051145386506]
[-0.0010218824999120857, -0.0038185689223614594]
[-0.001388824654710838, 0.001029744870709469]
[0.0011082680173127857, 0.0016282694444156205]
[-0.0002061994484093832, -0.00013538789076179142]
[0.0003155003581441357, -0.0018438384464076179]
[0.0008597673824293772, 0.0006271151615065557]
[-0.00016541013786580683, 0.0025207149881472796]
[0.0002800291166014657, -0.0013458103350229567]
[0.0024018568878567126, -0.00011251421647767712]
[0.001473360543632063, -0.0005951437265233062]
[-0.0013582035987669827, 8.508810514751275e-05]
[-0.00024183573333935726, -0.002104670134299269]
[0.0010568196323957335, 0.0009434870754722047]
[0.0009902888380151353, -0.0009792925261560281]
[0.00014284028562422044, -0.0015741662999599892]
[0.0005851028592694929, -0.00043401306589252453]
[6.828157387375744e-05, -0.0018635970268495727]
[-0.0011192232092471222, 0.0003632295636017968]
[0.00023341024664497168, -0.0007025726486691308]
[0.0019609796357955567, 0.00026753244987448577]
[0.0004169497610565509, -0.0018579683051259122]
[-0.002673276297201932, 0.0014855908288964326]
[0.0008744332783588438, 0.0013892512126929546]
[0.003469586345759293, -0.0017044934626931976]
[0.00012291223898780457, -0.0016338742782667781]
[-0.0008469105295998841, 0.0028518687093193086]
[9.018261950437256e-05, 0.0022883448959152737]
[0.000129446931849575, -0.003546727422712892]
[2.779964959950809e-05, -0.0007519646528665047]
[0.0009175820796432643, -8.148319936235326e-05]
[-0.0004754379537833531, 0.0016232845024855003]
[-0.000552170581737732, -0.0020998129638536978]
[0.0013586952633028448, -0.0007969229256103993]
[0.0012077978321064498, -0.0003860191293275639]
[8.538262256010953e-05, -0.0025469134853390862]
[-0.000804036906711221, 0.00029290322557851134]
[-0.0005735543827631306, 0.0002808168888089879]
[0.0007325940581912604, 6.28047870279147e-05]
[0.0024832427214184216, -0.0018738069372249422]
[-0.00020867074608571512, 0.00032694548406481116]
[-0.0008551238348059598, 0.0002001473075193827]
[0.0014857773936378105, 0.0007994634755428276]
[0.0013599995710227297, -0.0002689480956857837]
[0.0006400710536396959, -4.225161422524715e-05]
[-0.0006514454720744633, -3.8944521659839415e-05]
[-0.0007946884301304885, -0.0005786523360309902]
[-0.0001632139234549329, 0.0015599336628391589]
[0.0017095458041970213, -0.0017760920343196096]
[-6.938378750051544e-05, -0.0007678419093287495]
[-0.0011580169288458175, -0.0005298459031739672]
[0.0006136319851194061, 0.0004578683761929103]
[0.0007029873469968084, -0.00022430758766511794]
[-0.0011670152100767273, -0.0021615440070212877]
[-0.001310259901606381, -0.000996669881692891]
[0.0016900166813765827, 0.0007898756708625276]
[0.0014017341679746498, 0.00020344080768364137]
[0.0007924062433175838, -0.001621098717361158]
[-0.0004889829081522537, 0.0003066045937617501]
[0.001142661647817081, -0.0002844927009232334]
[0.002417400986704621, 0.0004689054385570435]
[-0.0002748436882728522, -0.000762399780633749]
[-0.0009331800708194393, 0.0006431896192630737]
[0.00022355262671414078, 0.0012242573068358964]
[0.0009384459671822332, -0.0015190465596502944]
[-0.00018804630996938076, -0.0001739273337022229]
[0.0008403789115537519, -0.001011519954617679]
[8.717392642854094e-06, 9.179385659405237e-05]
[-0.0004889596056022044, 0.00014858438106392716]
[-0.00016445613538154658, -0.00015174391800196218]
[-0.0004424121377993584, -0.000831183594640697]
[-0.0006832840907052967, -0.001932257543812911]
[0.00020173125139721915, -0.0006026103664361071]
[0.0010299495913332068, 0.0012827833602094552]
[-0.0009400877374275973, 0.00047769682634990485]
[0.0012297176435363544, -0.0017245684369658898]
[0.0021670416292612904, -0.00027634187195985094]
[0.00023102520352749623, -0.0006653656147251885]
[-0.001232786427590754, 0.0008909673280670383]
[0.0006078758023846526, 0.0013028595721378267]
[0.0021703394886129768, -0.0006513078863377153]
[0.00024920339978881656, -0.0009029709051076029]
[-0.00027230532185812395, -0.0007465996614379744]
[0.0002009062849185339, 0.0007621252575151782]
[0.0011636910762928832, -0.0008077824000127798]
[-0.00024397602769304916, -0.00024203269374700742]
[-0.0002482443322761596, 0.0002970562176958791]
[-0.0007982734985556017, -0.0013423518447444882]
[-0.0011070316364324984, -0.001072419142099497]
[0.00011869520901511277, 0.000951828389313375]
[0.00075124375954338, -0.0007783990252730449]
[0.0010975918999014053, -0.0019580271778037064]
[-0.00011960401651583963, 0.001472315770022832]
[2.3311498163702815e-05, 0.00022014834932875676]
[0.00017886228202274035, -0.0010627369941418052]
[0.00143973835408448, -0.0013218636068923206]
[0.0004878644082237371, 0.0017953571718409278]
[-0.0014779902552158886, 0.001512968918514268]
[0.00023369425881153427, -0.0016890286618840844]
[0.0025409464244783853, -0.00019164574219276975]
[0.0012809078955400566, -0.00044755304757004843]
[-0.0012186314350223076, -0.00016541644730705407]
[-0.0001243336351416935, -0.0002755110550257678]
[-4.5392288176848705e-05, 0.0006788133557384946]
[0.0005428131433078132, -0.0008702944727995154]
[0.0005030315178004008, -0.0016426566350510874]
[-0.0012847932602529921, -0.0005714003438134219]
[-0.0010973843553420126, 0.0006735601915066614]
[0.0014824823157171263, -4.8542123827266526e-05]
[0.0018099503821473184, -0.0018002403276515533]
[-0.0008500399214713683, 0.0002405975972226207]
[-0.00018269524046024554, -0.00036627223460818786]
[0.00028994554431829855, 0.000805327839722072]
[0.000281303182495158, -5.4370927409247796e-05]
[0.0007252561320016393, -0.0006053897569092345]
[0.0006059981296443473, 0.00016944013554051618]
[0.0003597717843800141, 0.0006745751611459128]
[0.0005210549465824166, 0.00033194548431950133]
[0.0005486275261994966, -0.0015264145410169294]
[-0.0007807491974937131, -0.00028962280726024803]
[0.000383264453161003, 0.0005031662977699747]
[0.00020710519747596523, 0.0008187804145333155]
[-0.0009574845229903539, -0.0017977192324438729]
[-0.00029502737345089847, -0.000714214617637321]
[0.000622256017637518, -0.00021750360523509205]
[0.0006553074644185808, -5.258883320347074e-05]
[0.00016668999174546117, -0.00041948461323576547]
[0.000439687572431513, -0.0017281036330871746]
[1.6282674342837922e-05, 0.000579467361192465]
[0.0007117050150298176, 0.00012853623361863686]
[0.00010089323527953664, 0.00039231591950342204]
[-0.00017827896595784543, -0.000983645155097912]
[0.0009426832666703105, -0.00021226787209991868]
[0.0010441939992578975, 0.0008094623861393223]
[0.00019555278432105416, 0.0005715073510485556]
[-0.000307162631143873, -0.00045266930797600163]
[0.0006755677256453929, -0.0008433346384039697]
[-0.0003282553192486548, 0.00016067614388109996]
[-0.00012955800540237483, -0.0003806444749418769]
[-0.00021746307594600056, 0.0008272181160971503]
[-0.0005504479989570377, -0.0005313558883577874]
[-1.5920818045855878e-05, -0.0007597146917873165]
[0.000383566644381772, -0.001236000924102143]
[9.329995938359148e-05, -0.0002648576178553297]
[-0.000512776200845888, 0.0005369053227723963]
[0.0006715959284832769, -0.0002778938533514186]
[0.0005416109733978047, -0.0007356321704716784]
[0.0009760650408033034, -0.001072000824954067]
[-0.0001273370394987705, 0.0007072567255524409]
[0.00010009161415741596, 0.00020132303998615653]
[0.001696903422163526, -0.00043417964826653055]
[0.0011975445020495634, -0.00044747999961577967]
[-0.0001828247654687698, 0.001155246487740444]
[-0.0007147456805536023, -0.00046400950003443187]
[0.0008481603659216824, -0.0013203573928439877]
[-0.000280907458953511, 0.0008310810118435097]
[-0.00013850023219368068, 0.00047768729013748096]
[-3.912576115636113e-05, -0.0005088261810496063]
[-0.000659736008866596, -0.0010589608545079066]
[-0.0008733284933397645, 0.0005991731016807139]
[0.00030861100473200676, -0.0005324837829420448]
[0.0010180720552558087, -0.0012382556860440763]
[-0.000607641372928347, 9.827520857397243e-05]
[-0.0006733894612701019, 0.0006036737791360047]
[9.464112687665449e-05, -0.00047357261431951736]
[0.0021742417769109457, -0.0011058671193545644]
[0.0004446341821710345, 0.00010278635398974778]
[-0.0007569510087795522, 0.00020239331908900038]
[0.0006877748873544143, 0.00014600860819119488]
[0.0018421687172005263, -4.773941761937461e-05]
[0.0008919591706670615, -0.0002948923010961946]
[-0.0005576718969898531, -0.0006767790672574381]
[0.0004891313884997639, 0.0001745171776437182]
[-0.00013222887688141283, 0.0004231835171848719]
[0.00029742119584524884, -0.0007760516914183113]
[-8.417639335123184e-05, -0.00044313451568790685]
[-0.0004486508923152513, 0.000525714759386584]
[-0.0011016505675158078, -0.00020768602920017646]
[-0.0003987914333170445, -0.0011129776052121922]
[0.0004010519558015485, -0.00011825333064079124]
[-0.00012289130629627998, 0.00010300649655679839]
[0.0002309431987733146, -0.00019008185067902195]
[-0.0003843340317652988, 0.00028040408772778136]
[0.0006370218930077942, -0.0003848549441443083]
[0.0003260867073135443, -0.0012023829693728616]
[0.0008056675352501874, 6.026154055333022e-05]
[0.0009444940366449273, 0.001432929942205785]
[0.00037478906053331484, 0.0002444442915670031]
[5.61852817537907e-05, -0.0015465562075112071]
[0.0007419507467987807, -0.0007414576857105448]
[0.0016270157422645926, 0.00043495996564713035]
[-0.0005611495755218909, 0.0005850788774903748]
[-0.0007753934739496149, -0.0003274528259213927]
[1.5626148918868044e-05, -0.0007260570252478615]
[0.0007454284796598043, -0.0006424705855656576]
[-0.00039696227989638455, -0.00013841914746565154]
[-0.0007270445747526999, 0.0002702926391286026]
[-0.00038643522814652, -0.0006377691377558378]
[0.0001051640409184193, -0.00027763139829790635]
[0.0005517316174815032, -1.2349902975563828e-05]
[-0.0005912510651095992, 0.0005088545209188944]
[-0.000100159842608874, -0.0007639748388106743]
[-1.581590644825215e-05, -0.0007656277774799325]
[0.0008827069373952001, 0.0012457450928413383]
[0.000760242820217194, 0.0005242024903689413]
[0.000515535630867564, -0.0008656904178203639]
[0.0005689760563540314, -0.0009242074567469838]
[0.000670346481840306, 0.0005505880079483272]
[0.0005129130108253444, 9.865863918206985e-05]
[-0.0004656923365307028, -0.000432336652492038]
[0.0004581318365335721, -0.0004693199230626499]
[5.586757486437943e-05, 0.00014044929306755716]
[-0.00025704728222755713, -0.0006000083655147148]
[5.6930150253708955e-06, -0.0007089883012427745]
[8.99924371692562e-05, 0.00018781067912237992]
[-0.0006575905041324437, -0.00021826479183212344]
[0.00024212079577823342, -0.00015722651845986868]
[0.0009172779594163738, -0.0009865208468065323]
[-0.001200617966434711, 0.0005714564459786964]
[-0.0005527555270519735, 0.0004219716917830338]
[0.0009716564473491174, -0.0006582515210144474]
[0.0009011127192030538, -0.0002555140807613043]
[-5.839174921362655e-06, 0.0007666646772348101]
[0.0005246903917123791, 0.0003135232525812298]
[0.0003612673786569376, -0.0008800597568451862]
[-0.00011985959430038662, -9.333706105360551e-05]
[0.000714440059458199, 3.5021280975489066e-05]
[0.00020844513562898181, 0.000332497006261645]
[-0.0001458447360014048, -0.0008706648759449487]
[-1.2969556489744738e-05, 7.792854350596734e-06]
[0.0003351721949412523, -0.0004402625299472773]
[0.00024028815131156567, -0.0007154275051753367]
[0.00032413915522996883, 0.00021129982427009475]
[-0.0008391935002429324, -0.000642152712343691]
[-0.0006920214452250106, -4.248976876530808e-05]
[0.0011284674467876288, -0.00010131347647546196]
[-7.183087261006249e-05, -2.3627929009784054e-05]
[-0.0008097058008899038, -0.0005151881525863877]
[0.0004708315679598507, 0.00018041496301771098]
[0.0014742666620332912, 0.0004192872235044137]
[0.0001495598796197456, -0.00022452919010660516]
[-5.857305123305179e-05, -0.0005073714871074025]
[0.000655017843382226, 0.0007230250211549145]
[-0.0002648978689695179, 0.0003248124586436688]
[-0.00016122026969350722, -0.0014240697505975564]
[0.0004715526241849538, 0.0003155988018075165]
[0.0006189293887317315, 0.00015463004306998096]
[-0.0002725435522658859, 1.7143035225875014e-05]
[-0.0002609548018698282, -0.0005107456514359399]
[-7.037429910186632e-05, -0.0007051717351420628]
[0.00022796663955806928, -0.0005769457350754403]
[0.00016947417760718175, -0.00018867320664495146]
[-0.0003420798529958774, 0.0009096769805244098]
[-0.00034023020881565093, -0.00038274234967355936]
[-0.0003763035988006008, -0.001223923132111726]
[0.0013465319366819384, -0.00021894583399861833]
[0.0012141160595742218, 0.000992989477359596]
[-0.0005501406969450895, -0.0003074685565195856]
[-0.0007603120685518439, -2.2259404368396574e-05]
[0.0010927122414179369, 0.00031806450697069444]
[0.001249401703988351, -0.0002907063581609748]
[-0.000710137961986268, -0.0004287500160406327]
[-0.00037823838880957084, -0.0003727741436877485]
[0.0006605556362714871, 0.0010927841473991028]
[0.000857948484718131, -0.0004506866477585632]
[-0.00015742918054498928, -0.0010790281095648616]
[-0.00022751638851259415, 2.3389255902547812e-05]
[-0.0005662472686230602, -0.00017317294887281287]
[-0.0002952174987918832, -0.0003354703211320975]
[5.482575276699597e-05, 0.00016730565286907084]
[-0.00023436346151325949, 0.00013380856341654868]
[0.0002631611151115709, -0.0008074171629326998]
[3.31568870979293e-05, -0.0006307444823512864]
[0.0005606822567144482, 0.00032493694530316697]
[0.00028710057491357355, 0.0006962619471026499]
[0.00033034192390465206, -0.0005396818326453556]
[0.0003933113699290114, -0.00010723538160600787]
[0.00019415119697921424, 0.00017909755660844295]
[-3.143488107779091e-05, -0.00030970343417285884]
[0.0003258519898986789, 0.00023682730114865658]
[0.0009975088628385032, -0.00041289082408008104]
[-5.432079291894931e-05, 1.7847487083055835e-05]
[-3.616641440218338e-05, -0.00018643913409337187]
[0.00025731388991742654, -0.00044432726169875425]
[5.188191387349439e-05, -9.039599461563817e-05]
[-0.0009509365900759736, -0.0001821308921184598]
[-0.00017670994406757123, -0.00039934575947939057]
[0.0005385316644389154, -0.0003314528424988219]
[-0.00015880860920328144, 0.0003289221872689735]
[-0.0002068351086792486, -0.00018839415130771087]
[-0.0001167618067547671, -0.00042423121123894014]
[0.0007220299984744827, -0.0005555011681461219]
[0.00022062585402482515, 0.0007303846141438752]
[-0.0004070031365029647, 0.000467301236316664]
[-0.00013631055227042443, -0.00038387636860987007]
[0.0010508176886656895, -4.3640253168664156e-05]
[0.0005157210502348755, -0.0004903287201377671]
[-0.00016164823031060427, 0.00034730137585203824]
[0.0008036236880284015, -0.0002660023564785008]
[0.0005314747939043352, -0.00016897991563674664]
[-3.5198392617175056e-05, -0.00013521247558340166]
[-0.00023402381696766006, -0.000329191800900519]
[0.00014176435032509094, -0.00042243887850137996]
[-0.0005107582138011435, -0.00033346790195776244]
[-6.717123599869756e-05, 0.00012590126922852607]
[0.00032563166789484344, -3.8702328161048516e-05]
[-0.00017064828781339358, -0.0003698984125044911]
[0.00020350358797358026, -0.0009272118877209131]
[0.0002136994910428569, 0.000721322131110376]
[-0.00029530623665314365, 6.30440581859508e-05]
[-0.0004984544210065167, -0.0002694350302599735]
[0.0006822991643437026, 0.00015235271700222985]
[0.000622244017979029, 0.00045917327244002215]
[-0.00018673512984432317, -4.939220273922351e-05]
[-0.0002968773053898255, -0.0009600769602115533]
[0.0006705934465409402, 0.0006781099583792471]
[0.0011059155798421177, 0.00011362132933812052]
[-8.997298188932745e-05, -0.00039502200622804073]
[-0.00043627534759652087, -0.0006029402154651975]
[9.340003792435159e-06, 0.00018961699759201256]
[0.00031242967377270725, -0.0004898289163401959]
[0.00016399309326053935, -0.00032577417015933197]
[0.00042671465425014876, 5.0342268963388115e-05]
[-0.00025369241852549185, -0.0008137217161975352]
[-0.0004914206535412413, 2.918404709476019e-05]
[0.0006971896716153614, -4.346597292259613e-05]
[0.00039930479123495566, 0.00029240469526783247]
[-0.0007434074705636173, -0.001011953333242159]
[-0.0003929591035217034, 0.0003658429087869657]
[0.0007214182479441805, 0.0011122394318145998]
[0.00030557089476249133, -0.0002835718537502023]
[0.00014441243711792173, -0.0008341389756993216]
[0.0002386168180314452, 0.00010456877098527495]
[-0.0002064203359865291, 0.0009210318672562973]
[0.00026645025459801075, -0.0006244095568802011]
[0.0005308331679750311, -0.00020776416407514153]
[-5.08609374299529e-05, -0.00012157331491313705]
[-0.0004490032892506268, 0.00017805605966286775]
[1.0420722717507935e-05, -0.0008315394401116616]
[0.0002956375817951967, -0.00016426707825473175]
[0.0004505806848322143, 9.57124158856848e-06]
[0.00023800654984476588, -0.0005863207056822639]
[-0.00031889156065761926, -8.29700053432969e-05]
[0.00015357739313368035, -0.0004647781517904126]
[0.00028636545324373097, 0.00028874650958257697]
[-8.533853920494883e-06, -0.0003538514518429958]
[0.00024815670455269334, 0.000126126337586574]
[0.0005217362600775655, -7.059224988335833e-05]
[-0.0003296713240477228, 0.00047018280362496473]
[-0.00033145450285942957, 5.281609722672387e-05]
[0.000930007875280945, -0.0005043553675527431]
[0.00022563128371060406, 7.479929632350443e-05]
[-0.0006403251742783667, 0.0001092076168892446]
[-3.0079670534297054e-05, 0.0005674814514424059]
[0.0005422414974312895, -0.000751219099283093]
[-0.00017709859990927557, -0.00024999165766576015]
[-0.00025502039975877633, -0.000230931849983379]
[0.00027664997985535345, -4.551195778912387e-05]
[0.00016950961898262729, -0.0004338200424371941]
[-9.586745912835981e-05, -0.0002113508351596627]
[-9.047441612421159e-05, 0.0002334485344459014]
[0.0005535331478831278, -0.0006955573792765124]
[0.00013907566056318987, -0.00039378998031136536]
[-2.4827952395278796e-05, -4.293257959753216e-06]
[0.0002682707725137068, 0.000663417898631502]
[0.0005800249048744377, -0.0002607725591018961]
[0.00015557908128729925, -0.0001029436420331431]
[-0.00017280843441022653, -0.00017942788940944476]
[0.0004625802018096148, -6.9174423575901756e-06]
[0.00017749196544389334, 0.00019463410793026104]
[-3.3416025151902784e-05, -4.106039789074714e-05]
[-0.00030252287455764804, 0.00026406052478894146]
[3.050818665586985e-05, -0.0003194376895901324]
[4.252506293513092e-05, -0.0002601205801453662]
[-0.00011911072635037434, -0.000567889117235397]
[-0.00032152915003512417, 0.00029549994907550337]
[-0.0001070473516292525, -9.722323956518064e-06]
[0.0005033694869930327, -0.00030917598941423985]
[0.0002047870454734424, -0.0003121896499524712]
[5.5272832627906165e-05, -0.0007060120210727883]
[-0.0003218673825239049, -2.1467913872086353e-05]
[0.00042662797370665584, 0.0004419022893646929]
[0.0007560866583189441, 0.0005020210094804911]
[0.0001591864388564533, -0.0009065805612946676]
[-0.0004026632728537996, -0.0003668744074137309]
[0.0002889598525304543, 0.0006287869281691449]
[0.0009859916439786676, 0.00015468235251658857]
[3.508540625835055e-05, -0.00034842699348552886]
[-0.00017250755577305488, -8.401829408971606e-05]
[-0.00016283696808283565, 0.0001278994636842723]
[0.0001580799871874483, -0.0004024737721022853]
[1.1599426906566679e-05, 6.627110996643149e-05]
[-0.00014072439661740738, -0.00010851377079947044]
[-0.0005274712259825259, -0.0002956158940750301]
[-4.400016599903633e-06, -0.0002588848800362466]
[0.0005766854968729564, 0.00015180278763314136]
[-0.00021421368961357934, -0.00015747640744657315]
[-8.910824356990477e-05, -0.0008473781333145566]
[0.00010302636291253942, 0.00018521416350422704]
[0.0002021358717687327, 0.000547387648681813]
[1.485270035767039e-06, -0.00011096231627039099]
[0.0006492834437099582, -0.000626258489638376]
[0.0005174033886815588, 5.963413991183497e-05]
[-5.568729146171458e-05, 0.00032263830693590734]
[7.657586105509762e-05, -6.659293157351698e-06]
[0.00020842605875519976, -0.00019788207187204643]
[0.0006936392576233352, -0.00022780674574629511]
[-8.521188198412633e-05, 8.758886280824107e-05]
[-0.0007691292300843477, -5.096135121962497e-05]
[-0.00025335214016888874, 0.0001209405419534959]
[0.0007853465928893688, -0.0007365216506891592]
[5.3445625627285276e-05, -0.00027981369490334695]
[-0.00038295881023708844, 0.0003619859856205526]
[0.00018368841872615227, -0.0002632016835594775]
[-0.00017180915519467155, -0.00027201850124714336]
[-0.0001705732103259583, -0.00036737281745157467]
[0.0002998950864281785, 9.68685755450777e-05]
[0.00036004662518249186, -5.284106809975639e-05]
[-0.00044557730870364853, 0.00024835313034062695]
[0.00026850562612421025, 0.00019359748849309688]
[0.0007790017174417463, -0.0004349572935157253]
[0.00028728177253725673, -0.0004274806445542234]
[5.418967540377073e-05, 0.0004877160373495948]
[-9.61872495937599e-05, 0.00044785381429934823]
[0.00015885475409434247, -0.0006654184955260933]
[0.00014371126361435727, -0.0001499476525398391]
[8.283882442705615e-05, 3.760137932101726e-05]
[-0.00025247662538484955, 0.00010349259905678698]
[4.543657757474784e-05, -0.0006133571058335452]
[9.98568564745117e-05, -0.00014984410232871115]
[0.0001245309915326176, 0.0002413131107413813]
[0.00011943373428860427, -0.0005097239260576092]
[-0.0004234217201592172, -0.0002268567505953889]
[-0.00021519405852921114, -4.982427372868248e-05]
[0.0003396295332301208, 3.7328572888746525e-05]
[0.0006820134309542814, -0.00018158520441168002]
[-9.986077397829488e-05, 8.507316299270111e-05]
[-2.4718255977183856e-05, -8.762284900882449e-05]
[0.0005721017319278016, 0.0002492887564398121]
[0.00032386622573189056, -0.0002646141274045104]
[-0.00013170795581440853, -0.00017774667940433087]
[-0.0003621183501094083, 0.00036553116061853463]
[0.00030177935399491873, 2.0056184844297054e-06]
[0.0003291941957340727, 0.00014047810323758458]
[-0.00021759632760259828, -0.0006850664641625537]
[-0.00028024612804006255, -0.00010319161333144367]
[0.0004602691369726686, -3.794530179085376e-05]
[0.00017964326188977392, -4.316277947891134e-06]
[-0.0003314063640507351, -4.004374980970393e-05]
[-0.00010610352606335582, -0.000578511422090866]
[-0.00019441283945403898, -0.00027746950585727514]
[0.00018521837817617182, 0.0001943688181783032]
[0.0003964169583578203, 1.4886296717142589e-05]
[0.0003635599994153138, -0.000452945925998649]
[-0.0001171355674000063, 0.00019488133725920065]
[0.000369866256730772, 4.682934031265129e-05]
[0.0005485473874317637, 7.952301520224025e-05]
[-0.0001649296647587284, -0.000421477300911563]
[4.888739495321863e-05, 3.603448129930098e-05]
[0.00014076332097622685, 0.0004716713847331715]
[5.116409672044353e-05, -0.00018241495763030371]
[-7.216282015604092e-05, -3.8814235309530404e-05]
[0.0002540709814967401, -0.0003407581174022095]
[-0.00013271109886178745, -0.00020950649084050532]
[-0.0001850135488722371, 2.7932005522229852e-05]
[-0.00019926224813024418, 0.00027034382760629527]
[-0.00025052675555126136, -0.000296766664132031]
[0.0001823529502863186, -0.0005121063241773638]
[5.0853520321358925e-05, -0.00024917975272464865]
[7.052691448685214e-05, 0.0002278844958752968]
[-5.5142743222741375e-05, -4.961618915944044e-05]
[0.0007242946072806844, -0.0003776832837419919]
[0.0005934438696772598, 0.00016200569653457286]
[-0.00010132417018007822, -0.000304735463564354]
[-0.00024434841900877746, 0.00028951135068172595]
[0.0002260700506742097, 0.00012232378823207046]
[0.0006540926550293868, -0.0005586428513214836]
[8.170770529583593e-05, 3.6515752854945904e-05]
[-2.8008109895366617e-05, 0.0005240177942210204]
[-7.384851155231575e-05, -3.588804678558363e-05]
[0.00019361949001869827, -0.0008371462498803957]
[-0.00010175531061350392, -0.00016706320652765192]
[-2.6777463552216108e-05, 0.0005523011396660824]
[-0.00042714646072407325, -1.731730662544312e-05]
[-0.0005214450019981887, -0.0004361157720104841]
[0.00015578082168757335, 5.620626558816566e-06]
[0.00017976602876113024, -0.00041202302767257004]
[0.00032512939314702227, -0.0003198007934557545]
[-0.0001465920284858535, 0.00043734443012111157]
[-1.729698353605813e-05, 0.0002866751330776185]
[0.0002675264109223974, -0.00039092945634450205]
[0.000821509068000997, -0.0006439241424261444]
[0.00011373248692215371, 0.00023935040223338477]
[-0.00045199952223344553, 0.0005255999138494838]
[0.00048019113803028646, -0.00028755083848858165]
[0.0007941217693664682, -0.00030368686193299466]
[0.00030388509981379985, 1.1643601809913084e-05]
[-0.00040657302584345967, -0.0001464605682111042]
[-5.6502754231302355e-05, -8.283073129088103e-05]
[-0.00021180299362708044, 2.562453145646404e-05]
[6.826697987929314e-05, -3.594279357551841e-05]
[-0.00014215477099951968, -0.00016386557531179388]
[-0.0003474249554194092, -0.000213569694778942]
[1.3562889098654024e-05, -0.00012290298581943285]
[1.9233659782041945e-05, -8.224845917952084e-05]
[0.00011326941188984085, -7.022118418045092e-05]
[-5.924042147845143e-05, 0.0001249858574235152]
[0.00017776245134154545, -0.00021667185580050152]
[-1.4034536230583816e-05, -2.1836620689164032e-06]
[0.0002694528132314855, 0.00019600110516768132]
[4.8345257955717535e-05, -0.00022851319176248053]
[0.0002060234792818083, 3.431504378242911e-05]
[0.0007361210241034616, -7.039974396372273e-05]
[0.00034505809102326236, -2.5161337112833415e-05]
[-0.00010844989409729278, -0.00024422510621791016]
[1.485382645906308e-05, -0.00012296450940368908]
[0.00040564134710438515, 5.805292675564733e-05]
[-0.00037526622962869016, -0.0001158107606220038]
[-6.10666056383713e-05, -0.00027074950996183733]
[0.00011323560279632994, -0.00023412658069299486]
[-0.0002275237361430149, 0.00012212219428120452]
[-0.00015646236803401603, -4.065017021467887e-05]
[7.909792695565826e-05, -0.00013359397265930682]
[-3.626141054891008e-05, -0.0005187773651115033]
[-0.00020470181361024326, 0.00017554181358687797]
[0.0003031765291368685, 0.00047260003604026376]
[-0.00011665126339249765, 1.1363024354706097e-05]
[6.778376498638161e-05, -0.00040405369168993593]
[0.0004002186628002391, -0.00024418494127864676]
[0.00031027531442101575, 0.0003963114931923306]
[0.0001472642795884993, 5.2974460184457284e-05]
[0.00019069019426462552, -9.33034054968751e-05]
[0.00016659675192776113, -0.0003358047982068846]
[1.2250961998541698e-05, 6.3264037130084105e-06]
[0.00025983773459129986, -0.00012161854632691815]
[-0.00020410441607412663, -9.152844533177884e-05]
[-8.539925459799536e-05, -0.0002424781296272993]
[0.00029096280660867446, -5.2102831251565895e-05]
[0.00016530023261723814, 4.6767666889518944e-05]
[-0.0003527237207429923, -0.0006558059478372902]
[-0.00021072655865189693, 3.714567832746596e-05]
[0.00021145638132621936, 0.0002025286527521375]
[4.9888011091098194e-05, 1.1382573593600454e-05]
[9.311833657740798e-05, -0.00041098851154188626]
[-0.00018718129352807839, 0.0003930187772309135]
[-5.90506423249898e-05, 0.0003104024775787591]
[0.00031347388155243683, -0.0005984504173045238]
[0.0005518045582672826, -0.00012722113313688548]
[0.00011107263724358107, 0.00046038433430438397]
[-0.00030045099556573474, 0.0003024275111134511]
[0.0001619085339048254, -0.000654725178165172]
[0.000428783978959818, -0.00013412313635022266]
[0.00015821587018152727, -3.725425560432982e-05]
[-0.0003143852718569262, 3.035883239299597e-06]
[2.6019826312687067e-05, -0.00010256672795055932]
[2.8515935373563117e-05, -8.520420840463228e-05]
[-5.755875854039465e-05, -0.00025691951594714046]
[0.0002330128138191001, -0.0004806365085974207]
[4.135468586217994e-05, 0.0001267012307742954]
[-0.00034904351370886044, 5.6070967511923087e-05]
[-8.418598092924112e-05, 2.8437973103145886e-05]
[0.0007178850761968836, -0.0002503383855289032]
[0.00014526996466815434, 0.0001567988312826396]
[-0.0004205035020368453, -0.0001525050857481003]
[2.5516262894154096e-05, -2.4753484900726097e-05]
[0.00048224628065514363, 0.00030882556000633166]
[0.00031126294688967743, -7.763858644039851e-05]
[-0.0001150171921641685, -0.00011474924445290923]
[-3.8733929004511336e-05, -0.00011343914319698542]
[0.00010661250446822312, 0.00015941736168636166]
[0.00018499542650840528, -0.00042095315855925075]
[-0.00016249767580286956, -1.773451169952145e-05]
[1.8384800469672946e-05, 0.0001409780314475806]
[0.00011170956697292844, -0.000172310778815854]
[-0.00013031193852994227, -0.0004259113112056456]
[-7.301129837750109e-05, -0.0002570373950196436]
[0.0001111514209480996, 0.00014982640081728782]
[0.00019391697386050843, -7.132425103567597e-05]
[-6.761404871219977e-05, 0.00013116465608231653]
[5.446806048014369e-05, -0.0002909557784345207]
[-7.688278716860841e-05, -0.00010905617392498179]
[0.00025780707999259467, 0.00017638222864740927]
[0.0004312550566565876, 0.00015496141804324792]
[5.816488538618048e-06, -0.00014826102229231752]
[-3.794214606156476e-05, -0.00024932339651753677]
[0.0003351460544035456, 0.00023353810223497584]
[0.0004048048101921442, 8.898949818914037e-05]
[-0.0002991450381844424, -0.0002657831226171442]
[-0.00022899249665178992, -0.0003647255035486778]
[2.4190655370126546e-05, 0.000248054912003141]
[0.00023535604897587104, 3.892714937214076e-05]
[-9.09347837330654e-05, -0.00023458620323109358]
[-0.00028292711229371825, -0.00030132813264907576]
[0.00011507229829947618, -0.00022093436023208624]
[0.00020134890733747302, 5.99224039792845e-05]
[4.111064942774467e-06, -5.935386160849099e-05]
[-0.0002179959357254957, 0.00017715504637588753]
[0.00018870415206651003, -0.0002313396808157897]
[9.698997356508143e-05, -0.00015374979455090587]
[0.000164738778147544, 0.00012710289188638813]
[0.0001642425002182299, 9.334588376080921e-05]
[9.515266709859971e-05, -1.80621461839392e-05]
[0.00033073675787423373, -0.00013942593898680355]
[0.00030534508677676486, 6.334995759760265e-05]
[-7.911805696472762e-05, -9.19101627105956e-05]
[-0.00026735885239242974, -0.00011926151705787813]
[0.0003031238819308224, -0.0002530346829909408]
[3.972642862090647e-05, 0.00024486710949241097]
[-9.419704729700384e-05, -6.758652257474185e-05]
[0.0001126715935605982, -0.000512573260341407]
[6.0924259488323584e-05, -9.05849303733555e-05]
[-0.0002986855064537903, 8.529601584178183e-06]
[-9.977280548803535e-05, 6.398024130105026e-05]
[0.00030724746541878345, -0.0003057524889919054]
[-0.0001289479453974729, 0.00018725313748288452]
[-0.0002123443538933345, 8.903426921119673e-05]
[-4.8290985682986065e-05, -0.00031046010043869754]
[0.000576817572535332, 1.6969518537635064e-05]
[0.00041617896700041346, 0.0002979577510152098]
[-0.00022420732708028357, -5.9665900627559054e-05]
[-2.032777014390058e-05, -0.00029744682912619114]
[0.0004741552446526614, 0.0001447392576292006]
[0.00012205198006051687, -2.2788013070929036e-05]
[-0.00038443324015631497, -2.1328805689835306e-05]
[0.000189931451652664, -0.00034396089128221896]
[0.00021629040805346, 8.991406062786034e-05]
[-6.450145231901017e-06, -0.0001404257386589669]
[0.00012072905612744989, -0.0002922570155939608]
[0.00014160829325825242, 4.9677577222836944e-05]
[-0.00033108811551479933, -0.00034657704115763355]
[-0.0001623767526259881, 3.2120123142114626e-05]
[0.0003056910411163849, -1.4148288335564044e-05]
[-3.627457116786581e-05, 1.0947850808497306e-05]
[-8.167815814805364e-05, -0.00015786373812538704]
[2.8378887420715815e-05, 0.0002635110737485985]
[0.00017979448312485657, 7.21003423989619e-06]
[0.00017017817592110407, -0.00032532687833011775]
[0.0001259097362757422, 5.003674984582762e-05]
[7.122744077350807e-05, 0.0004307898562098955]
[-4.104251089617761e-05, 0.00016428057150727482]
[-0.0001454354344808395, -0.0007931509824795069]
[0.00010210672172383806, 0.00011396485405551493]
[0.0005803460517644701, 8.105987094902956e-05]
[0.00010829774160042369, -2.0456309306970955e-05]
[-0.0003811359799439154, -0.00023684263672379968]
[-2.8747339754248147e-05, -0.0002799733045943942]
[0.0004068700853378654, -4.4194258198876346e-05]
[-4.844658198205343e-05, -0.00026448831302364195]
[-0.0003080855284087747, 2.9601689492064764e-05]
[9.930475533687089e-05, -2.872132784895176e-05]
[5.4915584672951545e-05, 2.6271470295116672e-05]
[0.0002242177312690996, -0.00016029593286081417]
[0.00032575286446476226, 0.00013925744104004677]
[-4.6565363737954835e-05, -0.0003360736516583359]
[-0.00020485921051652256, 0.00015066275535900123]
[0.000105243512226353, 0.00044885519748052386]
[0.0002477485497175691, -2.4511830950750546e-05]
[-0.00011967832638065667, -0.0002640677260467017]
[-0.0001473597333783161, -0.00036513434906891573]
[0.00013857905184652686, 0.0005312896284335733]
[0.00024408411269399855, -0.00017682784173705945]
[1.2233940222858286e-05, -0.00022447251102422627]
[-2.0095978709569473e-05, -6.781086334450848e-05]
[-3.0226606111578846e-05, -0.00015533342508278203]
[-5.241734545656518e-05, -0.0003127663829096683]
[0.00012205298058028807, -6.143604430242089e-05]
[4.477774057888573e-05, 9.860739733064117e-05]
[7.571976224728105e-05, -0.00023266686754519483]
[0.00016725129478478706, -3.06083145771574e-05]
[0.0003119274219663959, -0.0002152930019594934]
[-2.830215504742717e-05, 0.00026243144589077616]
[-0.00013274763784951182, -0.0001769907290886663]
[0.0002595222497456251, 6.182488530598329e-06]
[7.808432383879516e-05, 0.00019523822537957647]
[-0.00012386127419203655, 0.0001185296863020378]
[6.025232723216867e-05, -5.298034819872007e-05]
[0.00021928186701472563, -0.000500681104917829]
[-7.900002821542573e-05, 0.0002339362691437339]
[1.5881708539555728e-05, 0.0002831396595764091]
[-3.4592596213939286e-05, -0.00012700354002502523]
[-9.415897305439791e-05, -0.0004544224250291329]
[-7.884754341444533e-05, -2.2667828954492375e-05]
[-0.00016085243812197225, -8.196588991010723e-05]
[0.00014137376051039097, 7.565472404214013e-06]
[0.00024018388879770702, -0.00014134514842661927]
[0.00015839272066948962, -0.00024132624268025094]
[-9.630666269046066e-05, 4.3014158435161765e-05]
[0.000384437678423534, -0.00020287408499736204]
[0.00027461270083813105, 0.00014443891684218224]
[-0.0002782118072662959, -0.00013249873880458174]
[7.72782284323148e-05, 0.000135016382243891]
[0.0003885641664385653, 7.323891939842175e-05]
[5.880681831738066e-05, -0.0001914262537365402]
[-0.00013842968492019936, -1.1494755979529758e-05]
[0.0002596405734340834, 7.73040566579078e-05]
[-9.098391096773462e-05, 2.544043466274487e-05]
[-0.0001616735740970713, -0.0001960134189888216]
[-2.0053146505896735e-06, 8.13191924055269e-05]
[2.8916170743215064e-05, -9.822449596279086e-05]
[-0.0001763868883029457, -0.00016805758421366453]
[-0.00018378706805161071, -0.00018121691325551775]
[0.00014615909582288422, 0.00011039185966005283]
[0.00012948126871356602, -0.0001709163583029638]
[0.00022009030916395056, -0.0003284646709978689]
[-3.0615984829590603e-05, 0.00027061540007145]
[2.1183688308293314e-05, -8.162653464843794e-06]
[-4.951287269258642e-05, -0.00024657109817027845]
[0.00025076132547290075, -7.239709416473339e-05]
[0.0005371100617394837, 0.0002155825133648981]
[7.73667672994971e-05, -3.060860314174629e-05]
[-0.0002976354081273419, -0.00014066647331006932]
[0.00014831979858152822, 5.4230738711052995e-05]
[0.0006597628823835078, -6.75587149201462e-05]
[-0.0002150472930944336, -0.00020386492186388883]
[-0.0004336041316148481, 7.86058486352409e-05]
[-8.353901416527365e-05, 0.0002540728839193901]
[0.00014842593222137712, -0.00030595164580321174]
[7.571423743163441e-06, -0.0002527296733667271]
[-0.00010700970424431036, -4.2848461626547975e-05]
[-0.00010262994244345652, -3.2665726820939615e-05]
[-4.843790314146279e-05, -5.189022365611855e-05]
[0.0003308121003186282, 4.881293309805246e-06]
[8.928784763911901e-06, 4.0590457241251876e-05]
[-6.203752338465596e-05, -0.00039928678992146027]
[3.3990889207358155e-05, -2.3641489161341234e-06]
[0.00021883465790749346, 0.0003995255646340179]
[0.0002194199634864974, 1.2763108204610907e-05]
[0.00020585079337377687, -0.0003743516418115156]
[0.00011711080200148272, -7.649735358156162e-05]
[-3.914673441058822e-05, 0.00025841969184903224]
[0.000127470528804359, -7.597136529730042e-05]
[-1.1775623492082943e-05, -0.00011838254696033834]
[0.00011369450735519704, -0.00013180346978039492]
[-1.569442540083621e-05, 2.907236254487411e-05]
[-0.00013920242391565751, -5.669439716676772e-05]
[-0.00013732081072145852, -0.00015697593130270526]
[0.00011300562784825885, -0.00015267192444959332]
[7.765328209635713e-05, -0.00011461923919467432]
[-0.00016670712559128248, 7.198909661390585e-05]
[3.681694038663863e-05, -9.02163499907696e-05]
[-3.126288144030681e-05, 2.3609864561320386e-05]
[0.0001263707447871614, -7.025002139746323e-05]
[0.00013424366418782196, -8.912633557650596e-05]
[0.00014757327461434322, -4.687923257635021e-05]
[0.00010796378451086164, 0.00018309172279629138]
[0.00013072688488159623, 9.380052276339312e-05]
[0.00012841157639290057, -0.00022534307368926587]
[4.777515078756289e-05, -0.00011648488519139244]
[0.0001265036503339534, 1.9211092593895973e-05]
[-9.325341747863647e-05, 0.00018062229868751056]
[4.423395807059971e-05, -0.000206755695809413]
[3.316012871162118e-05, -9.727073883969428e-05]
[-9.090014737574842e-05, -3.003236048826352e-05]
[-7.696501001054623e-05, -9.233822139215198e-05]
[0.00011609434983290978, -0.00026703349553988676]
[1.563578256680298e-05, -0.00013114607514991272]
[-0.0001380996571674481, 0.00019107542921764642]
[0.00021714606511175072, -6.0530277564502244e-05]
[4.185320178322349e-05, -0.00010458845037261688]
[-6.33768564742565e-05, -0.00027583300964508645]
[0.00013796087057379308, 0.000137842720823041]
[0.00023753558799836927, 0.00014621623421836108]
[-5.157916454397171e-05, 2.5148314240297748e-05]
[6.49074550558397e-06, -3.537146901705455e-05]
[0.00033606342140676815, -0.0001063152437066478]
[0.0001089617327371395, -6.954527258086485e-05]
[-0.00011486170535779383, -9.157020057426468e-05]
[-0.00010991062084998726, 0.00028420027916285784]
[0.00022522743752106944, -4.7069878526928566e-05]
[4.4077826751587335e-05, -0.00031933201738149064]
[-0.000196253367641272, -0.00016975042050129674]
[-0.00021944793399224227, 0.00014518097710580768]
[2.3196188499954862e-05, -0.000167616557344763]
[0.00029405299175952297, -0.00014088501855341606]
[4.374036711051604e-05, 8.480490688983489e-05]
[-0.00013587431958286822, -0.00021318459468150364]
[-0.0001512528949415698, -9.295856492974597e-05]
[0.00039331516896576324, 5.108289482094741e-05]
[0.0003072714966778356, 7.921858575490881e-05]
[-0.00013781658471845315, -0.0002332405274889926]
[-3.966287848600203e-05, 0.00010289093842776736]
[0.0003185770098464713, 0.00021147110381285195]
[0.00030135654043766946, -0.00019657143307917277]
[-6.134245826103224e-05, -0.00028504543302153035]
[-2.5075793235303234e-05, 0.00014561680392015256]
[-0.00017022728721523273, 0.0003028389841240259]
[5.3349109125841454e-05, -0.0001766648918295477]
[5.383165465751294e-05, -0.00018320699118285627]
[-0.00012048660972702185, -0.00019577796004999204]
[-0.00011726406923188992, 2.1821262045723655e-05]
[2.291174560536957e-05, -4.151721189504798e-06]
[2.7348834627252683e-05, -1.2336693311965075e-05]
[-5.18928616607961e-06, -0.00011428257637163819]
[0.0002630584927652349, -0.0003220852119242834]
[-0.00016125168208781793, 9.850097392172241e-05]
[-0.00013999953903563733, 0.00018729101918202318]
[0.0002066610616889078, -9.67923302143403e-05]
[0.0003736162087763645, -0.00017548726793162328]
[0.00018332101570260606, 1.8497886702550925e-05]
[0.00012010997275477275, 5.025152875742789e-05]
[5.7722563662251924e-05, -1.4154940354976775e-05]
[-3.500125705566126e-05, -0.00010711034751596793]
[0.000349370687803191, -5.4550296914292196e-05]
[-3.604963544716344e-05, 2.6027153609740894e-05]
[-0.0002759807308745574, 2.783539721008376e-05]
[-0.00010946164846446782, -3.361185011447167e-05]
[0.00015304777217171883, -0.00026158409833412083]
[-9.41564168531854e-05, -3.229137805663487e-05]
[-9.020398183136324e-05, 0.00011173672026800613]
[6.026809284448431e-05, -0.00018072316073658445]
[-0.00016654673295835032, -0.00012096056754606899]
[-4.33520531120668e-06, 7.849622766821496e-05]
[-2.2685099658442676e-05, 1.8493127908858487e-05]
[0.0001745052589750412, -0.00014757311675986373]
[0.00011266909290297278, -6.85134545392041e-05]
[0.0001449129874301902, 0.00015589905831556172]
[0.00017629441579090736, -5.5022912140600955e-05]
[0.00033284022161406135, -0.0001995565739565941]
[0.00014102795147271502, 0.00010762109080891813]
[-0.00027189390309005634, 6.571172998415253e-05]
[0.0001553175300072901, -0.0002803602588958287]
[0.0002773184099483794, -1.1969204964046298e-05]
[-2.8030463224942848e-05, 0.00011148003140359908]
[-0.00027721937190461343, 1.877723506529816e-06]
[0.00015209918607816952, -0.00024620396748930434]
[0.00010791337995497141, -0.00030943691667114845]
[-9.225028982753035e-05, 0.00014971422463448529]
[-0.00019404224735616177, 4.955543994503354e-05]
[-0.00019877026214006055, 1.9079477342675774e-05]
[7.148663920482357e-05, -0.00014050960099765662]
[-3.6132048202699996e-05, -0.00010143463975310907]
[6.650334599152263e-05, 5.43612491997747e-05]
[6.0068565415211106e-05, -2.579303096492125e-05]
[0.00023883068313017286, 0.0001063660864684679]
[0.00017146640976958838, 7.275904924664012e-05]
[0.00014549687698012237, -0.00019614243838497747]
[4.149346438930834e-05, -0.00021913035683024384]
[-5.450765307700445e-05, 0.00020001273281930465]
[0.00023044240704491945, -1.2576935470937078e-05]
[0.00019309160377554285, -2.1046200489899247e-05]
[2.7225545568138054e-06, -0.00017987971443980677]
[-0.00015126624148703582, -0.00017280134036656847]
[0.00016909059741998522, -5.488274863629794e-06]
[4.407503816286629e-05, -8.152209493850204e-05]
[-0.00011480144908289358, 5.743912020003683e-06]
[-0.00017228637357732945, -0.000229707420240699]
[-0.00013608422013228205, 8.358019691964355e-05]
[0.00010157467219402971, 0.00011359677900815018]
[3.698614545456693e-05, -0.00016702155519500883]
[8.584317424483248e-05, -0.00026406710316747136]
[2.1394250769635192e-05, 0.0002737063956258466]
[4.995795315380219e-05, 0.00026095244070816967]
[5.407084040762178e-05, -0.0001528649891031214]
[0.00015516287026413889, -0.0002482520810147548]
[3.8110007877817376e-05, -5.36555465355526e-05]
[-5.491208027233463e-05, 0.0004077931905013543]
[0.0001369508425030641, -0.0002094215990135484]
[0.00021251536344051025, -0.00014082329343836908]
[0.0001765492430119281, -0.00014134014520408855]
[-1.2385231349894277e-05, -7.806216783012854e-05]
[-4.292865752417163e-06, 5.0622977432523975e-05]
[-0.00015682059630149625, -0.00017969170223908204]
[-4.119313577577444e-06, -0.00014944980624256865]
[0.00010271171032701087, -5.770248088557417e-05]
[-5.829200527406042e-05, 0.00015832526271369884]
[-4.098292637413903e-05, -0.00016452552844498092]
[-6.692663892529649e-05, -0.0001229069583210951]
[0.00013319684388300723, -2.087810548122293e-05]
[0.0002513220440734029, 0.0002049636922846869]
[3.469050175634869e-05, -8.203226823212846e-05]
[-0.00027302418696854847, 7.006474162476729e-05]
[2.2252265518142578e-05, 0.00012101253844428654]
[0.00033904336770911037, -0.00037104671339167547]
[0.0001227813321498239, 6.914930247461232e-05]
[-6.477589214182178e-05, 0.00021875206977375883]
[-2.8792726485454834e-05, 9.214455329459303e-05]
[0.00015083546800565006, -0.0004409593392542821]
[7.993743787113039e-05, -0.0001681345415360802]
[-2.5135736138007236e-05, 0.00015829556642477094]
[-0.00016658454363410735, -9.3223694680733e-06]
[-1.2410174175914168e-05, -0.0002483724904860929]
[0.0001595463828385369, -8.265923581954326e-05]
[8.093445583917669e-06, 5.993754195587897e-05]
[0.0001094155696187149, -0.00025190411830217085]
[6.593567691440261e-05, 6.749118501420126e-05]
[-0.00010505242501047951, -1.6719994881175815e-05]
[-1.8891869687301388e-05, 0.00012003737467407294]
[0.0002562947667783533, -6.565994378672502e-05]
[7.095715552052351e-05, -3.6356899734760195e-06]
[-0.00018131698742865354, 5.800596852919421e-05]
[3.791131970221073e-05, -0.00014917345802895748]
[0.0003042811116047428, 0.00015103873990363753]
[0.00019356636821356646, -2.574248841362252e-05]
[-0.0002037231972413095, -9.926038636583851e-05]
[-4.0273306899860084e-05, -9.589886316753796e-05]
[0.00011448909460533285, 3.0421958225952672e-05]
[-3.2017203786288695e-05, -0.00015068831289173634]
[-0.0001896897601148667, -7.540164552748141e-05]
[6.64770062179798e-05, -3.659502651692792e-05]
[0.00019445680170571134, -6.404315775512814e-05]
[-0.00010739363337775032, -6.033347612141582e-05]
[4.940874902620296e-05, -0.0001893859005830112]
[6.121017310271176e-05, 6.430165637918983e-05]
[-1.151801072813742e-05, -9.901756534175243e-06]
[0.0001200996333715898, 0.00010135279834933009]
[0.0002078355423464906, -8.979381003973441e-05]
[-0.0001096432374731171, -8.606939261218693e-05]
[4.229098772484674e-06, 9.087723659562119e-05]
[0.00036602524457464425, 1.0388525433752127e-05]
[3.212598856291993e-05, -4.221907075276088e-05]
[-0.00012801314711503864, -8.740838029275277e-05]
[2.9176924077667366e-05, 8.526123642334932e-05]
[0.00011886967450592048, -6.072749746230139e-05]
[-0.00012887663238528302, -6.606323979358938e-05]
[-6.104078617003017e-05, -0.00019364583870288285]
[2.78269801792623e-05, -4.412899324606617e-05]
[8.885459601400136e-05, 4.4943058839043426e-05]
[6.32690602897501e-05, -8.134724685000122e-05]
[-0.00019908189863668269, -0.00010377176341279382]
[2.9591564146030924e-05, -0.00020105016438064227]
[0.00020273668717597781, 0.0001619615110803052]
[-1.800165545125243e-05, 5.353859668177918e-05]
[-0.00019397001711286832, -6.916284785535298e-05]
[0.00027279968930102316, -5.040167892481073e-05]
[0.0002689960808126453, 1.570080052576417e-05]
[-8.002608780531204e-05, 3.580761124452603e-05]
[1.2067336765175796e-05, -4.2270181504239224e-05]
[0.00016447571599051414, 2.0563322444294707e-05]
[0.00015880868038542495, -0.00017582968389537323]
[-1.215313716755595e-05, 3.928529334035202e-05]
[-1.990760830966609e-05, 0.00011696390877810603]
[-0.00016058153112305518, -0.00010873080721594819]
[5.5260022540318254e-05, -0.0003588932308566245]
[0.0001501123224400963, -8.977550751722296e-06]
[-1.1880693199607661e-05, 0.00019426862922659579]
[-0.00013227522639740197, -0.00016556140101592733]
[-0.0001176711387946977, -8.560174403773359e-05]
[0.00011364164985027542, -6.122300965070299e-05]
[0.00010733027843365384, -5.2912195304073706e-05]
[7.632209211745622e-05, -9.764056596316129e-05]
[-5.884107305603736e-05, 0.00029706543827287546]
[-7.916108187872029e-06, 8.641278552913578e-05]
[8.559930075895117e-05, -0.00030907613388175825]
[0.0002279431840239987, -0.0001082453776387049]
[0.00013884668642934195, 0.00017600566955591757]
[-0.00016898052454321355, 0.00021070980558379748]
[-4.4412235647976576e-05, -0.0002680251259285227]
[0.00024408960689727144, -1.0483845874542652e-05]
[0.00018837274630646023, -1.8187330639907184e-05]
[-0.0001842244497772122, -0.0001425822055295678]
[-5.653018801647647e-05, -0.0001919243921139624]
[8.084244092863846e-05, 7.671638708497963e-05]
[5.0293742898388505e-05, 8.548968583931005e-05]
[4.3496740008974744e-05, -0.0002857900700642402]
[-2.2804005520238313e-05, -0.00010059448197949697]
[-5.934219039047117e-05, -7.898192949389732e-05]
[-3.258173110545076e-05, 0.0001560576753353879]
[0.0001545727747651847, 2.5443603180478973e-05]
[6.84001234101117e-05, 4.220940111442778e-05]
[-5.531243704742783e-05, -0.00016777332434524464]
[3.0650822962774438e-06, -1.7973467891591044e-05]
[0.00016349339521172512, 0.00019778182085364304]
[7.272000181765548e-05, -9.600849596393124e-05]
[-5.501581914912901e-05, 6.17534067043346e-06]
[0.00014861232092201748, 1.2512813854059779e-05]
[7.499235059109377e-05, 1.0269228798570618e-05]
[-0.00015037580720166088, -0.0002563807260402007]
[-6.945128955436822e-05, 5.28356691054388e-05]
[0.00019976892464365625, -6.765385213214348e-06]
[1.881206488239806e-05, -0.00011338689240156241]
[-0.00012176230510711761, -0.00017040496436487862]
[0.00012626181459512997, -7.678354640200391e-05]
[9.511364277403622e-05, 4.900193103588024e-05]
[3.2156049026038636e-05, -0.00019551296243472405]
[3.119639902460225e-05, 7.134090682343885e-05]
[9.014001761675772e-08, -8.029484915646201e-05]
[5.366830472974815e-06, 0.00012074982615968219]
[0.0001319310890416231, -1.2180305639857697e-05]
[5.9412295847261626e-05, -4.744848240066771e-05]
[-6.426732278618473e-05, -1.9622874235448258e-05]
[7.798839948466862e-05, 1.1549472454235044e-05]
[7.606930353665914e-05, 0.00015341168116295156]
[4.939665524728021e-05, -6.011593279810906e-05]
[-5.07311318640874e-05, -5.516819182310728e-05]
[-0.00012011758228915037, -0.00016740645462839931]
[-4.106476486021027e-05, 0.00010961414264898384]
[0.0001779378058817116, -0.00011186319507999753]
[1.9038240255717098e-05, -7.682756190047213e-05]
[-0.00016441127301811825, -0.00010375838899767675]
[0.0001942196971899436, -9.753872555673393e-05]
[0.00014972547929404875, -1.566284280921093e-05]
[-0.00011332951468944613, -0.00017453467594696903]
[-5.809457923801331e-05, 9.697784502415985e-05]
[0.0002165860946626158, 7.197353758231495e-06]
[0.00010116357068175319, -4.735525254466466e-05]
[5.271353955006719e-05, -0.00012463165508327934]
[0.00011397492869322234, 0.00013619745233205138]
[-7.957216641804599e-06, -3.279466083166982e-06]
[0.00010504586608417465, -0.00010978575986613295]
[9.001467486889625e-05, 4.1862011759794676e-05]
[-2.2719691123863905e-05, 0.0001674480596330864]
[-0.00024611120376965244, -2.9910863610079083e-05]
[-7.83414902303936e-05, -0.00032393145784673574]
[9.083758269923248e-05, 0.00019262953301507277]
[7.549364335820985e-05, -7.339646457868443e-06]
[-3.760922068368755e-05, -0.00017925989776471085]
[-6.864838621772895e-05, -0.00012668695763537463]
[9.587908946014079e-05, 4.626552547051799e-05]
[-2.954501619022165e-05, -3.430794369191359e-05]
[7.469751933386615e-05, -0.000232218838926046]
[9.337756532121211e-05, 4.817979038515552e-05]
[7.2217396793940875e-06, 9.02705451178154e-05]
[-2.8382500336848748e-05, -3.901925273508411e-05]
[0.0003288468096801639, -0.00014370586521203488]
[0.0002795719652372852, 5.629559748404622e-05]
[-0.00018131830507875368, -6.1635560775819e-05]
[-1.147965132566875e-05, 3.1852606520485494e-05]
[0.00016403015959007283, 7.788102872040292e-05]
[6.004985265417595e-05, -4.12945442389151e-05]
[-0.00018097261860859637, -3.3611855906577615e-05]
[-1.5346905107530007e-05, -9.840313201666534e-05]
[-1.4164857929030439e-05, 3.026783585779319e-05]
[2.637615665760512e-05, -9.46614196607081e-05]
[1.1505029901059255e-05, -1.4399183924055248e-05]
[-6.962094152102027e-05, 2.5003862876897542e-05]
[-3.0399029711261627e-05, -0.00018295449965195082]
[-0.00014553108892463584, -0.00010981370962032111]
[2.39950601890887e-05, 0.00014082285987433718]
[0.00012958962330848756, -3.1832701881451264e-05]
[0.00023613616178036478, -0.0001460206694109678]
[7.840663748273635e-06, 4.066970678720527e-05]
[8.072682027671779e-05, -1.0174830983589178e-05]
[0.0001943914477290365, -4.17907073273216e-05]
[6.106579729599909e-05, -9.610446963673192e-05]
[0.00010948059858720272, 0.00010011041274371468]
[-2.2934185964496034e-06, 5.532822702009055e-05]
[-0.00011347577091253003, -0.0001430459518618754]
[-4.5392170262656406e-05, 5.07601849641659e-05]
[0.00028023919191431934, -5.5974267789776766e-05]
[-6.215809280202267e-06, -0.0001267675055852402]
[-0.00019795049960148747, -3.815440287340682e-05]
[-6.946109599667571e-05, 2.4495699058706133e-05]
[6.196603830743719e-05, 1.0345625899424449e-05]
[-3.991025023089567e-06, -0.0001497275474246114]
[-0.0001729140630703091, -9.210645950621368e-05]
[1.7914282895332978e-06, 2.200783469852568e-05]
[7.025168696166151e-05, 5.31196957315877e-06]
[0.00021195975531369815, 3.514024012293143e-05]
[6.316007713443039e-05, 4.9118763119415654e-05]
[1.5082529070523099e-05, -0.000215942062382804]
[5.8053864483903483e-05, -4.890943930016545e-05]
[0.00011862987116471879, 0.0001993010357715097]
[0.00011387738489579413, -1.5744205115963972e-05]
[-1.615794937793319e-05, -9.749502194231208e-05]
[4.556089369758126e-05, -8.159547229219521e-05]
[8.586883093961856e-05, 0.0001032820775390686]
[0.00012510840711745658, -0.00010410938745639142]
[-0.00012178036169056827, -0.00021741493414884072]
[-3.953904965053878e-05, 5.38413106104807e-05]
[-1.6450669596212997e-05, 0.00011709627747980011]
[-8.980591682951344e-05, -6.46146188229696e-05]
[-3.053603169991814e-05, -0.0002601498796721835]
[-3.0513042008128988e-05, -0.00011715413420098492]
[7.314379367806545e-05, 0.00017531690906439495]
[4.6612287458659e-05, 0.00013047133013786546]
[0.0001284044013471347, -0.0002188991311342966]
[4.34859131066348e-05, -5.833276257109429e-06]
[1.1315364452042787e-05, -2.1355282995612e-05]
[1.7114409099794337e-05, -2.4053300780750575e-05]
[7.629621087054672e-05, 0.00013083386054006663]
[0.00011445249147544467, 2.4702294433964767e-05]
[1.8859794117337403e-05, -4.4083766706212724e-05]
[4.989533665733514e-05, -0.0002101366640339386]
[7.597153722552208e-05, 5.8994467677070395e-05]
[6.213032358153708e-05, 4.395653192040827e-05]
[-0.0001206724045191461, -9.117868822319797e-05]
[3.397018490943447e-05, -8.507467607821173e-05]
[-8.851096023297644e-06, -4.0295807561097075e-05]
[-0.0001548380953015488, -7.949687682518025e-05]
[8.739476558992931e-05, -5.727160332158476e-05]
[0.0001205121798992792, -1.4330237062903928e-05]
[-7.91407000571287e-05, -9.364860349223014e-05]
[-8.116972787915178e-05, 8.74425508646387e-05]
[0.00024329255220321977, -3.796592450559799e-05]
[9.752376795121864e-05, -3.306790427436493e-05]
[-9.860448534941557e-05, -8.061495095754156e-05]
[-6.197675177213938e-06, 7.228981741629363e-05]
[0.0001552600075266676, 0.00013016408470083402]
[0.00017534502810042513, -0.0001538392144782557]
[1.7716474612773647e-05, -6.197371443823242e-05]
[1.754680405803566e-05, 7.302017887690637e-05]
[-1.9907231172122675e-06, 1.9343263844513736e-05]
[-1.2357738717258537e-05, -0.0001385250827469764]
[-0.0001680094964950779, -4.104884683053811e-06]
[9.108636427987427e-05, -3.862270853088878e-05]
[0.00014887309074293475, -5.690695598539741e-05]
[-0.00025047085752970266, -7.49889765876699e-05]
[-0.00012040530524414644, -2.4513130671421912e-06]
[0.00023427544202896632, -9.356858768347354e-05]
[0.00020472105215878222, -0.00015586557659816314]
[-0.00012108824325499784, 0.00016300242225500416]
[-2.5432704904515546e-05, -9.435639783061944e-06]
[2.152577264102895e-05, -9.037679783062413e-05]
[0.0001364149983255486, -3.22715073388935e-05]
[0.00023293160324051876, 5.408260568311174e-05]
[2.95031018798797e-06, -3.738946251197889e-05]
[-0.00010420186775951523, -5.077258429031159e-05]
[0.00012286447301770864, 0.00013643673261480062]
[0.0002458909003430687, -2.644880264514543e-05]
[-0.00013738427932091096, -0.00020247396013904422]
[-0.00011752648546144162, -5.345557196768588e-05]
[-1.9436105858805508e-05, 0.00017775866525494496]
[6.087310559928227e-05, -6.464010666278053e-05]
[8.547711646877953e-06, -0.0001640730448503186]
[-0.00010880344469010872, -5.446382466595123e-05]
[-5.580681341268989e-05, -3.343363648906916e-05]
[1.631053845491115e-05, -9.30506312318835e-06]
[9.976089478595795e-05, 1.210351638544771e-05]
[-6.050933649889845e-05, -1.815530143697841e-05]
[8.556256849415883e-05, -0.00011513792697717684]
[9.247210612312734e-05, 4.4154593093176375e-05]
[6.336006296817076e-05, 7.434325549859899e-05]
[8.21696017575535e-05, -0.00012068425279840311]
[0.00017110099447384397, -0.00010356778176914827]
[0.0001513565412140372, 9.312913764604469e-05]
[-6.555985420729493e-05, 0.0001041463737320586]
[-4.181969676178565e-06, -8.552638816468339e-05]
[3.92815631191229e-05, -0.000160246632682777]
[0.00010979216014272986, -8.236703432873242e-05]
[-0.00013515724688812486, 0.00012186864579089886]
[-7.709671089691644e-05, 6.720733332415062e-05]
[4.3216354805232504e-05, -0.0001699173888071087]
[-2.7682084323257805e-05, -0.00016858304527340995]
[-6.83652792126399e-05, -9.31370977875351e-06]
[-4.642758575018613e-05, 8.750578322419544e-05]
[6.499932677284104e-05, -2.991700375754025e-05]
[-2.218538410871107e-05, -3.815415418204071e-06]
[5.7629476813661484e-05, -3.842870816045396e-05]
[3.433829761229079e-07, -4.614612378700533e-05]
[0.0001203143791183997, 3.096721742451569e-06]
[0.00012992037234911893, 2.1877838305428554e-06]
[3.2135731419979247e-05, 5.693044766388877e-05]
[6.134023908540426e-05, -8.643274349834362e-05]
[0.00016684453808836486, -1.697718801690895e-05]
[9.823325560485985e-05, -3.600985663912426e-05]
[-0.00011863921551961976, -3.609407562149558e-05]
[0.00012372009231753633, -8.265009243769994e-05]
[4.448147975660843e-05, -5.0531721174501554e-05]
[-9.891116963160751e-05, 7.349343730817665e-05]
[-9.445247028240511e-05, -7.541183594611534e-05]
[5.267536527202993e-05, -0.00015703474421735822]
[-1.162865601860713e-05, -0.00011878439769316077]
[-0.0001358339763152562, 0.00016735193394131344]
[1.019881219624548e-05, 7.732643975286212e-05]
[3.680912859860275e-05, -0.00012123888283481835]
[8.823768881786875e-05, -0.0001671222206404803]
[-2.600317647453998e-05, 0.00015146355290193703]
[7.941292548524492e-06, 0.00013592195174405575]
[3.962581740901694e-05, -0.00020011497324259886]
[0.00015162593924168688, 2.407574663798595e-07]
[0.00016912388103117182, 7.769093985443565e-05]
[3.2733242445737165e-05, 2.1191592057739905e-05]
[-6.207550414784671e-05, -0.00017519808575730544]
[2.6418444510831196e-06, 1.268584464253486e-05]
[0.00023938247914488675, -3.786121231236228e-05]
[1.1479810903450294e-05, -8.41349167867711e-05]
[-0.0001427694097224652, -4.281308674247697e-08]
[-5.9588443384300804e-05, -4.179980703325481e-05]
[9.908215677560672e-05, -0.00012632284918255576]
[8.439015716328602e-05, -0.0001497325113765935]
[-2.9337427582751263e-05, 0.00013547267370628974]
[-0.0001123852241398382, -5.64192482714887e-05]
[-8.562310598838468e-05, 7.207263354555744e-05]
[0.00011939426246444784, -1.0709961174407232e-05]
[4.24900242004464e-05, -8.162492051570986e-05]
[-2.8150141673743273e-05, -5.3650123690305966e-05]
[-1.2793565607169266e-05, 8.326786880018255e-05]
[9.335526539981653e-05, 0.00024100376156274694]
[0.0001392474954833578, -0.00017808105619944448]
[0.00013512006478609562, -0.00019369716249935387]
[-1.0874227981891305e-05, 1.1668743463422171e-05]
[-0.0001391721404659374, 0.00019127123970333337]
[0.00010368782871215954, -0.00012055606471086944]
[0.00010270367325370539, -0.00011948704072559102]
[-2.77174439651251e-05, -8.335965799444178e-05]
[-9.968157212783546e-06, -5.1893187455409606e-05]
[4.982457161026993e-05, -2.9254381907928284e-05]
[-1.3210258731660707e-05, -8.911883719381342e-05]
[-1.2173926960831749e-05, 4.140437091756932e-05]
[7.964423038357704e-05, -0.00012795380640986953]
[5.283910616105114e-06, 8.443545712476241e-05]
[-5.7304508250102804e-05, -3.865754539039701e-05]
[-6.685287688188574e-05, -1.2114019528546016e-05]
[0.00011160012560727794, 4.0898920255733745e-05]
[0.00019410349600898318, 7.437146792285253e-06]
[7.95259969118417e-06, -2.304590359663368e-05]
[-9.58241987880637e-05, 2.0480145371440384e-05]
[4.7522668971310134e-05, 8.410854299822565e-05]
[9.683886817775378e-05, -0.00015905315183954716]
[-7.01842665231378e-05, 1.770993898965456e-05]
[1.4841680980037797e-07, -1.0797352840569152e-06]
[3.82763117641044e-05, 3.338146349821103e-05]
[3.265647713325548e-05, -0.0002391014919012613]
[9.695345655723331e-05, -8.594448750146033e-05]
[1.7438095202298998e-05, 0.00012569321455574434]
[-9.466950740370794e-05, -0.0001422239124976854]
[2.958062394182656e-05, -9.643957513894019e-05]
[0.00010808555305975853, -3.545528710127699e-05]
[-0.0001133327112143312, 0.0001414465751098104]
[1.0003286463416972e-05, -4.545150734017178e-05]
[0.00014737424647963404, -8.53707828120942e-05]
[4.7318186184766575e-05, -4.4988441876767093e-05]
[5.192410821515392e-05, 7.002003959329095e-05]
[0.00012711348094303354, 3.6058331647298436e-05]
[2.6812808109275e-06, 2.6896436475923324e-05]
[-0.000125090005023476, -5.881323357898732e-06]
[5.166653842484693e-05, -0.00013010513538337426]
[3.4360767565730366e-05, 5.0468843892552374e-05]
[2.303978301435028e-06, -3.94482357713756e-05]
[-1.742172197011921e-05, 7.353472883205037e-05]
[4.786934089728856e-06, -0.00012506208794292595]
[5.847912277495704e-05, -0.00018362911499644058]
[3.204388421600146e-05, 1.629973108049909e-05]
[-9.091502556543563e-05, 1.5047521454578106e-05]
[-9.663305252503862e-05, -5.591777308647239e-05]
[0.00017699654091052341, -7.136732047616223e-05]
[7.17247397708301e-05, 6.789163142556509e-05]
[-6.123723523735608e-05, -7.437342741808961e-05]
[2.738443825473294e-05, -4.591221181515781e-05]
[0.00019246788388884578, -2.885630001864259e-06]
[0.0001329365504712937, 7.956296625796777e-05]
[-4.795152173438233e-05, -4.923222702382657e-05]
[-8.040285345335685e-05, 1.7908283530890245e-05]
[-2.01166699332761e-05, 0.00010020729649655447]
[0.00014583816019332618, -0.00019468814207561358]
[7.476119383510726e-05, -1.7905157446457265e-05]
[-3.866827223843183e-05, 4.250638073868135e-05]
[-9.718847300497352e-05, 3.6279230315364175e-05]
[9.292016147221561e-05, -9.566511306643863e-05]
[8.22849490734719e-05, -0.00017299594216750475]
[-0.00012285612462409334, -3.649157789013119e-05]
[-0.00011716973626894889, 1.6496696803772193e-05]
[1.0780382716402137e-05, 5.7212748333923535e-05]
[0.0001014736632961033, 5.265726322062347e-07]
[-2.124521583009298e-05, -0.00010970976124807796]
[0.00011830236290365226, -0.00015209374297521505]
[0.00010914553371807467, 0.00012083459316611367]
[-2.5934728905219195e-05, 7.528025351802303e-05]
[4.732593672153451e-06, -3.0425882884210775e-05]
[0.00011983848169395787, -6.177471877416574e-05]
[7.610473813248614e-05, -4.962614019526912e-06]
[-4.406348454840531e-05, 7.451572982963839e-05]
[-3.500203343324848e-06, -0.00012629477280393098]
[1.658256362965793e-05, 3.079062665609089e-05]
[0.00015303426221556504, -1.2587447666315144e-05]
[3.334547243775965e-05, -6.858376491289397e-05]
[-0.00010891640084091658, -3.48883026790453e-05]
[-0.00010426953309698728, -9.00842350094258e-05]
[2.059671790376888e-05, -0.00010610489163548342]
[7.403107950068599e-05, 4.476371950964085e-05]
[-4.562967133005247e-06, 9.333494608440346e-05]
[4.011658286935324e-06, -0.00017111317723914488]
[-2.7572641119771868e-05, -6.128729249788023e-05]
[0.00010279964760558785, 2.837378319865344e-05]
[8.807408829311636e-05, 0.0001052768684810454]
[-3.4697783301035345e-05, -9.322569774514178e-05]
[-2.3213512507044842e-05, 1.4740339727981056e-05]
[7.142009017607753e-05, 0.00012628510174633734]
[3.341844962137519e-05, -0.00015617669547091095]
[6.673059821531852e-05, 1.0708151696736667e-06]
[0.00012020832097815043, 4.601490214947712e-05]
[-7.097698883189087e-05, 1.978268421926055e-05]
[2.2390629417605445e-06, -0.00016929950338259725]
[0.00010259603889137964, -4.034306270100929e-05]
[8.152011603312914e-06, 6.637965311079297e-05]
[-0.00014336187580213378, -7.741589431919937e-05]
[-3.676676372542376e-05, -0.00017352808437441636]
[0.00011157139255976722, 8.68302735282378e-07]
[4.193181819857339e-05, 9.566131696347319e-05]
[3.486668559488093e-05, -0.0001274129522254447]
[-1.2433391705743424e-05, -2.8552046510629814e-06]
[1.4617843687426968e-05, -6.000129404224071e-05]
[4.459167707345987e-05, 6.747435656625123e-05]
[4.8389553720114276e-05, -1.145136694333292e-05]
[3.630242389063287e-05, 9.683819564985235e-06]
[3.1543618508461657e-06, 5.931496975350101e-05]
[-4.479018482647645e-06, -4.654210471934095e-05]
[7.769080014188856e-05, -1.6829936822504443e-06]
[9.430994049920705e-05, -7.246633125716773e-05]
[-0.00012950564308478185, 7.186220401114718e-05]
[-1.530522386583577e-05, -2.1903908547615814e-05]
[0.00014426024735555987, -3.602576267161539e-05]
[-4.211881134582457e-05, -0.00015359577978019123]
[-0.0001478936353139504, -2.815308985540388e-05]
[8.439974493625046e-05, -2.5864045970103167e-05]
[0.00019232874286401191, -4.453019272640524e-05]
[-4.8235612382874216e-05, 7.872851225387834e-07]
[-4.30192412379099e-05, -0.00013784981391001816]
[5.4847926185735973e-05, 6.22641726201606e-05]
[7.506719137340134e-05, -3.788098373831705e-05]
[2.4795690604741127e-05, 2.6792224496058337e-06]
[1.2141147279765008e-05, -3.211224372005536e-05]
[5.223298338997984e-05, 7.238491212372376e-05]
[6.009577568998059e-05, 4.0213879181665284e-05]
[2.9260026539086603e-05, -8.997939080178114e-05]
[-1.4028478007854783e-05, -1.953437342916073e-05]
[5.749267306713601e-05, 3.542347720585787e-05]
[-6.532657640305473e-05, 6.982477575100121e-05]
[-3.50011064372685e-05, -9.70273328419341e-05]
[2.2068906681826927e-05, -1.769802515236285e-05]
[-3.6603244520247435e-05, -0.00010189978059943483]
[-2.6593614697270618e-05, -5.359400178150953e-06]
[3.8687654066615895e-05, -2.951939463077813e-05]
[4.518504200708845e-05, -4.251293308585313e-05]
[-5.895938065695466e-05, -8.162341507605975e-05]
[0.00013124120262650307, -7.285589261321612e-05]
[9.857967720832556e-05, 0.00010563065714078168]
[-3.9868797364686626e-05, -8.316660335982995e-05]
[3.553259296018574e-06, -6.652738712899231e-05]
[0.0001599100308219692, -1.8820377268649602e-05]
[0.00014732987900295536, 0.0001016299770537632]
[-2.768770957051192e-05, -1.797019981215897e-05]
[-6.21544681442543e-05, -5.489135153524671e-06]
[-2.6158331849837624e-05, -1.420176883811311e-05]
[0.00014202337385794093, -0.00010199156048312178]
[-5.845119312827829e-06, 8.647335598554193e-05]
[-9.463524136592988e-05, 8.982714230355848e-05]
[-7.201096097059212e-05, -7.311276611661824e-05]
[-5.156356046753796e-06, -0.00023450983960997956]
[2.1430928459589826e-05, 5.191087245768472e-05]
[1.7887952573139576e-05, 7.381996044973638e-05]
[3.596747985015747e-06, -0.00010570229153819555]
[-0.00011689243885694423, -8.747007603235324e-05]
[7.894273507852434e-05, 6.350702310375933e-05]
[0.0001098107019881292, 3.071136400356611e-06]
[7.912540165201307e-05, -0.00019009138511047463]
[3.12123156715775e-05, 1.7969180763688364e-05]
[4.672328585637181e-05, 0.0001259883637739767]
[5.018904748191333e-05, -4.120214692759916e-07]
[0.000132546951670795, -0.0001333011945735263]
[0.00014677824297229525, -3.7384110868760034e-06]
[-0.0001239193374639319, 2.8271284853775835e-05]
[-3.152998269315144e-05, -2.6974652851216585e-05]
[9.382091675852466e-05, 3.7973834048944666e-05]
[6.767143054642322e-05, 2.1644272231759187e-05]
[-0.00018317387370422877, -0.0001062985908508278]
[-7.935874953366676e-05, -0.00010693463514877775]
[6.36416531162691e-05, 5.92246956495225e-05]
[-5.565612922573543e-05, -2.0857658653738315e-05]
[-3.802367110500304e-05, -2.661567886168628e-05]
[3.726684647209488e-05, -1.869061190308552e-05]
[8.33989176977773e-05, -8.636088048716295e-05]
[-8.097070245940974e-05, -1.2424246400702388e-05]
[7.33605738172799e-05, 2.395164546564743e-05]
[0.00013255236296601247, -4.109311150635175e-06]
[2.7825958890136115e-05, -5.6487096456059316e-05]
[5.698691931260713e-06, 3.670434482502816e-05]
[0.00013498249072587017, 4.610145943700905e-05]
[8.808280530141904e-05, -0.00013444560313830012]
[-3.50896223391059e-05, -4.866711926920786e-05]
[0.0001172362273193367, 9.196761849036839e-05]
[7.582482694667991e-06, 3.404307014595598e-05]
[-4.9053643121535484e-05, -8.967393844486193e-05]
[-5.489235058124542e-05, -0.00010865095934836644]
[3.062593266868474e-05, -3.316972929075235e-05]
[-3.357201119444375e-05, 3.800463677096355e-05]
[-7.152455650478312e-05, -9.257721835092061e-06]
[-1.3463673881497495e-05, -7.5100137327885e-05]
[1.561505661729773e-05, 1.5331125134916473e-06]
[8.113509419626665e-05, -3.8394865472310055e-05]
[-9.825551099933855e-05, -1.6335459733639313e-05]
[-3.098776249547963e-05, -1.256132262871662e-05]
[0.00012868222712562882, 4.036931600349958e-05]
[0.00012776431954686363, 4.090468630404964e-05]
[-3.2444158444874804e-05, -9.373903103994385e-05]
[9.708132735200548e-05, -4.550432290993667e-05]
[0.00014878449095588608, 1.0125510990888209e-05]
[-4.389207219689106e-05, 5.605907845246394e-05]
[4.916168109931479e-05, -3.7758880458427235e-06]
[2.7730538470105426e-05, -8.049182122921161e-05]
[-4.1922687077814574e-05, -0.00010257763751858606]
[-3.5447550232790836e-05, 5.673003306275182e-05]
[7.151757760427008e-05, 6.232539537076587e-06]
[-5.6495180286234015e-05, -0.00011428628955093001]
[-6.512275483998298e-05, -9.592129452852538e-05]
[0.00011206955671690111, 9.011831962446593e-06]
[4.4046666706223925e-05, 0.00010817672150758434]
[-9.635475507720204e-05, -0.00015228077625715347]
[-0.00012788759946819744, -2.004367764744941e-05]
[8.201558824649097e-05, 8.892323479677347e-05]
[0.0001479281647682358, -2.6906243460652398e-05]
[6.837047547618262e-05, -6.606096446257485e-05]
[-6.104665340171678e-05, 4.895142198859878e-05]
[5.53053675480808e-05, 7.63540990531067e-05]
[0.00014219552033516158, -0.00011806690434751355]
[1.6977510901003412e-05, -5.2955373882404566e-05]
[2.772959726955737e-05, 6.593073973397423e-05]
[-3.65584071783942e-05, 4.926477094691073e-05]
[-4.3838451449312865e-05, -0.00014507064789470725]
[2.347664886120926e-05, -3.858540194107141e-06]
[0.00010453421449893238, -2.400607891420159e-05]
[-2.687223817589464e-05, -0.00012456525594073398]
[-5.776315420090786e-05, -1.714676512654112e-05]
[1.3449240802612672e-05, 3.569961199162419e-05]
[-5.682290057391903e-05, 4.305956516573173e-05]
[2.84431704542093e-05, -0.00014069887311510265]
[5.500759508246522e-05, -5.019584218499129e-05]
[-1.6556109336221536e-05, 3.9864090373056826e-05]
[-2.8227639697904483e-05, 4.5686912209609576e-05]
[0.00020007469959577862, 1.6618861942784002e-05]
[0.00014978830044907673, -1.721657642145269e-05]
[-8.471327216139773e-05, -0.00012870142885453798]
[-3.52930725195863e-05, 2.0250844291416596e-05]
[5.5991176707308535e-05, 0.00016187150277478194]
[6.29586776747515e-05, -6.460534900175341e-05]
[-5.228764374842765e-05, -6.589904967579593e-05]
[1.452954655783989e-06, -6.263238746144484e-05]
[3.140322907893567e-05, 2.67732067163462e-05]
[1.8639637697617784e-05, -7.15516000523303e-05]
[-2.8924749683981177e-05, -5.994348415692963e-05]
[1.2791463584814478e-05, 1.4365172359254164e-05]
[2.6771913993556273e-05, -8.34284386618811e-05]
[-0.00011512969462415014, 2.0410349021698915e-05]
[-3.272594725732027e-05, 1.866797199917558e-05]
[7.115267108642742e-05, -8.887482011279979e-05]
[0.00014068424259142814, -6.596486805046653e-05]
[3.873277426300059e-05, 0.00010445601435549179]
[7.6277627353571464e-06, 1.84231848562727e-05]
[3.4348784469673266e-05, -6.274961213022234e-05]
[9.973603559711164e-05, -5.492638907365899e-05]
[8.91056857589348e-05, 2.7398556398439133e-05]
[-8.584161021849002e-05, 5.198528158625523e-05]
[-2.2060404898167907e-05, -6.767413554382377e-05]
[7.289906766851789e-05, 3.248902542435719e-05]
[0.00011464831244930446, -3.387070783793418e-05]
[-5.691204483949941e-05, -0.00011121302858180075]
[-9.282255869012823e-05, -3.7807788594846486e-05]
[-3.871528355611775e-05, 2.748756997095897e-05]
[4.568851443745303e-05, 1.504868768410772e-05]
[2.0786252332011257e-06, -6.765686658624648e-05]
[-0.00016968074751187723, -5.262573671276083e-05]
[4.349971441151845e-05, 8.053188912060527e-06]
[0.0001552538783577903, -1.7744379140954836e-05]
[5.802541375377404e-05, -4.400825214745385e-05]
[-4.486391540446232e-05, 4.54980399239302e-05]
[0.0001074601503485359, -1.548294793116134e-05]
[8.73963057352739e-05, -9.004223573888526e-06]
[-2.7249104656512646e-05, -1.661480153974937e-05]
[2.8922329451619433e-05, -5.7910752292417156e-05]
[5.298694518153513e-05, 6.66629011071701e-05]
[6.480422329745161e-05, -2.0267534519669006e-05]
[2.35672885717797e-05, -9.67714099588124e-06]
[7.039557698570315e-05, -5.516834989634581e-05]
[-5.533260554127506e-05, -0.00013513506417101376]
[-3.853930011462909e-05, -5.300569384161097e-07]
[-2.6372832158144677e-05, 7.725413039787632e-05]
[-2.073398242183333e-05, -9.455602978016703e-07]
[-2.121206869341516e-05, -0.00015683448026243205]
[-6.821953647706547e-05, -2.019104854009135e-05]
[2.6159860390541356e-05, 8.606645902822785e-05]
[2.4042187063713638e-05, -1.1811905735972794e-05]
[7.10651087768438e-05, -0.0001040871587822817]
[3.055432167728411e-05, 7.2561325805659e-05]
[9.527542094857344e-06, 5.399501611416668e-05]
[-2.476507198043154e-05, -0.0001036865178841162]
[0.00011865749583462454, 1.140166229796069e-05]
[0.00013437545563868385, -9.24743806093864e-06]
[-3.209834806780498e-05, 2.9137265809275892e-05]
[2.801515581989794e-05, -5.6418612002728796e-05]
[8.846030751105682e-05, -1.9587152685129894e-05]
[7.00043151765084e-05, -2.4015663098536644e-05]
[-7.964126311410524e-05, -9.56284046467748e-05]
[-2.3344378763154316e-05, -3.932371079644337e-05]
[-3.2658713059366407e-05, 1.5311062195967617e-05]
[-1.5965431573970734e-05, 2.3687257782904064e-05]
[3.8827450329959046e-05, -7.446550173942877e-05]
[-1.4242559282794803e-05, -6.021014256731412e-05]
[-2.039857626548458e-06, -7.85159974433989e-05]
[-2.165304471803825e-05, 0.00013343963325057086]
[-1.3886912337918167e-05, 3.964761987580896e-05]
[4.2384607218934334e-05, -7.087592999133197e-05]
[0.00011031632124398894, -6.674200061695251e-05]
[-7.035033164823346e-05, 4.791049172235551e-05]
[-3.9582164419349475e-05, 0.00013683175512003987]
[0.0001336154991640609, -0.0001467969624036336]
[0.00010925730046992821, -1.6722532262591905e-05]
[4.024104327046696e-05, 3.353825055890658e-05]
[9.769081800987608e-06, -1.272515580111322e-05]
[-1.317987007425428e-05, -0.0001243226744359338]
[-5.0531780402714166e-05, -5.910265557823591e-06]
[0.00012253828414265228, 1.2943834875878135e-06]
[5.464891628520485e-05, -0.00010621318796452672]
[-0.00011381173922025978, -2.2879821034910153e-05]
[-4.145209221903534e-05, -7.572370701453002e-06]
[6.396862905004574e-05, 2.0532843994405803e-05]
[4.657093701314341e-05, -0.00012457649200955934]
[-2.2646266310301366e-05, 6.325977916642536e-05]
[-4.868407352113385e-05, 7.370439792316746e-06]
[-2.5953151083380616e-05, 3.883556793044169e-06]
[0.00012466407527634248, 2.5542058882570268e-05]
[5.59979607692232e-05, -1.4613484106886648e-05]
[-6.277077333942394e-05, -1.738117076282089e-05]
[1.4640953752642627e-05, -1.85678356947952e-05]
[8.979461813050926e-05, 0.00011197881772992413]
[4.98634422891886e-05, -8.981257360182737e-05]
[-2.0496643505951706e-05, -5.9940871571351195e-05]
[-1.6316448927661265e-05, -6.9234692057495995e-06]
[-2.3575053580207617e-05, 4.988175696785113e-05]
[7.825722962896339e-05, -0.00016417948080504896]
[7.681826670994166e-05, -9.871346613357646e-05]
[-5.503050783027541e-05, 8.104495248728583e-05]
[-2.242881860742285e-05, -9.911660536460198e-06]
[5.794124026301667e-05, -4.510031062152087e-05]
[3.384057403517382e-05, -0.0001648951679725369]
[-1.5896965784717443e-05, 5.241320625985757e-05]
[1.7796476340814493e-05, 5.375024766465786e-05]
[2.4011623502802337e-05, 8.09427995903042e-05]
[2.801078800551693e-05, -6.821627642547567e-05]
[4.06413606076142e-06, -6.354824913410925e-05]
[7.832585242319168e-06, 3.164533851204507e-05]
[6.041267705607367e-05, 1.1055148933157468e-05]
[1.7850990540898247e-05, 0.00010041609680059161]
[-2.250959303598532e-05, -3.357963309013473e-05]
[-8.958457643842843e-06, -7.058287525813639e-05]
[6.316119985644297e-05, -0.00012260312770322884]
[-5.19466082926634e-06, 6.684173753292166e-05]
[-3.5059677071597184e-05, 1.4221126663910288e-06]
[1.728170047540778e-05, -7.673275691258419e-05]
[1.7686732148039508e-05, -7.088520686923672e-05]
[1.6075611723190275e-05, -2.4956746178528277e-05]
[-2.610626905227495e-05, 1.0119110262524211e-05]
[5.000155854840548e-05, -8.840310233626525e-05]
[7.290888689116468e-05, 6.60863411969248e-06]
[2.73330992986362e-05, -7.287926047178095e-06]
[-2.015519874995486e-05, 8.577940545044516e-05]
[5.722674871407041e-05, -7.429464563483978e-05]
[8.790347043671765e-05, -7.248104323749616e-05]
[-1.3030167515040714e-05, 4.2653260299646556e-05]
[-2.242274131755706e-05, 8.120842964845498e-05]
[8.923611048483604e-06, 4.034541112352477e-05]
[7.345480392776174e-05, -0.00010820024440447856]
[-1.2557973030020986e-05, -2.3903886142689207e-05]
[-3.69408354949155e-05, -1.6546682572697027e-05]
[-2.034148394152238e-05, 2.422276656034294e-05]
[7.775784211253023e-06, -6.76864374198824e-05]
[-1.7445831481062435e-05, -1.011193157145554e-05]
[2.1432515122932205e-06, -5.215752898361098e-05]
[9.338903008393462e-05, -8.556241328322445e-05]
[-4.8000617026852654e-05, 2.4608371788178984e-05]
[-5.598926737136051e-05, -4.299132391832883e-06]
[9.153884798795281e-05, -2.323680981805576e-05]
[0.00013178234462644933, -8.520915726037415e-05]
[-3.547850413785497e-05, 9.89193668060051e-05]
[-2.7267610305879708e-05, 1.351623483267228e-05]
[4.148802250961495e-05, -0.00011318675200353012]
[7.320192313323842e-05, 1.763895361589496e-05]
[0.00012544173558241833, 7.11635580784159e-05]
[4.96999700533296e-07, -9.274294537189864e-06]
[-7.031633078236066e-05, -5.26255632761069e-05]
[-2.8878867646159323e-05, 1.336782922979618e-05]
[0.0001032231574642703, -5.829854505466983e-05]
[-1.9145898582567655e-05, -4.1935971258153654e-05]
[-9.310992225771211e-05, 1.4251204765889855e-07]
[-4.5425167137777556e-05, 4.127041183231623e-05]
[2.5424032904834692e-05, -9.764551808906768e-05]
[0.00011759177891364908, -9.136742711402576e-05]
[-2.089886875523972e-05, 3.949767778112234e-05]
[-9.494789271227017e-05, -3.912578316804527e-05]
[2.8435418588740324e-05, 2.808324829214892e-05]
[0.0001511374806294763, 1.234291166704593e-06]
[-1.969498108807255e-05, -2.9167629015780516e-05]
[-2.462186601746852e-05, -6.863453515748574e-05]
[9.099853820178361e-05, 3.573291530423184e-05]
[5.754122019652544e-05, 0.00010122564655906663]
[1.3437964803083603e-05, -6.998647499484312e-05]
[4.038051381750549e-05, -7.81676206310089e-05]
[6.897738969650902e-05, 4.282566458427284e-05]
[-7.805110695452422e-05, 6.363304029669004e-05]
[-5.107826755451628e-05, -0.00011636927298419586]
[3.2837583643113843e-05, -4.493801648829121e-05]
[7.422598895405474e-05, -3.307355466377476e-05]
[-1.1423306746943807e-05, 8.485169748440047e-06]
[-5.2835695076441924e-05, 1.0031048543218679e-05]
[2.671409517490675e-05, -0.00011554385834800993]
[2.167414824089109e-06, -3.5731569195642226e-05]
[-1.0505731078962188e-05, -5.062826982473617e-06]
[1.4202124230845714e-05, 9.773650773550139e-05]
[2.3873450258064116e-05, -3.837466033763774e-05]
[-4.2225254741470875e-05, -7.672867617606466e-05]
[0.00010163523802235452, 2.3810351756275994e-05]
[0.00012082349826166017, 2.5863871326942123e-05]
[-2.5917996377702868e-05, -1.7772822330744398e-05]
[9.591743897863214e-06, 6.8509345914485875e-06]
[5.7010203307887586e-05, 2.8921466734818657e-05]
