[458.77680430564, 39.720888403608626]
[-9.48583807930799, -10.280786250448678]
[-2.0466732327605834, 0.9821056211475355]
[-7.342838756634422, 0.5098962893166152]
[3.667804877595306, 0.4289492486973711]
[0.660882473197077, -1.947637716402038]
[-3.533202610896576, -2.4205112877754074]
[0.6102062323736384, 4.449291716844012]
[-1.9597389818711655, -0.40657278021999377]
[-0.3404138501905454, 0.1823273019267191]
[1.134884505356112, -0.2680777884256933]
[-0.9063321182187236, 0.3508577064231124]
[-1.2342486383652105, 0.647293924161968]
[0.2630466997855798, -0.05354367372438418]
[-0.531020337836523, 0.5960015211030516]
[-0.28352029192445105, 0.7034467591991795]
[-0.1402774181142732, 0.10568628057224472]
[0.18311692132326396, 0.9326363477447028]
[-0.2572974583321246, 0.732884452705576]
[-0.05519256211225532, -0.026900703523042857]
[0.2153390819580414, 0.10316504006500526]
[-0.47322064829311916, -0.20577091219542654]
[0.07742267174373829, 0.3472452272016153]
[-0.36089709800314207, -0.052713984586825635]
[0.05438502671207246, 0.10513276364061719]
[0.3174888476813802, -0.21848333913395557]
[0.31190475441754995, -0.18488655757147532]
[-0.051692194860196494, 0.02523721120488087]
[-0.02413569700206697, 0.050011303079684044]
[0.22919028778769057, -0.37528515487615]
[-0.08937758976515653, -0.20830873720114607]
[-0.28724424326610176, -0.09560622392315477]
[0.08832670055427627, -0.1740238936654901]
[0.11026069004746164, 0.03557722342222469]
[-0.12655643058302957, 0.12939712132575432]
[0.15232170040664883, -0.23256527315913367]
[0.025564030905865565, -0.17060012519681145]
[0.04487535238803586, 0.020985789958927192]
[-0.08967624500902982, 0.02296892089089919]
[0.0007120724220013308, -0.09910033859481704]
[-0.07457789743921239, -0.0817786047932163]
[0.010285732006930282, 0.007969018803062333]
[-0.040555220607687126, -0.017005660701674863]
[0.019671137308785003, 0.11225001305660509]
[-0.07260507506096614, 0.08040286375862493]
[0.12773900337403976, -0.12543903894122366]
[-0.07251266164479864, 0.010787524407543714]
[-0.07537400895758806, 0.044096358812572234]
[0.006482502587678685, -0.0129475129562735]
[0.014285964521698835, -0.000305337271508499]
[-0.04573426248858281, 0.09035670677819052]
[0.01730553700096804, -0.04776783782785721]
[-0.040007131388888784, -0.031920512401380385]
[0.0435899523147234, -0.003491558307966436]
[-0.0003458454793301424, 0.03461757656676134]
[0.05984484620390951, -0.05522400209238221]
[-0.00028173650242724335, 0.014781379604051459]
[0.04438361876329211, -0.04538266246741518]
[-0.04089884990183679, 0.00750961081384105]
[-0.015728108815145914, 0.02697112642229449]
[-0.011333425100542693, 0.03505657413079355]
[0.08433321281914435, -0.03494314488535277]
[-0.0577315373838424, 0.003677427793551402]
[0.030016658270068303, 0.0031422509058796066]
[0.03504251666926039, 0.0175948376409929]
[0.055557959883453634, -0.02011279406508315]
[-0.0018357066320885962, 0.06082593953244242]
[0.009571130883610168, 0.016218541429303457]
[-0.028649303292455325, 0.012429212768811482]
[0.01638654832840125, 0.030735038099860112]
[-0.006346334718249108, 0.02756794443916677]
[0.029316989687809714, 0.02471945702304401]
[0.016765378726593116, 0.012963496073883807]
[0.030121440008970102, 0.003544049568381613]
[0.0019313787595253706, 0.03910283434212136]
[-0.0040814500335744075, 0.01123038325010528]
[0.03748398683482279, 0.02171148252161581]
[-0.0015356073186740815, 0.020583490620191824]
[-0.015940357731407895, 0.008683919578945432]
[0.013001903244125312, 0.025069916551750282]
[0.022373046096953342, 0.0037405979953759605]
[0.03013554302712773, -0.029025836242228653]
[0.014665089379460872, -0.00227325004397283]
[0.0007987659117483226, 0.01427169966486641]
[0.006080076584906724, -0.0019223315347924874]
[0.0231377101400696, -0.004535434155793272]
[0.01323809093558781, -0.00042938598554576046]
[0.019033936032421206, 0.024098381903610022]
[-0.0073332492371647184, -0.004724878480968808]
[0.022672691959244373, -0.007156248654761388]
[-0.020061624267244893, -0.0002161544511287694]
[0.013943427879980375, 0.0003487127853891714]
[0.018366377913677123, 0.0025555227414022497]
[0.014052409976622826, 0.025586890716208677]
[-0.02053696290425866, 0.004276463595727087]
[0.015517500944708384, 0.024581949488838628]
[0.01251428972664037, 0.013386926201057525]
[0.01905757950893805, 0.014512840973744723]
[-0.01773526379761803, 0.01183361177818898]
[-0.005498318997695817, 0.024261363347670484]
[-0.007970217848931593, 0.00878308973747366]
[-0.0073125711755153144, 0.010022163292516373]
[0.015442486387507115, 0.0167295162112151]
[0.005340170795105292, 0.04881583140485901]
[-0.0004923399488514502, 0.0200612271518128]
[-0.00217659665982306, 0.0028815088287301727]
[-0.00037268663648681866, 0.0033432566153255294]
[-0.011818909511430942, 0.010936793655323407]
[0.022370008201222813, 0.010988501918008264]
[-0.010213683407753082, 0.014453760463242094]
[-0.005613836549407614, 0.011159828357299895]
[-0.005865363068923823, 0.002295917709759121]
[0.019556300295163975, 0.004123686995878839]
[-0.0012772559369228498, 0.012250732832899736]
[0.0026874218563956997, 0.0021978965177449905]
[0.0014928154658081505, 0.009019120894307064]
[0.007136427506752474, -0.0021130427965899146]
[-0.010362700603580466, -0.015601633505963941]
[0.0161811827273467, 0.0013504726784251408]
[-0.004262281912259636, 0.019488565898676535]
[0.0005868163720066377, 0.019229976924369924]
[-0.0002592245455698139, -0.0058596197642113435]
[0.0010980119848134628, -0.009078270624914814]
[-0.0019032336828642693, 0.01155667354242828]
[0.017267595327663476, 0.0017736031598684227]
[-0.002022601554988346, 0.007126307183169003]
[0.0037412574458153824, 0.0034366373731121794]
[-0.007250086247121812, -0.0027601204885064675]
[0.014406750619610303, 0.0057245432136204255]
[-0.011145564506757674, 0.009677147338542717]
[-0.0014368872519990583, 0.007053500176819327]
[-0.0007279960470532656, 0.007993555970579233]
[0.012893540336820948, -0.006324367551554869]
[-0.00875406790755101, -0.0007153003914499925]
[0.014344839198054432, -0.006228602419433648]
[-0.003888122826773005, 0.004859724865104567]
[0.0063194404303397456, 0.004727172936912024]
[-0.011361018831009928, -0.009925731608127875]
[0.009132751801655292, -0.013468140187941319]
[-0.0006444554820578263, 0.007553505641452671]
[0.004914243344957769, 0.00020005883594628737]
[0.0029559158283735676, -0.008226690694247696]
[0.002888926367234146, -0.014242168693658755]
[-0.00238397371917054, -0.0035165829190493547]
[0.0077469514962373864, -0.010694631700784982]
[-0.004795266163601597, 0.001340983731962564]
[-0.006052353397097088, -0.0028050631855841557]
[0.0073755757568939595, -0.003372316986653301]
[0.0020618912647970555, -0.008551579922654484]
[3.6351970886139284e-05, 7.80543898111774e-05]
[-0.0012921618163935777, -0.004349469440470488]
[0.0052699414405616984, 0.0006006673287138886]
[-0.006012469455317859, 0.0023765403612495684]
[-0.005276655555727983, -0.00036746811745080876]
[-3.986481082107751e-05, -0.012840845513096555]
[-0.0023553684917300144, 0.013789804832841979]
[-0.0036134390556505913, 0.009431474770603299]
[0.003883984964990539, -0.0012108821637115685]
[-0.0034085229575300247, -0.0014936173535614605]
[-0.0016314792157081648, 0.0012152708135232393]
[0.0024355382975436157, -6.417601596142575e-06]
[-0.012902316806624348, 0.00505522189077956]
[-0.001236012824931243, 0.004276198224277938]
[4.080238112225132e-05, 0.003589046340918167]
[0.001062729926973316, -0.0019967485690389752]
[-0.006999665647803632, 0.0027244941252444477]
[0.00025865892125120915, -0.0010452106965108676]
[0.00010177480326478694, -0.0053319923346473175]
[0.0013746083256426234, 0.002084924166955271]
[-0.004206389827976831, -0.003723337895016554]
[0.005263192752091306, -0.00700406184623692]
[-0.004946057476077015, 0.001332920297219431]
[-0.0011652767486781679, 0.004825611264170915]
[-0.0015809150900805147, -0.00405021408421935]
[-0.0019566809920995576, -0.005809838474932327]
[0.0030934351999835075, -0.0022869509469947147]
[-0.0005800417665233759, -0.0023615080853445214]
[-0.004078847891698434, -0.005724030926038903]
[0.0035376644577769234, -0.0007825314507026171]
[0.004243763083478291, -0.002058497976286544]
[0.0007674349275673675, 0.0012844591474168165]
[-0.0034460073453487783, 0.0014260243279431428]
[-0.0024923144724663393, 0.00051144766923783]
[0.0011951831729237195, -0.002803876896802837]
[-0.0034243878760731317, -0.0012997604375586391]
[-0.0003186999154690118, 8.382145482865866e-05]
[0.004001453463185922, -0.0034033092902625572]
[-0.000509585439160215, -0.0008090963879849866]
[0.0024096648417070154, 0.006252602240233163]
[-0.0004993515110215674, -0.0006954730689108235]
[-0.0008949230730390112, -0.0031241644321544637]
[-0.0006058382605668711, -0.0004699064518456364]
[0.000109824897660038, -0.0008574413582058682]
[-0.0027098244948823517, -0.000865756760145997]
[0.0017956057600405084, -0.0029547274275079083]
[0.004863535460675972, -0.0046330234736926545]
[-0.0009624155647673105, -0.002838794847809689]
[-0.0032141355391462623, -0.0013924796808095774]
[0.003492378050850564, -0.0011764648629648544]
[0.005494838564615467, -0.0002948844882715296]
[-0.0051257347018730595, -0.0038386703784012433]
[0.0023816018058143706, -0.002752884570603076]
[-0.0005235281094539274, -0.005105712327445833]
[0.0015200161765529518, -0.003350818436368863]
[-0.0017099983927612167, 0.0018615411921443226]
[0.0037889009062329615, 0.0009686971833127167]
[-0.0056417219867703206, -0.002926735255596169]
[0.002921298288925289, -0.0006439114867515805]
[-0.001607461308589908, 0.00024655471868118006]
[0.0033060590434527692, 0.005152254712076143]
[-0.001150328153215141, 0.00033108565649309085]
[0.005031540645763943, -0.0009815940274682244]
[-0.00693423555663647, 0.002190271226796714]
[-0.004256770612999672, 0.0007033788433365995]
[0.0014579901577874144, 0.00381313007755657]
[0.0019974938439950574, 0.006499333953777775]
[-0.004943863727143782, 0.002810413003996537]
[0.0004555886546736554, 0.00376562309264894]
[0.0011675505483004223, 0.0018289279799188485]
[0.00013633872266705094, 0.0001644691250235475]
[0.0011248345991220488, 0.0034536495278335577]
[-0.002445758149340227, 0.0025505901521388763]
[-0.001197191101333872, 0.0014345699270698065]
[-0.003910794899921521, -0.0016722418000402195]
[0.0020743247761030315, 0.003831528202227097]
[0.001163231120929642, 0.004863595325535819]
[0.0009245331242392352, 0.0007246794961854874]
[0.00097967536813226, -0.002361538710618616]
[-0.0008250938707003996, -0.0014895825370292437]
[-0.0027881728358615243, -0.0011401466407034988]
[0.0053673682555097635, 0.0013533073613647417]
[0.0013668741745124224, 4.11063351191121e-05]
[-0.002680333664358714, 0.0006031830329304988]
[-0.001793205779399898, -0.0011299425950094255]
[0.0028316198079033628, 0.0018358724023617157]
[0.003204658994301113, -0.00015931076109754194]
[-0.0010736330630044533, 0.0006354729310606433]
[0.0008588411636634152, 0.000861194496615314]
[0.0008660637259285675, -0.002486335359391856]
[-0.002548700694050554, -0.0015563326888684559]
[0.00363110960409041, 0.0024670382804925506]
[0.0027315396612385134, 0.004168743288854554]
[-0.0009869203573381058, 0.0033442142568970157]
[-0.0004787590830148125, -0.0023859253528662194]
[-0.00044628264597251777, -0.0009184230519276859]
[-0.0012517378878388885, 0.0021118259157110186]
[0.004602566950664078, 0.0008517847868048378]
[0.0007329378682092713, 0.0018052116268309215]
[-0.000671495705922176, -0.0005415754405433681]
[-0.0023737077302841136, -0.0001768511824482566]
[0.003928555544255086, 0.0001484897742708713]
[0.0006937752814514253, 0.00017862643827526448]
[-0.0008228568789653834, 0.00014583959161154625]
[0.0010086012540870548, 0.0003763452636920059]
[0.0015991635630754064, -0.0023243647596347256]
[-0.0010229469777086886, -0.002333346391947117]
[0.0024497888449563354, -0.002178186210419486]
[0.0009986300664619474, 0.0027531192430913544]
[-0.0012485647136734612, 0.0002789446937591228]
[0.00014896702726724387, -0.001588400709720719]
[-0.001007953828435229, -0.0033206920575698223]
[0.0020414057417546677, 0.0008889256233523789]
[0.0007975274475293566, -0.00035257030597403254]
[0.0016678105862703158, -0.0003906441066294534]
[-0.00128030470122531, -0.00020666104514348717]
[0.00018085878348905737, 0.0008634885540919277]
[0.000623611640542171, 0.00029469851162646984]
[-0.000685716685980664, 0.0023706962382072545]
[-0.003891143631924679, 0.00016057099741687963]
[0.0007423328076588409, 0.0028926147474873515]
[0.0008646658710704802, 0.0005476372003723785]
[0.0003101184595669937, 0.0005391040710872042]
[0.0005676126449320751, 0.0009785106506271825]
[-0.0009397331453335489, 0.001952922356874498]
[-0.00030009771365568927, 0.003448342375383197]
[-0.0033816034298532194, 0.0009576438027517065]
[0.0010939889781723111, -0.0004943666404549074]
[-0.0013975080853528277, 0.003920210469689739]
[-7.007555946719757e-05, 0.0015366514750173033]
[-0.001364446520295659, -0.0008181702453899375]
[0.0010187545643792761, -0.00016594292760327423]
[-0.0008196282208744465, -0.0007903908389454983]
[0.0035421337391071672, 4.82844483116196e-05]
[-0.003427169130669816, 0.0002889045569148818]
[-0.00011581628559714785, 0.00045489200359066784]
[-0.00016942953989174114, -0.00013025389297888212]
[0.001550050414097337, -0.0007887237664533919]
[-0.001222916868614199, -0.001200937547100156]
[0.00045375826609928005, -0.002172490997561727]
[-0.00036489390826516255, -0.0010877853160803919]
[0.000215901056964396, 0.0008364723930064932]
[-8.207069889393237e-05, -0.0026225051168948244]
[0.002169877465631742, -0.002894624094632814]
[-0.0004902607030804473, 0.0014787712501209693]
[0.0004337688567593867, 0.001271082218595787]
[0.00048737625096356707, -0.0010983910157894572]
[-0.0011909017567909297, -0.0008964898952403821]
[0.000846222245132644, -0.0016752362697213252]
[0.0006266562747851978, -0.0016416061860543563]
[-0.00300257996758857, 0.0007264346416775425]
[0.0005843563216571535, 0.0005336139402090101]
[0.0022794700948495783, 0.0002245958758124722]
[0.0007577987274290932, 0.0001720876440794994]
[-0.0009085358365331642, 2.861236174234172e-05]
[0.00030085020239567495, -0.001435303558722345]
[-0.000619712606443279, -0.00011240604893070216]
[-0.00035617691590666967, 0.0003939127631286121]
[-0.0003972889642415156, -0.0016957092392317907]
[0.0008932781107209853, -0.002644092943658971]
[-0.0009220160141774625, 0.0008402099584893241]
[0.00036873825075556255, 0.0008235191520193919]
[0.0007757676493471144, -0.0005359567034262103]
[-0.0006385220998095797, -0.00220504502053831]
[0.001575268084355097, -0.0010405609061210352]
[-0.00027599614298884356, -0.002119206536277729]
[-0.0014351088649890986, -0.000455670594122104]
[-0.0001802175082222246, -0.0008578566543301358]
[0.0020212615186606386, -0.001498488520948027]
[-0.0015571468015105339, -0.00047663737980863097]
[-0.0004457894184576455, 0.00053813695106808]
[-0.0010755139853259044, -0.0005258518705584247]
[0.002232813728319502, 0.0005269260420646127]
[-0.0019923794253662863, -0.0007327346216028374]
[0.0007110756730193193, -0.00040608628599858587]
[-4.2296421743082124e-05, -0.0014881508932984566]
[-0.00018691108060734166, 0.0009176984018097745]
[-0.0010465932598726357, 0.003362989074909395]
[0.00024350690053066837, 0.00025060850850477934]
[-0.0022899921635870374, -0.00015637892236830542]
[-0.000427570568492297, 0.0011075186879450083]
[-0.00026762685174101797, 0.0010944578822887907]
[-0.0003760237684651002, 0.0022490540498041334]
[0.0005103733403069872, 0.0009040450942824352]
[0.0005726393984673839, -0.0009251444578837198]
[-0.0005803323783888648, 0.0003392242690264391]
[-0.0033581401940224465, 0.0005382730842385941]
[0.0013105222283265883, 0.0022593895876268366]
[0.000663414314495403, 0.00046646266953098703]
[-0.0011506789302290349, 0.00043558807952037704]
[-0.0009190659183149208, -0.0004688188450614472]
[0.001279562586121108, -0.0011971243666714093]
[-0.00043792903708034236, -0.0005199225803541596]
[0.0010784076506155371, 0.001279307297983312]
[-0.00016094449717507509, -0.0006622373633332623]
[-0.00034358480433527294, -0.001506200664551094]
[-0.000781676132119935, -0.0013244348378355086]
[0.00041074551618411337, 0.0007664830141039802]
[0.00101238650236124, -7.77092271535551e-05]
[0.0006268145864481989, -0.0001346991344283177]
[0.001415226621984067, -0.0015279959430337664]
[-0.0010452116169391568, -0.00102447471487499]
[-0.00120116378650853, -0.0003996663623550001]
[0.0012502752054717736, 0.00031771730466934045]
[0.0014502540306622347, 0.0003539109513752692]
[-0.0010524867001999727, -0.0002450975659429311]
[0.00030947276456416706, 0.00031601604532893735]
[0.00032194115793443556, 0.00048124768535395823]
[0.001236584618863612, -0.001163833217957988]
[-4.140026933469043e-05, 0.0009449163472816102]
[-0.00023163715699808796, 0.0008647674255815585]
[0.00013683607195630332, -0.000991971038563244]
[-0.0009293977824155197, 0.0003955616114920679]
[0.0002469321032761984, 0.0010197026828609457]
[0.0010630495567487963, 0.001030308521160428]
[9.236772622694955e-05, -0.00014583731000239464]
[0.0005719787577547208, -0.000676304246238213]
[-0.00035565379094015803, -0.0005789324613516555]
[-0.0005368416778378515, -0.0002833597027731005]
[0.0014470722689771676, 0.0003663303472234425]
[0.0007820048779122457, 0.00031110449727500544]
[-0.0010038825550122144, -0.0008726315697515918]
[-0.0005689004049058144, 0.0008080707154612954]
[0.00016763753136211923, -0.0001708094938674687]
[0.001355950282726448, -0.0006406431003677937]
[-0.0011682400759226441, -0.0003557989697810515]
[0.0009918419681896329, 0.0003687540057167732]
[0.0001514511469646873, -0.0009164043163042979]
[-0.00018256280362372035, -0.0005726062091405415]
[0.0002990562115087747, 0.0008084604964567477]
[0.0009454557543769893, 0.0016728253256615422]
[-0.0012569936542304594, 0.0007818527653218055]
[0.00026911551048292015, 0.0002894173051803256]
[-0.001508005674216245, -0.00035718639756286696]
[-0.0002675739296896795, 0.0007734191154347425]
[0.0009541270287763137, 0.00072531413010999]
[0.0006314617144733969, 0.0010722574428848886]
[-0.0004719877862544575, 0.0013499503617299957]
[-0.0006834405394754023, 0.000744825023368572]
[0.0009063565582694277, 0.001285208117758098]
[-0.0011249143600104844, 0.0007788956100365984]
[-0.0006122928549269907, 0.0007406793340795168]
[-0.0004052572781033728, 0.0015133050575933207]
[0.000531616018409925, 0.0005248626112831691]
[-0.0010981463535717374, -0.0009731419525096776]
[0.001530402006541344, 8.586020873055714e-05]
[-0.0007169155837452902, 0.0011065450124261634]
[0.0008179226770131248, 0.0012646629302366132]
[-0.000563924965885157, -0.0005555690311696074]
[0.00046166220976488065, -0.0005905908469317602]
[-0.0007627095847456827, 6.623373884948047e-06]
[0.001201234687612296, -0.0005328848639677515]
[-0.00028187653545150293, -0.0006005259172167168]
[-6.978799975766725e-05, -0.00010213050476997124]
[-6.606176945517239e-05, -0.001089018710337307]
[0.001429894108626928, -0.00044828429369831585]
[-0.00037951881735401316, -8.536406953474351e-06]
[-0.00026813422295690614, -0.0006651864791561712]
[0.0009325940933147814, 0.00013667124073506176]
[0.0006234995436761315, -0.00033971367385557394]
[9.55653448663496e-05, -0.0011350489825210502]
[0.0004054243734872842, -0.0008644194131262328]
[-1.7946856675499223e-05, 0.00033881768825683167]
[-0.0006245668491845491, 0.0007203352034562405]
[-0.0002629212393793767, -0.000706727851447625]
[0.0004986706769392057, -0.0008586713927824507]
[0.00039269319833817873, 0.001660594461625975]
[0.00046320312324876767, 0.0001409262763190089]
[0.0004222759637200202, -0.00021434915080237316]
[-0.0005200936924844579, -0.00030612744912411616]
[-0.000321755271991353, -0.0007737609174009175]
[0.0011639689669016295, -0.00035376547292559346]
[-0.0012359236976087207, 0.0009254916075555619]
[-0.0006502388211359067, 0.0002372855740635782]
[0.0006625462828423467, 5.96431587875923e-05]
[0.00016572564308620086, -0.00043275191293321025]
[-0.00013392223874625353, -2.12475769519882e-05]
[0.0005651139138448391, -0.0013245861074683285]
[0.00021006299966319641, 0.00041886221451725714]
[-0.0006815719381814134, 0.0001374949193370112]
[-0.0004092371143296081, -0.0014937340534785237]
[0.00031959909710549406, -0.0013362966581810798]
[-5.035355094373806e-05, 0.0011136383705328545]
[-0.0003690888704266926, 0.0007008213085117343]
[0.0006291106211281372, -0.00025600393730818016]
[-0.0012898544265379508, -0.0007593748995368133]
[0.0006450538965662722, -0.0004385389396984185]
[0.00032962358871224673, -0.0009213045828586619]
[-0.0007618776831619656, 0.0009063653594365562]
[-0.0005006071273435109, 0.00040465158730357276]
[0.0006360425307744555, -0.0002059485701100261]
[-0.000520125311303965, 0.0007061261697144938]
[-0.0003626895687501297, 0.00039348649962045457]
[-0.00041899930621924764, 0.00031279453236143784]
[-4.4946843674509296e-05, 0.0006859855694604233]
[-0.0004981415626455488, 0.0005851235130536203]
[-0.0007090394038399284, -9.198810192734275e-05]
[0.0007571640431846827, -0.00045470559251503673]
[-0.0005487814287258586, 0.000979326000597469]
[8.298510149795657e-05, 0.0015883827947192897]
[-0.0007920468299715544, -0.0004063801983142934]
[-5.949318860271058e-05, -7.043573333953557e-05]
[-0.00017689434145566618, -0.00021670828874043035]
[0.0005289172589910962, 0.00018683531921415142]
[-0.0009608150650677189, 2.9695255038153512e-05]
[0.0006086673887741312, -0.00017874225466385507]
[-0.00016387871201462012, -0.0007245612879317465]
[0.0004069919797762278, -0.0004020357177288991]
[-0.0007488868757776906, -0.00013830915010948353]
[0.00011092268656633097, -6.468297693185132e-05]
[0.0005630394998562688, -0.0008214964338961739]
[-0.00011058572315645471, -0.0005092880111563503]
[6.736387498121332e-05, -0.0009864101168201023]
[0.0007141342316830425, -0.001042114689069562]
[0.0002916056941633244, -0.00035497696558528524]
[-0.0002123629802146922, 0.0006874365088346268]
[0.00011553998007055033, -0.0004298718942939983]
[-0.0005234900238692136, -0.0012961512097002803]
[0.00046326792809125994, -0.00010239773226172755]
[-0.00031280120847702875, -3.5922555295497816e-05]
[0.0005671000989820874, -1.1118962150336031e-05]
[0.00023234104713323878, 0.00011700409442716442]
[0.0010070160423874819, -0.0006271918139875154]
[-0.0003909187019416338, -0.0002027547719201106]
[-0.0009403590251551297, 0.0003032423810493956]
[-3.366471063231957e-05, 0.0004534592202194432]
[0.000547852196553289, 0.0006063957226682404]
[-0.000646679565559527, -9.378399562975925e-05]
[0.00026135578633479373, 0.00022476186960757039]
[1.0673247383047313e-05, -0.0005495824130221649]
[0.0001122482684139392, -0.00048151999239459675]
[0.0002490645596568142, 0.000829269071552674]
[0.00010146618119749595, 0.00032825723326079803]
[-6.823005060641041e-05, -0.0005393855720490781]
[-0.00023263503698756072, 7.995494944829096e-05]
[-0.0005823165858838408, 9.009256142733513e-05]
[3.536693042816008e-05, 0.00034037486713522913]
[4.321381395752666e-05, -0.00016045159200178682]
[0.00100359478025136, -0.0002857902304568283]
[-0.000807443285978704, -0.0004523039660025985]
[-0.0005454194461549933, -0.00030935001927756556]
[0.0004121757844651186, 0.00020453243262824605]
[0.0007515640260744583, 0.0003912438927838324]
[-0.0004914988553708644, 0.00020668173615029373]
[0.0002523542184857952, 0.0005485270267196751]
[-0.0006092975346733143, 1.662249510708813e-05]
[7.052694616488386e-05, -0.0004381377259332353]
[-0.0005050054683766736, 0.0005662974092228157]
[0.0002549375202835491, 0.0006573932710532138]
[1.2415239755703134e-06, 1.4827803049066723e-05]
[-0.0003412735868425498, 0.0002620190804089595]
[0.00012226463307191127, 0.0010081059867543818]
[0.00014733858030585578, 0.0008345345417039851]
[0.00013133817824778626, 0.0007990382515351002]
[4.112547523182908e-05, -2.1625860747789827e-05]
[-0.0004234905839548553, 0.00010749242816032734]
[-0.0013309583775460154, 0.00015194710006255496]
[0.000995938374176275, 0.0007245398006185122]
[0.0001858417967352255, 0.0002585324999766353]
[1.5973192703827577e-05, 0.0004249483649511193]
[-0.0005654420045420605, 0.00023228634644167911]
[0.0009093447648345077, 0.00011027064310117907]
[-0.0002482586422520583, -0.0002539949369663591]
[0.00021461587301851992, 0.0001098095123234083]
[0.0001228411787096706, -0.0001681238873551677]
[0.00035957507978987, -0.0005432733200280079]
[-0.0008528987500196206, -0.0008783384859457136]
[0.0007771465905173358, 4.805767107071007e-05]
[0.0003880859873954673, 0.0003569907284420963]
[-4.711541225878302e-05, 0.00011497137565117874]
[0.0005699257178804068, -0.0006497253226640321]
[-0.0001894373036249175, -0.0010148951519614174]
[-0.00013035404898845138, -3.891971490383502e-05]
[0.0009734625728475416, -0.0003127041016506432]
[0.0007578056151294824, -0.00024123156121655018]
[-0.000697187187628158, 7.997406612967207e-05]
[-8.034848321020497e-05, -0.00029627807721573063]
[0.0003340048599199735, 3.5896430036250475e-05]
[0.00014530753399736446, 0.000369649515293162]
[-0.0004523980842645811, -0.00011488912425559818]
[0.0007199663371194875, 0.0006456668093724263]
[2.6207340477132912e-05, -0.0002627073463718514]
[-0.00016066026338699968, -0.0003150757625964701]
[0.0005855664996373411, -4.772337907104664e-05]
[-1.7637986119020677e-05, 0.0006506387791423325]
[-0.00038372280559295646, 0.0006090096751811512]
[-0.0002925832760087288, -0.00016206079074743834]
[-0.00013619484867179177, -0.00014567121300460353]
[3.72979920457428e-05, 0.0007797682418099333]
[0.0004897264087416753, -0.0001298461547310989]
[0.00012284979713222954, 8.797343673747071e-05]
[-0.00040350666304542204, -0.00033662734036309094]
[-0.0003471295178998357, -0.0001241683221236134]
[0.0007082633605717537, 4.9253691203586525e-05]
[-0.00020235352041977905, 0.0002474953038712341]
[-0.0006361005979566015, -0.00015170474247294674]
[0.00015826738985430522, 9.916548922191126e-05]
[1.9863165417410844e-05, -3.395979901378576e-05]
[0.00011060664409442977, -0.00021064116544181055]
[0.00019284383854509257, -0.00031981928607782706]
[0.00011315061334207788, 0.0004399926591933667]
[-0.0005728860106525846, -1.5023418127979582e-05]
[-0.0005024163617105837, -0.0003153703090449378]
[0.00016497638175039242, -0.0001498989417165475]
[0.00037016387407584617, 0.0007705237003689802]
[-3.176711472802074e-05, 0.0005932814100332584]
[1.9470980732877452e-05, -0.00017443818912685205]
[-0.0005395106817431272, 6.62248359098172e-05]
[-0.00031211621077342766, -0.00011565645588973439]
[0.0007235124088021405, 0.00025205401678779493]
[-0.0006868370674684432, 0.0007507663494367156]
[-0.00023696151681917854, 0.00021762959436427698]
[-0.0001995856689382125, 0.00019846800240264084]
[0.0002530434183035113, 0.00039807707240235857]
[-0.00026305437893170414, -0.0003204830316137497]
[0.000526446514687362, -4.79805027608915e-06]
[-0.000337671898027303, 0.00016738728764276178]
[0.00015941554626036636, 0.0002972116181749751]
[-0.0007322229589118712, -0.0006177626649929713]
[0.0006416337098370806, -0.0004920555255001902]
[-0.0002554935167919936, 0.0003404991173420746]
[0.0002387817594552144, 0.00012215945235127812]
[-0.00021081751604179466, -0.0003566293877367843]
[-0.00015679554366751502, -0.0005455506697704671]
[0.00037790766183382063, -0.0009089423819300113]
[0.0005487179868686465, -0.0005425085074337033]
[-0.0003373553867362933, -0.0001938831569478494]
[0.00021500255569911753, -0.00032262900656715443]
[0.0003547953127132353, -0.0002681658767543782]
[-0.00016559003013405516, -0.0001664996984421241]
[0.00013851411773918576, -0.0003632308417210184]
[-0.00043333296470404736, -0.0006862915745078357]
[0.00035869338206934165, 5.422276198885356e-05]
[-0.00020797578886216916, -0.00017431043472820873]
[0.00036387688085345177, -0.00044335580853444023]
[0.00019207698237878879, -0.0004651798436342558]
[0.0003035068100321926, 0.00019629599910453432]
[-0.0002437293300877469, 0.000550714359552007]
[-0.00011101636605450379, 0.0001777904947474762]
[-0.0004670975915996717, -0.00026581643985934544]
[0.0002594134690909883, 6.635290494977353e-05]
[-0.0003183392127059856, -0.00014961735274826582]
[-0.00023451338549278222, 0.00030382469811202073]
[0.00010975743442256936, 0.00014415788010363473]
[0.0003942285403061366, -9.338047923856951e-05]
[7.072608878670034e-06, 8.548047389533853e-05]
[-0.00047667005376510196, 0.00020147660640723597]
[-0.00015711742064269257, 5.387271853080078e-05]
[0.00014788485211095215, 0.0002783315921387475]
[-0.00035906178766895863, 6.297617863498806e-05]
[-8.90811737182251e-05, -0.00027056929049923406]
[1.937311246726081e-05, -0.0006338464641768016]
[-0.0001332781980215303, 2.2721708544060082e-05]
[-0.00012988000124829202, 0.0006786534002334865]
[0.00022402369225935082, -1.5482803609967455e-05]
[-0.0002044771072158974, -0.000424380099349031]
[9.109530858039672e-05, -1.985861470649164e-05]
[-0.00020286699699284538, -0.00010631809946298754]
[-4.652230181809158e-05, 0.00022749270345651107]
[-0.0001056240419948784, 0.0003879409763780095]
[0.000550775695371708, -0.0004635477521960918]
[-0.00046306760309225425, -0.0001091386801744254]
[-0.0007635591438769351, 0.00020012087821269509]
[0.00010736412342776669, 0.00039970697427882396]
[0.0005103710594373256, 0.000435212992254852]
[-0.00018646422812576557, 0.00046120788450487726]
[9.388325955952959e-05, 6.29237938800653e-05]
[0.00013858678010081338, -0.00024030159885368718]
[-0.0004524927445009319, -0.0001464111837502502]
[9.023320649570454e-05, 0.0009230838630731597]
[-0.0001597980418167333, 2.022982642951865e-05]
[0.00013182962808180876, 1.9388899151984162e-05]
[-0.00038798194766034855, 0.00012171739752042665]
[0.00018049643980708185, 0.00024132295210926857]
[-9.27458967837913e-05, 0.00022104170146242108]
[0.00044710781032572533, 0.00018611931371917412]
[0.0003410718509734567, -0.0004665811985374302]
[6.133115180179116e-05, -0.0004141850453736051]
[-0.0008311975244756908, -0.00021503809244136085]
[0.0005141391734495293, 0.00014182061343862018]
[0.00030309553700599845, -0.0003193278986142467]
[-0.00010366981699902467, -1.0992151873556733e-05]
[0.00013989477747525236, 1.1710090096428427e-05]
[0.00017671941226063415, -0.00047958343123052916]
[0.00027286486882666106, -0.00036925118523653544]
[-0.00012025186827946399, -0.00014963713650503752]
[0.00039503861334766466, -0.00022009918147009033]
[0.0001351731498123454, -0.0006399967381363059]
[-7.477108421027889e-06, -8.428242030594779e-05]
[-5.725954964372337e-05, 0.0002988506882195402]
[0.0005004069204867512, 0.0001027433181968393]
[-0.000366483319547084, 0.00010899845792113061]
[0.000518054077482677, -0.00012973633073853907]
[-0.0003281354341471421, -0.00042751860625464544]
[-0.00019902704600793797, 0.0004792392598194292]
[0.0003359042991236405, 0.00018123422961462826]
[0.00046744447035020065, 8.695714313218875e-05]
[-0.0004155459158732555, 0.00011347880511550223]
[-0.00016115698483366858, 0.0003368918742429998]
[0.00017280173022050926, 0.0003362016283518683]
[3.6792039954658406e-05, 0.00014250332122325848]
[-0.0002899259449369862, 0.00025757555632218224]
[0.00011701039300381771, 0.00033250322971050154]
[9.762001816876476e-05, -0.0002457202106571875]
[-0.000407944924635667, 0.00010899767328207723]
[0.00030319473180995954, 0.0002364059236498236]
[-4.019562413639169e-05, 0.0004207670407313743]
[-0.00017271003156260276, 0.00017406624634894912]
[4.34901729861048e-05, -0.000163992040119241]
[-0.00020913393192934122, -0.00013427999395429718]
[-0.00015863910966006783, 0.0001061908739100957]
[0.0005283511923070555, 5.293992399276349e-05]
[0.0001237158893419646, 1.583252249417154e-05]
[-0.0003498078289038628, -3.815738347884637e-05]
[-0.00019511203946760008, 8.619728732669335e-05]
[0.00014427173062706022, 0.00011922306993943782]
[-7.972385532094284e-05, 6.224004975726588e-05]
[-0.00021592906784673183, -0.0001122755703082852]
[0.0002500169272251912, 0.000297701537542612]
[6.190205309788976e-05, 0.00017045193681682058]
[-1.5082054264842215e-05, -0.00038985133838654457]
[0.00031910539318137643, 0.00023179161073887816]
[-0.00024009449365430813, 0.0003999358395076341]
[-4.485735929438128e-05, 0.00022960702323814725]
[-0.0003584911419109438, 9.426306809190432e-05]
[-8.438024264792454e-05, 0.00010937873487688182]
[-3.41630551644323e-05, 0.0002296110759961445]
[0.0005182504986376013, 0.00011631584888040225]
[-8.606213231290849e-05, -7.059398175990328e-05]
[6.1015514492113176e-05, 5.5755047343661324e-05]
[-0.00033262964468208644, -0.00024690636773434804]
[0.0006524787386496811, 0.0002581187670286228]
[-0.0004088858009869689, 9.654764633240664e-05]
[2.8882770248123135e-05, -0.00024612632058428063]
[-0.00012415942364868426, 0.00015253502227477456]
[0.00011535294418701936, -0.00012575473418127703]
[-5.016259122733735e-05, -0.0006082194315206735]
[0.00039851929958850674, -0.00035596746241864374]
[0.00011333837759380794, 2.5667989701716465e-05]
[8.96934717611042e-05, -0.00020055229712315215]
[-0.0001667519402129003, -0.0004945566531258105]
[0.00013158786697453628, -0.0004100102559453367]
[0.00022974019813226665, 0.00013141231121419072]
[6.737605530846014e-05, -0.0001417882620449451]
[0.0002625851672945767, -0.0001210533348033338]
[-0.0006038052108670311, -0.00044466839330301045]
[0.00015297171039582724, -0.00047589812254272834]
[0.00025609158204989435, -0.00027434003586992994]
[8.193974730494324e-05, 0.00033027322944573223]
[-0.00012143200573527801, -3.423019689513529e-05]
[0.00042108887044520205, 0.00020883599725529667]
[-0.0003031598149337289, 7.202276450091194e-05]
[-6.438360294369616e-05, -0.00021685240977853404]
[-8.902613940606208e-05, -0.00020883017947315174]
[6.748291506575299e-05, 0.0005003849985032449]
[-0.00031555927811952045, 0.0002598052851670585]
[-0.00019686676962377136, -0.00020167603146253876]
[7.769047269340357e-05, -0.0001949101908182982]
[-8.317858854120508e-06, 0.0004747210165143567]
[0.00012169094757336074, 0.0003979702105799121]
[-3.16593226171169e-05, 0.00022685905881492108]
[-0.00034627383169483217, -8.200741689612379e-05]
[-0.00014922981963701176, -0.0002838500083794937]
[0.0001537463816222162, -0.00016010138284378028]
[-0.00041652623219368134, 0.00020308543453656513]
[-2.572780322465662e-05, 0.00016962129968023376]
[8.618474620247785e-05, -3.662590246272801e-05]
[-6.930447070370438e-05, 6.606306182344035e-05]
[-0.00016525925513980258, -7.092558460763954e-05]
[-4.512666635038409e-05, -0.0002670149321907789]
[0.00017636074299286035, 0.00013632326638374215]
[-0.00013734328508965832, 4.911971725729547e-05]
[-0.00016151157939502808, -0.00040496334323664174]
[0.0001548205819168827, -0.0002785199421966311]
[-8.178174428156992e-06, 7.259259103920002e-05]
[-0.00024180959641565206, 0.0005501288291288042]
[-2.69021780331391e-05, -6.06051445531941e-05]
[-0.0001816321844843559, -0.00017041688136043565]
[0.00010176064667304086, 6.384215149685124e-05]
[0.0001369769329804399, -8.19708887395687e-05]
[-7.735775496829633e-05, 0.00012354901576022703]
[2.3785817990607666e-05, 0.00026710792365436387]
[3.742906777327859e-05, -0.00035412286840458274]
[0.00012892300707055548, 0.00014304236861062414]
[-0.0004866358568241247, 0.00011123317411959599]
[1.629752835551057e-05, 0.00022469298731814247]
[0.00015798649926884734, 7.481158439309743e-05]
[-3.895329198819186e-05, 0.00012340912349939615]
[-0.00010919263803166324, -0.00017681293885485339]
[0.00047931740765663755, -0.0004866638775887222]
[-0.00015325416125061553, -3.7982092017496694e-05]
[4.927149076544568e-06, 0.0004133424093039628]
[-8.624288141909076e-05, -0.0003518482919557808]
[8.015926935212025e-05, -0.00029435714762554577]
[4.112143482118413e-05, -0.00011561828648903871]
[6.0558267399590804e-05, -0.00016742071303360584]
[7.214677402930803e-05, -4.134463456823001e-05]
[-2.4456145768764204e-05, -9.223677065994806e-05]
[0.00046394403639510307, -0.0004215289688481172]
[-4.97591901045813e-05, -0.00047623626423370924]
[-0.00022481645743885337, 3.516547799006786e-05]
[-6.21487849211122e-05, -0.0001277673610576846]
[0.0004465955855155468, -8.08445408609082e-05]
[-0.00029327028732731297, 0.00010615010814718495]
[0.0004407171249925512, -2.626844649214477e-05]
[-9.194649066879279e-05, -0.00030381995442310683]
[0.0001067277531393851, -2.9570341768953012e-05]
[-0.0003047752372863921, 0.00021406199267975934]
[9.08338473701864e-05, 0.00017403034879673318]
[-4.76941115808982e-05, -0.00013732878903166545]
[0.00016514879066606425, 0.00031639430001881297]
[-0.00024505111123762635, 0.0002272226126773247]
[5.682899876430225e-06, 0.00018175301384341924]
[-4.5349237262876096e-05, 0.00029152092703052523]
[0.0003144041682716925, -3.390034431716149e-05]
[-0.00010008244840581382, 6.866278467534959e-05]
[-0.0004470032119722467, 0.00030354899784165723]
[0.000130794778788218, 0.00018490434746967765]
[-7.539893634136985e-05, 0.00016935707213883155]
[-0.00011332375790482074, 0.0001934397607742666]
[1.2958301290888485e-06, 0.0002610747556021156]
[4.789165743257495e-05, 3.067586667955535e-05]
[-9.346095402426591e-05, -0.00015280233908376156]
[-2.2211082067569166e-05, 0.0001646782200607072]
[-1.5203414240577695e-05, -2.154450231686006e-05]
[0.00023897767514190205, -0.00011720505745885235]
[-0.0001590926323534747, 3.467147060438186e-05]
[2.502753605346242e-06, 0.00021597390141614436]
[-8.84995634684721e-05, 0.00016037415826377494]
[-0.00011343703119548465, 3.120049686061027e-05]
[0.0002614999008691138, -0.00019905068402162676]
[-0.00016730128242672948, -0.00018872249513278774]
[-0.00018420706085835875, 5.701231602609543e-05]
[0.00045014660037134835, 0.00017535257069022786]
[0.00022103968883226133, -3.530190902005081e-05]
[-0.00012183555245245947, 0.00017434484737958132]
[-0.0001174428618018579, 6.81671779152516e-05]
[7.11597927182464e-05, 0.0001133766372883975]
[-0.00018651830255056977, 6.490859623941789e-05]
[-9.854753619897502e-06, 0.00010340279964782674]
[0.00016009498352841274, 0.00013226184794458017]
[0.00013766084188979177, -6.482207168352448e-05]
[-0.0001911893016769313, -0.00023762967899218067]
[0.0004273267481714957, 0.0002167996349841585]
[-0.00011282728125030367, 0.0002714312965145524]
[0.0001775774030882346, 0.0001608307755252155]
[-2.6527200236860227e-05, -0.00015468530002268888]
[-0.00017105856671439934, -0.00021969628604776026]
[-0.0002887421925294592, -1.8382665727657843e-05]
[0.000533984951891997, -6.809233958767619e-05]
[0.0001612636357437719, -7.389678596223664e-05]
[-0.00010117416792126965, -0.00014056772743983176]
[-5.6468460774963813e-05, -0.00019827590465670147]
[0.00024462069775578466, -0.0001257637558664572]
[1.0650012709764733e-05, -2.531705253588923e-05]
[3.0155990469266092e-05, -0.00025529971015830766]
[0.00028957184747772924, 0.0001058947141763314]
[-0.0001863455214834997, -0.0002698744548611104]
[-2.1631683324585538e-06, -0.00042025386797393816]
[3.9765885716580573e-05, -0.0001087735351579383]
[0.00021263609655039484, 0.00023039419400854022]
[-0.00014718181131739838, -7.6297996121244e-05]
[9.160459847876168e-05, 1.1773425577038532e-05]
[-0.00022793059483813827, -0.00018780999784520636]
[0.0002112488447078842, 0.00025692020665700477]
[0.0001504784346646193, 9.943034646282822e-05]
[0.0002053981054878362, 4.891253248698324e-05]
[-0.00041683966151942475, -7.880960290740369e-05]
[-0.0002813619111761978, -1.394200084675612e-05]
[0.000140270857513225, 0.0002449240183742124]
[-3.838946114995134e-05, 0.00033347139021061567]
[-0.00012606181294380625, 0.00010878888386928187]
[6.547487880703695e-05, 0.00035483185931350913]
[-3.0218226278688753e-05, 3.6542813049433853e-06]
[-0.0002430297692123662, -0.0001133655134410716]
[0.0002069861772011905, 8.72344365908384e-05]
[-4.4732160014937516e-05, 0.0002038143106598833]
[-8.826763239777602e-05, 0.00013296443810209557]
[-0.00047747237403544807, -0.00017289724061120282]
[8.906074659351115e-05, -5.0574224702837345e-05]
[-3.199895488847915e-05, 0.00023353824316910132]
[0.00016329837991183038, 0.00020605757390596002]
[7.624709723519363e-05, -2.6752892866077627e-05]
[-0.000232011039087765, -0.0003110462989683871]
[-0.00023507764520493135, -0.00026454534676984]
[0.0003444249371797603, -9.023370139973896e-05]
[-0.0001057457838888054, 6.213503326135683e-06]
[-7.28777223706345e-05, 8.893903654122459e-05]
[8.955851089371969e-05, -2.9148219344077297e-05]
[-9.766141307421261e-05, 5.364028718102265e-05]
[-8.596267311725136e-05, -0.00022717469767724596]
[4.498068790464993e-05, -0.00016668555812621166]
[0.00013858779849977576, 0.00017284999609068485]
[-4.757928231104158e-05, 3.863860201125391e-06]
[-0.0001835461151110107, -0.0002010223818101342]
[0.0001936486599174725, -0.00011662773345527677]
[2.8514936165006943e-05, 3.0911533091149135e-05]
[1.5338182456914318e-05, 0.0003255016567657587]
[-5.7013174913474185e-05, -4.313436482900057e-05]
[-0.0001081823509685581, -5.177508975207079e-05]
[-1.7835095251344038e-05, -0.00011380947132705321]
[0.00024655671882896357, -0.00012195780745455354]
[-0.00018663295380478076, 3.5035821913720344e-05]
[6.615859295015791e-05, -6.147716728971409e-05]
[-4.240721623766791e-06, -5.540629278300013e-05]
[0.00012170212933519664, 5.881280367464603e-05]
[-8.658456649961177e-05, -0.0001937187262268658]
[-4.169245656889323e-05, -0.00020476436452793179]
[0.00011199358148311633, -6.60493905504933e-05]
[-2.0023060560508087e-05, -6.315960002006848e-05]
[-2.8572175535118705e-06, -0.0002181400452343496]
[0.00018386462325361425, -0.00034999783446831856]
[0.00010321393558238023, -4.740452216656088e-06]
[-0.0002545793841263501, 1.3595850987258018e-06]
[3.740612961758427e-05, -9.336529727532739e-05]
[-0.00017767293783392535, -0.0002515523115254048]
[0.0003434853813346489, -6.7369955623231e-05]
[-5.709097240727545e-05, -0.00015658233872861693]
[0.00011866586720343797, 1.8562123111520723e-05]
[-0.0001972396929846021, 3.140027938691725e-05]
[0.000255407834638649, -9.946912803515673e-05]
[-0.0001322038289937738, 2.4847408470973775e-05]
[-0.0001415693104368232, 0.0002180566905202186]
[-0.00024128454016772438, -5.559830714757519e-05]
[0.00018953411270491993, 0.00024366263596539706]
[-0.0002540019555363482, 0.00025171620074010415]
[0.0001733164429162104, -5.979677482934043e-05]
[0.00013884298041511034, -8.206693528878262e-05]
[-0.00011801839675615322, 0.00015171206919306623]
[-9.546971011378802e-05, 0.0004163428749501541]
[-0.00017347157233066346, 0.00012273748859439881]
[-6.197152835354935e-05, 9.250513855524334e-05]
[-5.252529685309537e-05, 0.0001261413356569152]
[-1.2008285283637843e-05, 1.2337975023812842e-05]
[-0.0002303654116071474, 0.00018629418380999851]
[3.976893932644554e-05, 0.00021475683075311558]
[0.00020749796468577664, -0.0002705221758697862]
[7.52897975382083e-05, 1.529874699363054e-05]
[-0.0003753093713946831, 4.3127155344685475e-05]
[0.00018744496720921044, -9.246413341296167e-06]
[-1.7636476282334446e-05, 8.010115771067694e-05]
[-0.00012229055243323517, 0.00021194082964443028]
[0.00012133548052969956, -0.0001529657530894568]
[8.717306555550142e-06, -0.00025335549175453664]
[-9.295780425433442e-05, -9.833589292382316e-05]
[-1.8765497358796956e-06, 0.00011877201800210291]
[7.084222159584042e-05, -7.58074486385818e-05]
[0.00013046885427087096, -4.5724322770016035e-05]
[0.00013211849337019244, -1.3615261905117193e-05]
[1.2603924935433719e-05, 6.49205550673354e-05]
[-7.104340869221182e-05, 0.00010654585927143828]
[-3.705465474168612e-05, 0.00012408367078262095]
[0.0002141671546910251, -0.0002479895260769846]
[-8.66823427753266e-05, -9.328071041310448e-05]
[-0.00022874859739027698, 0.00012519285580805256]
[0.00027486535020630753, 0.00010489324332662447]
[0.00014138786577518048, 3.1856641424556076e-05]
[5.1517127574590704e-06, 0.00014254324044683103]
[3.062803602557618e-05, 2.1794400300562122e-05]
[0.00014659734227692733, -8.19939237747952e-05]
[-9.371757537540715e-05, -9.80543453088685e-06]
[-6.685627216881929e-06, 0.00010486571566760763]
[-1.0466944466672179e-05, -0.00010877766952541515]
[0.00011787707020833454, -0.00021142449245784706]
[-8.663113135455591e-05, -3.0334088705059707e-05]
[0.0001362286496358403, 9.874140850682153e-05]
[9.874281217719938e-05, 0.00015547888820613724]
[-1.3631785688549003e-05, -6.682673172993606e-05]
[0.0002074953081094913, -0.00022547016684222295]
[-0.00012247389382402316, -0.00037483414687856844]
[-0.00011844624631953977, 7.564249873434707e-05]
[0.000206001229365896, 5.7737550101182034e-05]
[0.0002648693592841797, -9.72210877242584e-05]
[-0.0002918060385551091, -6.103996721934448e-05]
[2.309116010576831e-05, 5.109702021669242e-05]
[-4.783718615732763e-05, -8.176460743584686e-05]
[0.00014497057758276755, 0.00016645756705712007]
[-0.00011999380312528729, 1.4262305795052603e-05]
[0.00025570588197647987, 0.00014773913890645494]
[-8.181126912047004e-05, -0.0001738772395369053]
[-9.637689583953668e-05, -6.0632382947622965e-05]
[-2.1169728275927113e-07, 0.0002823593961901079]
[-5.444755279554458e-07, 0.0002553123861879364]
[-8.499727076603791e-05, 0.00021136057987539668]
[-7.551892720392139e-06, 0.00012976472093653713]
[-0.00018254664846796553, -5.0404274597515286e-05]
[-0.00012724594862413563, 0.00024077155581966186]
[0.00030053966969256773, 0.00018571697597775244]
[3.734025445498168e-06, 5.350585347854708e-05]
[-4.9578201923319853e-05, 2.8048244614102547e-05]
[-0.0003148883826373239, 4.13576125978532e-05]
[0.00013204957026247133, 0.00022370880177156882]
[-0.0001731391876835936, -1.4253376081102553e-05]
[5.677009789523124e-05, 7.695228928628756e-05]
[-1.4540112696526108e-05, 0.00018282972761282656]
[9.839706667161274e-05, -0.00011701319769748253]
[-0.00017849685284906935, -0.00020317681177847713]
[0.00013249466801742993, 1.3240407166326129e-05]
[-5.234835160489171e-05, -1.991922516250688e-06]
[0.00010106913394006267, -7.870216122900231e-05]
[-0.0001421946136966057, -8.098902238981576e-05]
[-3.1267459499134675e-05, -6.751159042144017e-05]
[7.093369450603126e-05, -5.83456626896961e-05]
[0.00014612857820031633, 8.435516044361102e-05]
[0.00012604266018068078, -0.00011900003008386006]
[-0.00010752483032652749, -0.000244513641197347]
[-0.0001646070291102253, -3.135113097221809e-05]
[0.0001522927013645481, 9.525106486357737e-06]
[3.8227133593859985e-06, -2.2694811837975504e-05]
[-2.748342874031584e-05, -2.5328486873948952e-05]
[0.0001512789158536476, 0.00010367425681145903]
[1.6513386231986615e-05, 7.525940853098101e-06]
[-7.63142602621808e-05, -0.00024552905295324723]
[0.0001007346613305371, -2.4070699571887566e-06]
[3.458612836573782e-05, 0.00010232621991909663]
[3.906534488146152e-05, -2.4397651398083697e-05]
[-0.00019795277328060745, -2.017952661781397e-05]
[3.975773402403737e-05, -0.0001318013109674332]
[-2.0642909829990397e-05, 4.686531552250406e-05]
[0.00011123147242061981, 7.49159186833881e-05]
[0.00012076398864614701, -5.4537586435476904e-05]
[-0.00012851109421112283, -0.00016143003831303737]
[-6.329790846996974e-05, -0.00020147984734242286]
[0.00020857505338388316, -0.00013427987283182174]
[-0.00011366815848491002, 1.3842719509715717e-05]
[-4.169219418694026e-05, -8.590735146429829e-05]
[0.00015807140049105273, 9.843267344139539e-05]
[-0.00019295342122581383, -6.152596187886106e-05]
[-1.9278776888537186e-05, -0.00022330032807488243]
[-7.251256391042904e-05, -0.0002852957325560901]
[0.00020623204243552795, 0.00011230845810078494]
[-9.754112808628423e-05, 1.7813976611547044e-05]
[7.792816777717378e-05, -0.00012402985470749694]
[-3.440315955805656e-05, -0.00011066353618915947]
[3.232981098279242e-05, 0.00010019001788424964]
[-0.00015835255876872623, 0.0001086459400280182]
[4.274608182928963e-05, 0.00014095187921697727]
[-0.00033018319639114765, -1.112257731850086e-05]
[9.210328548606844e-05, -1.6741113462170887e-05]
[5.636382462088571e-05, -2.498856417443296e-05]
[-6.227186840237348e-05, 0.00013613472710033436]
[-2.0966137068092854e-05, 0.00015457727287959688]
[5.258810095937205e-05, 6.515890051583817e-05]
[-1.999662091086915e-05, 0.0002542492748239811]
[-0.00023625106775877758, 4.5618970686278626e-05]
[-2.7028060652078967e-05, -2.9377466625013504e-05]
[-5.7377093082830455e-05, 0.00017079288042343155]
[-0.00010044667905590582, 0.0001776775363745986]
[-0.00013424621668972625, -0.0001646594918414679]
[0.0002440957429146809, -5.403859451291737e-05]
[-8.694462353224519e-05, 7.18881874963162e-05]
[4.6742685690034924e-05, 0.0001971443343116719]
[-0.0001240653123305846, -7.0176863060184e-05]
[-3.8774319946435765e-05, -5.20618231210912e-05]
[-2.3263716096177944e-05, -0.00011365993168072075]
[0.00015816830230831747, -9.331773338300264e-05]
[-8.121659980328544e-05, 1.4922671860151393e-06]
[-9.34056380103021e-05, 2.814965165495731e-05]
[0.00010783580754075706, -0.0003052806800921404]
[3.821578542971549e-05, -4.302389115801164e-05]
[-9.86450089743296e-05, 3.1449465551364186e-05]
[0.00010304224733129197, -0.00011363775531267328]
[0.00020743228048103468, 6.565559282536992e-05]
[-0.0001775147985576403, 8.148367928820233e-05]
[8.449691197789932e-05, -0.00027123863315556274]
[0.00012795081140215547, -0.0001906866405144425]
[-2.196670071008544e-06, 3.638455657684059e-05]
[-8.76280140414687e-05, 0.00019524042341739767]
[-1.8263511604166283e-06, -3.8976750043384634e-05]
[-4.020402407090007e-05, -4.3831676167421785e-05]
[0.00014576159165904934, 4.071996859415783e-05]
[0.00012228585092471933, -3.2591366181417e-05]
[-4.4130327675473424e-07, 0.00014990320641178334]
[-3.4023760840246053e-05, 6.572852118513772e-05]
[9.810276746999302e-05, -0.0002569369568636848]
[8.540503588116977e-06, -2.865034984521342e-05]
[-0.00018884210468669838, 7.30440562097534e-05]
[0.00010262438657661355, 1.3810960241417147e-05]
[6.7728192446187e-05, 8.659559902560177e-05]
[-0.00010591976291232652, 7.455387210596187e-05]
[0.00012247632289413835, -4.518447662141961e-05]
[7.496915914262381e-05, -0.00022289209470130467]
[4.614172968955832e-05, -7.865667547776733e-07]
[-8.083627521320025e-05, 6.847933116990723e-06]
[-4.1813301561777205e-05, -7.296485069147735e-05]
[1.563963267721402e-05, -9.768556618692387e-05]
[0.0001462776911975855, 1.98751092283303e-05]
[-0.00011994862799476202, 8.852469490413378e-05]
[6.905975586128654e-05, 0.00012897663182230568]
[-0.00014299912979445772, -2.931165318987433e-05]
[0.000186337778813786, -5.807107672190295e-05]
[-9.691468699679628e-05, -0.00014196534885276696]
[-3.1200015024435146e-05, 0.0001778542639035794]
[3.071937531366753e-05, 0.00011315993810805114]
[8.571461887853932e-05, 3.5053370337424956e-05]
[-0.00013574083463855496, 0.00017207679252134733]
[1.4613821792769377e-05, 0.00010724907013178993]
[-2.5015768467973043e-05, 9.498092253140342e-05]
[-1.3538259327733337e-05, 0.00012316536935979834]
[-6.620373557107012e-05, 0.00016397269369169618]
[-7.314353717107272e-05, 0.00012167834192989028]
[0.0001486505844976796, -5.6015560363133904e-05]
[-0.00012837325136014753, 6.115083780067941e-05]
[5.55564850957277e-05, 0.0002617528208267029]
[-0.00012899861315654633, 0.00011002655831024119]
[7.926959828316246e-05, 0.0001659579347782953]
[-1.3371891802022723e-05, -9.301739226778068e-05]
[1.9680209699137613e-05, -8.661645914186415e-05]
[-0.00023068221433041047, 5.467885298750426e-05]
[0.0002709773844037644, 9.566477453799805e-05]
[-1.2310712901260346e-05, -4.43087958849394e-05]
[1.9636701476644092e-05, -3.0393804310190585e-05]
[-0.00010678481636527959, -3.9423784222440694e-05]
[5.072868584249379e-05, -7.915993439141199e-05]
[-4.767384179679701e-05, -0.00010515855990726394]
[7.653915267098743e-05, 2.0322462571893685e-05]
[0.00016852743730261244, -5.3950751803116814e-06]
[8.826689311464131e-05, -0.000159858883303627]
[-5.5794075849602276e-05, -0.00019620256390624757]
[2.1760060306408313e-06, -6.340877727804145e-06]
[-3.3673912788467764e-05, 8.152693667957261e-05]
[4.7868256793537345e-05, -1.0841658706822743e-05]
[0.00014305260854853563, -2.239333903773788e-06]
[-0.00015244979797621183, -0.00016729288525081654]
[3.413101618332526e-06, -2.8854380759890663e-05]
[0.00020447863370770536, 6.34397051039251e-05]
[0.00015689825745970887, -4.178715168881575e-05]
[-1.2521670719786715e-05, -1.6782204364865216e-05]
[-0.00010412948423406398, 4.7656343215254915e-05]
[5.5475147638928135e-06, -1.1019856153954288e-05]
[-0.00011547351563981345, 2.9412754684168818e-05]
[4.454664448177992e-06, 1.2139988441878247e-06]
[0.00015343016913665908, 0.0001528148763791648]
[1.9873941814269047e-05, -9.586072187744987e-05]
[-8.684176504888952e-05, -0.00017292176369321233]
[7.178583379019443e-05, -5.827389637738656e-06]
[9.09735284326807e-08, 5.119177914852946e-05]
[7.934551191168815e-05, -5.124537472089852e-06]
[-5.8119318980545676e-05, 1.8241521628381552e-05]
[-0.00011502916381414541, -0.00015419626000609532]
[-5.466533037200294e-05, 5.650661260517276e-05]
[2.2555470938323552e-05, 2.4284130575896734e-05]
[0.0001834224946837687, -7.364783216010085e-05]
[-0.0001781420927266797, -0.0001792215702569877]
[-6.889536922527473e-05, -2.1181440309381294e-05]
[9.572976452965065e-05, -4.3155548162754354e-05]
[1.3510903018029707e-05, 6.214336286072819e-05]
[-9.500807929671562e-05, 4.472010635989121e-05]
[0.00017916661248780497, 0.00011322626278828518]
[-0.00018113253956422715, -3.70358336330423e-05]
[-0.00014186256481293902, -8.457059933963951e-05]
[-4.048176682371063e-05, -6.995319517727472e-06]
[9.687480465951637e-05, 0.0001437866080985506]
[-7.03520587854306e-05, 0.00010218989579829918]
[-6.385559895284026e-05, 5.977295441633723e-06]
[3.0182892695837515e-05, -5.500478022224531e-06]
[-7.766276608555528e-05, 0.00015835421770424296]
[8.420403774329899e-05, 0.00021790050474465583]
[1.253988916265908e-05, 1.0148938490300852e-05]
[-0.00018399477479072446, -6.719110718034216e-06]
[-0.00021638908193806136, -6.891894037142077e-05]
[0.00021704678471591576, 4.133104149842137e-05]
[-0.00016828649006941226, 4.908940966805164e-05]
[5.9034975290354896e-05, 9.864282391927603e-05]
[2.7347215314396135e-05, 2.601615211941799e-05]
[2.8385089361954163e-05, 4.6055193520438964e-05]
[-0.00017518443415770815, -0.0001419799432327007]
[0.00013341140821827857, -0.00012988628622620513]
[3.1840400559479676e-06, -1.574240805066185e-05]
[-2.0194037365160733e-05, -2.277484920598649e-06]
[-0.00011035164658497118, -0.00022101036960550657]
[0.0001032068951160054, -7.920115877621536e-05]
[2.781750773005881e-05, -2.6523072368916933e-05]
[2.6968252013460058e-06, 1.3034546610501963e-05]
[5.1827226063151655e-05, -5.551616620777522e-05]
[-0.00013205017009260134, -0.00018252466616086593]
[0.00010529930758003403, -9.703805505842378e-05]
[0.0001386625963089444, -8.831552762875172e-05]
[4.575384331276244e-05, -6.387940229152234e-05]
[-0.00010170210002296426, -4.182167683086657e-05]
[6.298894941735023e-05, -9.610387273045751e-05]
[-5.3857360995758496e-05, 9.099140969695552e-05]
[1.893203301467361e-05, 1.4716358495814319e-05]
[-1.7822730904150375e-05, -9.564946682899533e-05]
[0.00015051126950114957, 0.00011874869153796763]
[-0.00011068699070930499, -3.0963574070952404e-05]
[-1.0697683540991654e-05, -0.00010558186115464108]
[0.00014044203306060044, -3.685936540565038e-05]
[4.809043830597548e-05, 4.016651878530064e-05]
[-7.342317010955446e-05, 0.00013400152478185157]
[-9.563523468678059e-05, -8.167911865614164e-06]
[-0.0001021689656398872, -3.147791890681373e-05]
[7.894876699408859e-05, 1.3965274107435866e-05]
[0.00010032066538588624, -1.6254255450570687e-05]
[8.417400730181823e-06, 9.921066922360944e-05]
[-8.625318917244995e-05, -6.976623427787376e-05]
[2.5366214124522557e-05, -0.0001250894480211151]
[-2.2064764396159675e-05, 8.097877234547468e-06]
[-6.086227179666337e-05, 7.217637560147372e-06]
[4.520687079609398e-06, -3.690661898084202e-05]
[0.00011340940060022842, 0.00010957814013258516]
[-0.00018654118752053916, 7.934171702475568e-05]
[8.365550393366061e-05, -0.00011344376484447027]
[8.389184981305586e-06, -0.00011794354132768636]
[3.805576278156919e-05, 7.868105545881521e-05]
[-9.97223993793872e-05, 5.632948201041155e-05]
[-4.818115633735409e-05, 8.731557968542913e-05]
[-8.825166252873773e-05, 2.9264452914984362e-05]
[0.00014993075919597643, -1.2605701433521244e-05]
[-2.3454159159178034e-05, 0.00010070988493719735]
[-2.0306171844466925e-05, 0.0001367914979159071]
[-3.96339975669846e-05, 0.00011925920922664646]
[4.629862492334935e-05, -4.893075222308502e-05]
[-2.471156589541057e-05, 7.490941791776784e-05]
[-0.00016606180606042187, 9.86474910391888e-05]
[9.564570289220808e-05, 4.625183093270174e-05]
[-4.849943405622892e-05, 0.00015198417108407136]
[-7.3351209604471945e-06, 0.0002079791180654017]
[7.706174058569326e-06, -7.587101300959853e-05]
[9.925697741887396e-05, -3.5041091518001055e-06]
[-8.354919533379301e-05, -3.699572010988292e-05]
[9.302101844751998e-05, 0.00010223829560290429]
[-0.0001555094849942651, 1.1528457809301118e-05]
[0.00014946758547692424, -2.2509749735988988e-05]
[-2.73692653351143e-05, -5.708703022195595e-05]
[1.6169224387803383e-05, 1.6066683575344243e-05]
[-6.438229474455687e-05, 3.217678867488503e-05]
[4.4800332872893533e-05, -1.2603514169755303e-05]
[0.0001213843961135816, -0.00019588546564934788]
[4.2816660400166184e-05, -0.00014898808543270872]
[-6.002846525004352e-05, -2.5298225243926145e-05]
[0.0001438331774759917, -8.494898435506062e-06]
[9.610397566343389e-05, -2.6255473366610814e-05]
[-7.666203824481174e-05, 1.722668574731848e-05]
[3.430623760065877e-05, -4.2567405753159235e-05]
[-4.341359671815575e-05, -0.00016689565244899036]
[6.325217246977606e-05, 1.978921155490975e-05]
[-4.6362218882574704e-05, 4.404301358052745e-05]
[0.00016360774949169404, -9.56371061943892e-06]
[8.700279699921237e-05, -0.00011507325451388635]
[1.165156803890205e-05, -2.644888847975861e-05]
[2.819683698127018e-06, 7.358983167305875e-05]
[-8.184432678817744e-06, 0.00015423870516402885]
[-4.634041236208086e-05, 9.827838649932065e-05]
[9.10145118261374e-05, -3.8649275608343414e-05]
[-9.186525365565551e-05, -0.0001727696244534921]
[-0.00012414729526336044, 0.00011042957727852923]
[0.00015447985137724551, 9.519026734392325e-05]
[0.00011973913177097673, 3.309675193630124e-08]
[-1.7802275585551697e-05, 5.1204323549040864e-05]
[-7.458460368764408e-05, 3.941771615272732e-05]
[3.2467154189183556e-05, -9.266976572183325e-05]
[-9.966645213267677e-05, 5.7272169452934896e-05]
[-3.9765361577792646e-05, 7.816197377032152e-05]
[0.00010170859136093835, 3.1036531640972476e-05]
[-3.048369629762848e-06, -0.00012619516810245118]
[-8.656066920956218e-05, -6.928003372853875e-05]
[-2.0358209778428837e-05, 9.367726158004963e-06]
[-3.236781872251182e-06, 9.073623073684034e-05]
[1.4568415498628084e-05, 4.885671001973735e-05]
[9.245069317571908e-05, 2.6496429223615836e-05]
[-0.00010582734408025318, -0.00014212089422051266]
[-6.405289441421824e-05, 7.068586010731959e-05]
[2.455273522211643e-05, 9.904228721747954e-05]
[7.988227837145423e-05, -7.987707265615096e-05]
[-0.00010492225641066388, 3.906037422923836e-06]
[-9.133597442917418e-05, 0.00010168680760330728]
[3.4925746815239744e-05, 3.6267039791954e-05]
[-4.3552388940590325e-05, 7.345012639808912e-05]
[-1.9267315214024916e-05, 9.337973777016895e-05]
[8.740216465263906e-05, 9.268286421965088e-05]
[5.891683916640911e-05, -2.258579269102945e-05]
[-0.0001607011951375581, -5.6784584318292364e-05]
[3.582902382168185e-05, 0.00010763164611160558]
[-0.0001005028144225456, -7.099990017050972e-06]
[6.775809296891144e-05, 8.169288675796693e-05]
[-0.00011152033737375777, 1.537274980617509e-05]
[7.136742956012632e-05, -3.6112235961449635e-05]
[-8.01705253744428e-05, 7.171117150672757e-05]
[0.0001294366901580385, 7.102573480777252e-05]
[2.1726166738192387e-05, -0.00015672882676312505]
[-6.5776920475935086e-06, -0.00015387419976084504]
[-0.0001581417946650704, -6.836497771803285e-05]
[0.00017346530149846273, -4.977196253530547e-06]
[-7.06371464318789e-05, -8.983769916673379e-05]
[-1.7360661252727172e-05, -9.566009566114309e-06]
[0.0001176167481967208, -1.9624945198554178e-05]
[-2.5599793774089274e-05, -0.0001167921901129576]
[-3.353651998155849e-05, -0.00011879860925340102]
[2.9145869976751615e-05, -0.0001457621474199311]
[9.221482276995652e-05, -1.61795708586987e-05]
[-2.415644056549815e-05, -8.374709985858875e-05]
[3.411113930207321e-05, -9.760034577324661e-05]
[-3.8388932362444506e-05, -5.0999499778742186e-05]
[5.5441426961535395e-05, 6.933639040335171e-06]
[-1.7156287947024673e-05, 5.3930336065155515e-05]
[0.00011453180603778878, 4.8283946078864215e-06]
[-0.0001796863404041893, -0.00012390388241867445]
[3.520560986888452e-05, 8.188781968759828e-06]
[7.975375748546162e-05, -3.520939920031996e-05]
[-3.439533089690666e-05, 3.3834866834225874e-05]
[-2.2416953083479255e-05, 2.5412157315385375e-06]
[8.165030873294454e-05, 6.640813235686549e-05]
[-9.623165632288364e-05, 0.00011439723825282244]
[-5.027631301147972e-05, -7.808559683331051e-05]
[1.4181777365590564e-05, -5.369576162919665e-05]
[1.3786913974959958e-05, 0.00011695162433489337]
[-2.3141121371073742e-05, -6.743166806072454e-06]
[-5.706227031040262e-05, -3.247202468456556e-05]
[2.1990471503197107e-06, -9.887333571295676e-06]
[-1.782125530250256e-05, 1.5752991883249967e-05]
[-5.718986551536687e-06, 3.433532931959582e-05]
[-2.1327737900714294e-05, 2.693463974695609e-05]
[-0.0001367179090662543, -4.3341446380851245e-05]
[6.152401961964649e-05, -6.629760848508859e-05]
[6.411399914373755e-05, 1.7949818059831424e-05]
[-1.6401778390184862e-05, 2.1072394109727943e-05]
[-6.092052206019272e-05, -4.4637661193752676e-05]
[8.917997891821905e-06, 1.5854451559049743e-05]
[-0.00011950780990650778, 7.09945016255098e-05]
[-3.775120408062993e-05, -1.7877426236684313e-05]
[-8.376795928646819e-06, -3.719294992615696e-05]
[0.00012605041093173563, 0.00011703192328771372]
[-8.864806818878468e-05, 7.332570127543958e-05]
[-9.433867901212367e-06, -0.00011945058684853516]
[6.110038922178818e-05, 3.4315295858289296e-05]
[-1.9612356063430925e-05, 6.0066004082953706e-05]
[2.9747469708907293e-06, 0.00013259258550854525]
[-9.283358843081846e-05, 8.889682874546612e-05]
[-0.00010239800066746962, 1.1581877151334297e-05]
[-3.7882164296565435e-06, -4.8686033358752434e-05]
[0.00013388700781605256, 6.053150016990805e-05]
[-1.372151062040139e-05, 6.16308280877581e-05]
[5.722680002756553e-05, 6.684769937574664e-05]
[-2.0987193409413574e-05, -0.00012621444235916268]
[4.8540834975019376e-05, 4.523436204376119e-05]
[-0.0001794497592820521, -3.308639329877017e-05]
[0.00014375036686474496, -2.5745515017813747e-05]
[4.010166312887198e-05, 9.741746399050122e-05]
[-7.890471642610364e-05, 5.136309252237736e-05]
[-8.517572316540933e-06, -0.0002066967393919844]
[9.281932965839179e-05, -0.00015086446039876134]
[3.1521407737253315e-05, -4.446069748197806e-05]
[6.88262103898385e-05, 2.2768821310970022e-05]
[9.613946934217132e-06, -1.0166185621426904e-05]
[-1.937353695881383e-05, -7.573706079404968e-05]
[8.233552650589726e-05, -9.608096559655249e-05]
[-9.090842622086481e-06, -5.207772257759952e-05]
[5.848667130649299e-05, 5.756517713484052e-05]
[-9.574447527983809e-05, -2.595460170849717e-05]
[0.0001276089674844133, -0.00011157076531508742]
[-4.4812234318611366e-05, -7.877100860820968e-05]
[1.4635386896721947e-05, 4.571033469256622e-05]
[6.177087011944443e-05, -1.2248170647488621e-05]
[0.00013917496207541125, 0.00010930509549626419]
[-0.00010370752058388999, 9.567590750907476e-05]
[2.9593831212197663e-05, -1.656829283125036e-05]
[-1.668452366871548e-05, -7.272935775286954e-05]
[2.3805625699577226e-05, 5.3533856381403865e-05]
[-7.396006552747025e-05, 9.400734312213846e-05]
[-3.3711446551207974e-05, 5.533597331449161e-05]
[7.219652019525499e-05, -1.1151947018025674e-05]
[2.2119936352510416e-05, 6.407824818066587e-05]
[1.4159935406560936e-05, 7.748627939975234e-05]
[-1.516007220787527e-05, 0.00011074231696177165]
[-4.000932091168842e-05, 4.7542164414305656e-05]
[-2.950579191826272e-06, -7.204431617587363e-05]
[2.2549266291779606e-05, -7.7261608165437e-05]
[-0.00011414941245614478, 7.414789955079767e-05]
[4.6240536310930905e-05, 7.76824748955409e-05]
[3.7010719157640204e-05, -5.020183222787314e-06]
[-6.0204134373412904e-05, 6.066184783786268e-05]
[-2.5811727982688604e-05, 4.147623165236085e-05]
[4.281669750888506e-05, -0.00010473349112795349]
[1.0731628341281718e-05, 5.214106163888531e-05]
[-7.634211106082034e-05, 6.342754322820679e-05]
[2.7133033159182363e-05, -3.2493554657522794e-05]
[6.513092756706834e-05, -4.7175016689469246e-05]
[-3.6265641328005194e-05, -1.5433706068344877e-05]
[-3.947802483546259e-05, 9.267496124379035e-05]
[-3.8199280815928716e-05, 9.607454915498345e-05]
[-3.318025631375565e-05, 8.809469795563463e-05]
[8.170879352158156e-05, 5.018902285741644e-06]
[1.5854732711373387e-05, -0.00010414817884448965]
[-8.761464459812462e-05, 8.619706736576888e-05]
[0.0001020890745752484, 8.362173636506515e-05]
[-7.395569790472067e-06, -6.833190099531095e-05]
[1.4670940607072747e-05, 0.00011048220071127601]
[-7.971532255528213e-05, 2.3098997415912925e-05]
[7.263435922610917e-05, -6.270148378215157e-06]
[-0.00011315135283386513, 2.046175126482752e-05]
[3.4704062384594e-05, 5.298497312515582e-05]
[3.4885834744452504e-05, 1.864149741209742e-05]
[0.00014284533912836683, -7.768668421609393e-05]
[-7.445831145654058e-05, -9.557109240437844e-05]
[4.119224796995946e-05, -2.9132511702917308e-05]
[-0.00012239495816880608, -3.9778070239304686e-05]
[8.934807597946182e-05, 2.466466030862091e-05]
[6.626698135568654e-05, -5.876529418341603e-05]
[-1.0260756276705973e-05, -0.00010934486532296339]
[-2.5255665762530244e-05, -7.660685833799086e-06]
[5.093906548966909e-05, -5.85974447387394e-05]
[5.537430447394298e-05, -0.00011054123841050534]
[-3.2757778916259195e-05, -0.00011738364330715623]
[2.1578168122704522e-05, 1.2047720442887044e-05]
[5.0332946231052e-06, -8.289248435582042e-05]
[4.840102928158063e-06, -3.0179930429780066e-05]
[-6.510802606110588e-05, -5.742759153770649e-06]
[0.00017790212851656606, 1.7738837184450018e-05]
[-3.5627901351545366e-05, -5.6700564807138365e-05]
[8.770177195790985e-06, -3.7777759800655675e-05]
[-6.041127428843551e-05, -4.222490790536937e-05]
[-1.0172970074037724e-05, 7.985783056052576e-05]
[-1.9577166609718866e-05, -1.5460043636394971e-06]
[4.6026367831984716e-05, 3.566660541640121e-05]
[-6.947327523768032e-05, -2.5525079444116416e-05]
[-1.4657455517992635e-05, 8.642892717969364e-05]
[3.468440730637623e-05, 0.00010130405239749951]
[5.980697139212898e-05, -3.638773883496427e-05]
[-8.365390562219133e-05, -3.8080630104159185e-05]
[-9.398175437051043e-05, 3.0063083500980747e-05]
[8.069738224351919e-05, 1.2288692095796527e-05]
[-0.00012185142292642573, 7.053712237917176e-05]
[-1.7383650739263845e-05, 4.875824660430239e-05]
[6.944322881219378e-05, 4.0698908455177873e-05]
[-7.99461405286625e-05, -1.1724951874736433e-05]
[-9.475469949393571e-05, -9.278880886676166e-05]
[5.7815703874260216e-05, -2.9897575509141294e-05]
[1.1455686129078092e-05, 5.2116177793215535e-05]
[1.4883783571940229e-05, 2.5460126569287755e-05]
[-3.4177068689730805e-05, -6.705946180010636e-05]
[-6.459996293648601e-05, -3.620448256130837e-05]
[-6.707229566357137e-05, 4.01945662223957e-05]
[1.53340684358981e-05, 6.158339361175824e-05]
[6.424174745697092e-05, -4.648996358436186e-07]
[-0.00015399577235717223, -7.678612045494693e-05]
[9.067423334847835e-06, -6.079097099920272e-05]
[0.0001006846316087889, 2.045101992531606e-05]
[-2.2777208888588585e-05, 1.2482353837273141e-05]
[2.733109647133289e-05, 5.471328490211369e-05]
[3.5757440637239346e-05, 3.3569447661474516e-05]
[-0.00010567076455488336, 5.646621634219917e-05]
[-0.00010498702601362264, -5.852382437090964e-05]
[3.9236060376264537e-05, -1.1140114300589588e-05]
[5.251864962960151e-05, 6.979134211565485e-05]
[2.2469602354066587e-05, 2.1983599146013777e-05]
[-5.5747987295601265e-05, -9.174356820484952e-05]
[8.054326837209774e-05, 1.7236291453087693e-05]
[-2.390770384480545e-05, -7.39773894459228e-06]
[9.155520551448748e-05, 8.448412960790352e-05]
[-4.652616923241093e-05, -9.789058456888267e-06]
[-7.325558153184475e-05, -9.579240616242046e-05]
[-4.373731485347865e-05, -7.92512821125857e-05]
[0.0001080007934637639, 1.0451532727967505e-05]
[2.846453211666211e-05, -5.1302290583865595e-05]
[1.3969749716943869e-05, -5.7335228161814467e-05]
[2.108017572037546e-05, -6.315602739404014e-05]
[-1.0786982451202465e-05, -4.0139169015018794e-05]
[-2.487560151646917e-05, -5.00092072632935e-05]
[4.0119421446410675e-05, -5.998563749370911e-05]
[0.00015829424514013368, 3.095227149964297e-05]
[-0.00011747889232534281, -5.631028660521564e-05]
[-1.1969490921401316e-05, -0.00012826634209277266]
[-9.859868576919673e-06, -7.006692109416679e-05]
[9.844135275903498e-05, 1.293098371275836e-05]
[-4.763935848260681e-05, 5.1589042698363397e-05]
[6.47775132963796e-05, 7.223473528511493e-05]
[-0.00011027775543619167, -8.767485898664162e-05]
[8.076149903410434e-05, 1.3187193151867338e-05]
[1.9476566045395494e-05, 3.629730038332002e-05]
[7.455669532542564e-05, 5.697534043309915e-05]
[-9.02854709674411e-05, 3.0763213958326374e-05]
[6.8212016537949616e-06, -1.4495796291424945e-05]
[-5.044769877970978e-05, 5.200877505945334e-05]
[-7.379974568477721e-05, 5.6800241082580194e-05]
[4.5796799332809e-05, 4.212443115524794e-05]
[8.559108446615227e-05, 0.00015786762656182923]
[-6.547005812992945e-05, 7.785299710778848e-05]
[-3.85202378436339e-05, -3.3903901950294024e-05]
[5.0872983703764696e-05, -3.4552994216514865e-05]
[-3.517997963628505e-05, -8.593255689630375e-06]
[5.006008342134383e-06, 9.032466160341368e-05]
[-9.267335275511823e-05, 5.215048760419741e-05]
[1.255096368541625e-05, 3.638114138130796e-05]
[1.636574465016527e-05, -1.06554593696951e-05]
[8.3401760572685e-06, 3.134855941342579e-05]
[-1.7652890126243492e-05, 5.253970383783599e-05]
[-2.1000362659950866e-05, -2.3475083932380375e-05]
[1.691306577415036e-05, -4.134831170961046e-05]
[2.3183113380544074e-05, -1.065428122105222e-05]
[-5.6272979617182084e-05, -1.941651507498133e-05]
[3.397431397898776e-05, 1.61073759888785e-05]
[3.4809428244086255e-05, 3.1204285572614555e-05]
[-5.563204425936344e-05, 0.00011290799522220216]
[1.8376818543828707e-05, -7.705781369891636e-06]
[2.2545826157613358e-05, -5.851993643208957e-05]
[1.453579167071551e-05, 1.977591851339149e-05]
[-2.3049433265137122e-05, 1.5133638348775822e-05]
[-3.5759900462561944e-05, 2.9905331583891088e-05]
[9.850732916149088e-05, 2.3430161917216354e-05]
[1.9613695837038952e-05, -2.5888931852379067e-05]
[1.8396703612066564e-05, 7.299578720592215e-05]
[-5.104953236350837e-05, 4.267991427066124e-05]
[4.872768262866034e-06, 5.672925536683135e-05]
[2.7070131888518034e-05, -5.468763503399185e-05]
[8.013422568992762e-05, -5.7907415042209205e-05]
[-9.68890403282574e-05, 4.146238784652305e-05]
[0.00010757333716910483, -1.7973593794979453e-05]
[-3.5736193303090302e-06, -2.5598239586741012e-05]
[-1.5039390379029127e-06, 6.259900933471008e-05]
[-1.0654083696173822e-05, -6.126939330002024e-05]
[8.183571904683135e-05, -0.00010613308635164242]
[-2.0663865645920154e-05, -3.7265250190446353e-06]
[-6.312541071112898e-06, 3.4930675061363436e-06]
[5.2088583358159135e-05, -4.186106040795362e-05]
[5.766096016641964e-05, -8.519867269711837e-05]
[3.111506175906831e-07, -5.766802264181581e-05]
[-2.3396584719573288e-05, -7.891235616244371e-05]
[-2.5760001413854816e-05, 7.439617827947886e-05]
[-5.5525986062079924e-05, 1.2324170493203945e-05]
[0.00016516270135015498, -7.147006971358616e-05]
[-4.6192696332908456e-05, -0.00011462668076051008]
[3.780369645961512e-06, 5.1871516630039305e-05]
[3.493472240420625e-05, -7.752272847078023e-06]
[6.097940181580552e-05, -7.011458423300532e-07]
[-0.00010351050003427897, 5.013053239748266e-05]
[1.1105418244408694e-05, 5.04287536412934e-05]
[-2.886667524497344e-05, -7.515387107834282e-05]
[-3.6813549579767235e-05, 0.00010592681674140292]
[-5.572798349129382e-05, 6.569586375576586e-05]
[9.971602890640474e-05, 3.27563681181281e-05]
[2.821754611113947e-05, 1.2333999594285605e-05]
[-3.488947558177857e-05, -1.7375551118081756e-05]
[1.340040362346473e-05, 2.540544575181658e-05]
[-0.000125351765188228, 0.0001011888035351155]
[1.1949411777636976e-05, 8.365705260451883e-05]
[-5.847920128407291e-06, 2.390685912123658e-06]
[-3.320363346791255e-05, -4.006557846886194e-05]
[-7.636372986231932e-05, 7.37347156139212e-05]
[6.263753160114238e-05, 4.872701949718006e-05]
[-3.173364888697794e-06, -8.471375701482597e-05]
[-5.673766118763357e-06, -1.527421696731479e-05]
[-7.129770862174256e-05, 4.664047798086379e-06]
[8.614248566796157e-05, -1.2865375860954265e-05]
[-7.792389802890182e-05, 2.7765094059106765e-05]
[-4.362692529245871e-05, 4.297572806430394e-05]
[4.028003738162922e-05, -3.503350939598748e-05]
[-2.820974067418991e-05, -6.629900867763383e-05]
[-4.7734920567948924e-05, -5.663477977940756e-05]
[1.1779177379322991e-05, -6.3759465471213694e-06]
[9.869712951374177e-06, 1.9147911170469545e-05]
[2.7830041997106703e-05, 8.105532695090734e-06]
[1.4039652349043252e-05, -4.584555684961078e-05]
[-1.0594473508276914e-05, -4.153930464798061e-05]
[-2.3860854251090552e-05, 5.880395034535413e-05]
[1.8120000947134673e-05, 8.882101096716055e-05]
[3.2639111322266615e-05, -8.267348254645257e-05]
[-7.866495793860256e-05, -8.085489970399706e-05]
[-5.856395994467776e-05, -7.944109940233313e-06]
[0.00011091742169380692, 1.8400694184711464e-05]
[-2.456576142434788e-05, 2.028290997543869e-05]
[3.8879856595487594e-05, 4.861875092349033e-05]
[5.3051676901866296e-05, -3.5706635598264924e-06]
[-1.2343232862262188e-05, -4.8671933711219584e-05]
[-8.803810778670873e-05, -8.439941866600353e-05]
[4.4501234413296675e-05, -1.803088782725837e-05]
[2.8065408123993663e-06, -8.548865205765255e-06]
[3.869411399345978e-05, -2.1028272957523964e-05]
[-2.1090793095090987e-05, -7.12799254667662e-05]
[-1.0740897741218572e-05, -5.7517872220913535e-05]
[5.669627956977896e-06, -2.6741798306584297e-06]
[4.061649550276755e-05, 1.1669646160478164e-05]
[6.057760936019341e-05, -2.7722632052806784e-05]
[-8.666973703072567e-05, -0.00015052498284609528]
[2.217170890798925e-05, -5.044967327738625e-05]
[1.032195269910774e-05, -8.801280502013231e-06]
[2.2684529525876518e-05, -5.7074792158634535e-05]
[-4.047231368597276e-05, -1.3780998487117335e-05]
[8.29495706982375e-05, 5.2922806339644746e-05]
[-0.00011337529003289243, -1.6548525270304593e-05]
[1.976792965262264e-05, -9.041201676496247e-06]
[-4.957227439837675e-05, -4.0261173054306765e-05]
[0.00011378830975841692, 7.26303916660509e-05]
[-3.104595224629608e-05, -1.7929100093544426e-05]
[-5.44665173632386e-06, -8.7572548567727e-06]
[-5.763198863956154e-05, 4.658859349035427e-05]
[8.728133694402285e-06, 1.206455510996407e-05]
[-2.5075999227658352e-05, 0.00011533003993052793]
[-1.970341613866111e-06, 9.123240022232415e-05]
[-6.9849713882561e-05, -3.5538786705979764e-05]
[-6.405184445487655e-06, 5.027577893873536e-05]
[4.210738187199192e-05, 6.642519054964047e-05]
[-1.897911297218946e-05, -2.758012379977526e-06]
[1.8251670677260634e-05, 2.2868793148667077e-05]
[-3.886783800770288e-05, 1.582083930237732e-05]
[-1.1894343204157942e-05, 7.070847809684255e-05]
[-0.00011061476136381421, -3.2668019955300887e-05]
[4.3876082877716827e-05, 3.724533790389062e-05]
[5.926950768304906e-05, 6.423193285222395e-05]
[-1.557779438181306e-05, 1.7968809985904888e-05]
[-5.885399991802098e-05, -6.222163136218595e-05]
[2.8492121098538936e-05, -5.028683942331913e-05]
[-3.3061159976296994e-05, -3.3398957974106747e-05]
[3.2333884890323183e-05, 5.3253256460245035e-05]
[6.014520358518793e-06, 2.4676192344724734e-05]
[-4.407813440573949e-05, -1.2458392337190427e-05]
[2.8083570165912675e-05, -6.310838399038732e-05]
[3.523621544522515e-05, 2.304177130328655e-05]
[1.9620646268841968e-05, 8.164071516103544e-06]
[-1.4800939046932804e-05, -4.608403427121266e-06]
[3.955763381215116e-05, -1.1968993318702686e-05]
[-2.625000437028735e-05, -5.08289613928431e-06]
[-7.413688086509163e-05, -1.7850094838799818e-05]
[6.860957559734482e-05, -9.992204291767864e-06]
[0.00010017413219677584, 7.377019993297027e-05]
[-3.8562529111538235e-05, 9.763970329899202e-05]
[1.33926158542505e-05, -7.826050248976348e-05]
[5.085742647213676e-05, -5.0091320324480854e-05]
[-3.126194265914983e-05, -8.01155961670675e-06]
[4.859007995523801e-05, 2.6488754671847442e-05]
[-3.362771300031292e-05, 5.553186935161082e-05]
[1.5126675000358414e-05, 1.7148660215841882e-06]
[1.447812245874286e-05, -4.3093810092518364e-05]
[4.374494750637725e-05, -1.1453472032418172e-05]
[9.772038739898348e-07, 1.4266619849224874e-05]
[4.7288863737268705e-06, -1.3722330401780454e-05]
[4.882884859648724e-05, -7.205776954692742e-05]
[3.825087960957277e-05, -3.6201440921437194e-05]
[-5.740789860871043e-05, -1.1531629866782655e-06]
[5.186392960209395e-05, -5.2766865931912834e-05]
[5.107177455658963e-05, 3.501773630632291e-05]
[-0.00010798956174409412, 3.2075176871328354e-05]
[2.7364648580403134e-05, -3.861598077123298e-05]
[1.0748398645768834e-05, -0.00010548967499664783]
[7.019878880453953e-05, 2.8668134442166524e-05]
[-4.8037071263273834e-05, -4.422608159101223e-07]
[4.271526606530393e-05, 7.850752018253443e-06]
[1.5462416686623515e-06, -7.271647715014103e-06]
[3.0933582498678114e-05, 1.9585507366389268e-05]
[-3.350350568882832e-05, 2.297863949760927e-05]
[-2.6140769893850946e-06, 0.0001164279097960047]
[-0.00012242799116076591, 3.07948934796954e-05]
[5.469376255747699e-05, -2.3777532239685484e-05]
[7.849578846613747e-06, -2.3569927181929518e-05]
[-2.6677044289963314e-05, 0.00010128027044109533]
[7.394255963812102e-05, 5.370519749640229e-05]
[1.2398176560027285e-05, 3.3236302521423566e-05]
[-6.439539620653467e-05, 0.00010542540924437377]
[-7.392286426494143e-05, 1.2643978328133465e-05]
[6.821285108821185e-05, -2.5993062417385693e-05]
[-5.9354538306438664e-05, 8.496926524824422e-05]
[-3.102339412135169e-05, 6.638718633324159e-05]
[-3.0095894198250983e-05, -2.423623803423508e-05]
[7.222510508039792e-05, -4.371465281774456e-07]
[-4.324018297821586e-05, -3.3354104816085695e-05]
[7.34233617022545e-05, 1.396607923210419e-05]
[-8.797074826966123e-05, 6.814600639269697e-05]
[9.731305734561602e-07, 3.30612139034514e-05]
[8.948483192910972e-06, -8.089208549942606e-05]
[1.4864350729851261e-05, -5.917489440063206e-05]
[-4.796446084541495e-05, 1.1778666384562597e-05]
[4.9323750700172586e-05, -7.99188138542184e-07]
[-1.1546643090401543e-05, -6.61371012269929e-05]
[-3.34101891604488e-05, 9.169819735255214e-06]
[4.492232702726917e-06, -6.008526764356148e-06]
[5.861813915666869e-05, -6.0484464404944593e-05]
[3.567377732299759e-06, 3.309156124176038e-05]
[-3.1142918340082426e-05, 4.080034938250265e-06]
[3.432737611480663e-05, -3.308711825847355e-05]
[2.4904618532536893e-05, -2.6278144293748196e-05]
[5.639757829245529e-06, -6.334569399601975e-05]
[-1.3252533376681419e-05, 3.3015343877257353e-06]
[-5.825173207095469e-05, 4.332811230658984e-05]
[3.0495535950914032e-05, 1.1719274851107464e-05]
[4.214770285638353e-05, -5.7748632869836225e-06]
[1.31425325988338e-05, -4.594702378699078e-05]
[7.770352615926734e-06, 3.738718691834175e-05]
[3.94727517220167e-05, 7.621591831652452e-06]
[-2.2489706107207963e-05, -8.896700783872502e-05]
[-1.946793167145744e-06, -4.174451426744441e-05]
[-3.929465094221901e-05, -1.134914279959931e-05]
[5.3916451612928684e-05, -7.1317330680720215e-06]
[-2.4621148252482183e-05, 9.384248366994807e-06]
[-2.0092451295278257e-05, 1.4316552093829316e-07]
[5.278876427488102e-05, -2.168187971107738e-06]
[2.9462189625531487e-06, -9.476696456911515e-05]
[-6.905768475132246e-06, -5.948472783423586e-05]
[-2.2690695291642526e-05, -4.877515709489355e-05]
[-4.296367207745969e-06, 3.981501117994446e-06]
[5.760846239953599e-06, -7.219156415105843e-06]
[4.114325929850584e-05, -4.1843881625924784e-05]
[-7.911988613734655e-05, -4.268251843775328e-05]
[1.7563029279066972e-05, 4.7134249430397235e-05]
[-3.484277683339643e-05, 3.165646102148978e-05]
[6.967607224983574e-05, 2.2811398546207506e-06]
[-9.07569401278098e-05, -9.018158720641711e-05]
[9.597307983461728e-06, 2.2068988325907313e-05]
[-4.581178709972197e-06, 1.7499861313663434e-06]
[-1.9956933162392637e-05, 2.4869027644730535e-05]
[-2.630737616139342e-05, 9.288944858545922e-05]
[7.573723787461517e-05, 5.409884651416674e-05]
[-7.766052000398281e-05, 2.0161961272469053e-05]
[-6.341561496726184e-05, -1.4985107454512647e-05]
[-1.1264895127136021e-05, 6.949811496653746e-06]
[-1.0311124833642382e-05, 8.510169476150242e-05]
[5.1190412591519546e-05, 4.852063094329395e-05]
[-2.6845200024772087e-05, -1.07884420999238e-05]
[-3.1684836065137834e-05, 7.056708605762685e-06]
[-8.119327051840652e-05, -3.671619931394643e-06]
[5.894065962441103e-05, 0.00010454148240146566]
[3.6564931349958307e-06, -1.1703536467455589e-06]
[-1.5839653246280117e-05, -3.2304664980664644e-05]
[-4.5540559334783515e-05, -2.6355050203347163e-05]
[5.240246650827646e-05, 2.956309369667176e-06]
[-7.18216228651064e-05, -4.2772015107162e-05]
[3.948148918728883e-05, 1.748870325860019e-05]
[2.6659824492861195e-05, 5.107925986583273e-06]
[-3.8426276075302634e-05, -1.69226085436347e-05]
[-5.714119005791052e-05, -7.326168467720884e-05]
[1.9681232496210344e-05, -1.8661776423650744e-05]
[8.98538330419002e-05, -6.079903839620315e-06]
[2.3160554306525527e-05, 2.4100844422392242e-06]
[-5.73203369862163e-06, -5.894499557178301e-05]
[-2.3542931483266916e-05, -4.4957883453308756e-05]
[-2.0977195095514545e-05, -6.378252302791099e-06]
[-2.8336776606990854e-06, 5.165107239932243e-05]
[6.111271091503723e-05, 1.5361052092793814e-05]
[-5.943255437261541e-05, -6.761859648918289e-05]
[3.118385674921731e-05, -1.0692563166075919e-05]
[5.3977997543627754e-05, 2.703560536257421e-05]
[3.8361670755077126e-05, -2.8662904620641028e-05]
[8.668631869393484e-06, 2.1196376802021244e-05]
[2.339553994340493e-05, -5.460368218759837e-07]
[-2.0315642262305755e-05, -1.0629623119332021e-05]
[-9.398712472642734e-05, 1.1158279365798551e-05]
[3.522007477835265e-05, 2.642165427071963e-06]
[0.00010775851783084711, 3.897503333183394e-05]
[-3.473580153041944e-05, 1.2519763906468362e-05]
[-1.1711973888856031e-05, -6.851000131893187e-05]
[5.1241306544144716e-05, -6.0055920693004305e-05]
[-1.2778470666260922e-05, -3.9029172261943745e-06]
[3.5764709715002674e-05, 4.747472647094464e-05]
[1.793441024296183e-05, 2.2469072820007624e-05]
[-6.450455135819516e-05, -4.973683689284136e-05]
[2.4854270221225105e-06, -1.3654435791890518e-05]
[6.867518307668297e-06, -4.4725200390935416e-06]
[3.814088822631789e-05, 5.988426499719396e-06]
[-5.5593146714369435e-05, -2.3483252842574492e-05]
[6.57904430587733e-05, -1.232996010779204e-05]
[-2.2725804255212256e-05, -1.3352793509856242e-05]
[-2.912078825489245e-05, 2.7540311194933047e-05]
[2.3764428950127925e-05, 7.35141040174303e-07]
[8.787400154578948e-05, 7.365574349705185e-05]
[-0.00011946223971083872, 5.779885053193955e-05]
[-2.9696405389918745e-06, -8.868824413820831e-06]
[-1.6459292157787464e-05, -1.8669023987278113e-05]
[1.3972062546122044e-05, 3.802200890531244e-05]
[-1.1227688532219893e-05, 4.671256612749598e-05]
[-1.2700411216693547e-05, 7.433785735887823e-05]
[7.520141373627658e-06, 4.319316422230152e-05]
[1.4033075662016982e-05, 3.2270947695477995e-05]
[3.155664933939808e-05, 7.003533694303943e-05]
[-4.245836375539689e-05, 4.331972695062643e-05]
[-2.9276785711759498e-05, 1.3180737421218062e-05]
[-4.078859098630323e-05, -1.985232793146833e-05]
[4.927008061632321e-05, 4.782010961508856e-05]
[-6.848411055921169e-05, 2.0008593871776587e-05]
[8.967230223868444e-05, 1.9147163841862777e-05]
[-1.4027136790613348e-05, 2.392513678506694e-05]
[-1.5244574015443879e-05, 4.390114322079053e-05]
[-4.895660388216927e-05, -3.0332446991285233e-05]
[8.542060031840881e-05, -3.680947688023458e-05]
[-7.286410381515673e-06, -1.8784641923803164e-05]
[3.617529022170718e-06, -8.938174117754938e-06]
[-5.2512405560055375e-05, -4.1652150725570575e-05]
[4.215109575328446e-05, -2.04322427548205e-06]
[1.5784409859588566e-05, -4.7973478635828654e-05]
[2.8802116707603298e-05, 3.6714379185974477e-06]
[-4.967242246266268e-06, 5.190452869786866e-05]
[-3.64424734301122e-05, -5.115403085540968e-05]
[4.9010831788709464e-05, -5.6676964098036076e-05]
[2.1353595091450073e-05, -4.4522910671057625e-05]
[4.584799006279727e-06, -3.3536864308333914e-06]
[5.046549684617485e-05, -9.20463809787192e-06]
[1.661324095886263e-05, -5.51101146813171e-06]
[-6.988292802054263e-05, 4.8009526005650394e-05]
[5.3257987956273345e-06, -1.4904254473625811e-05]
[3.966456227763593e-05, -5.388244407636411e-05]
[2.186627040438871e-05, 6.519353458871169e-05]
[-7.558228644774512e-06, -1.542880914875283e-05]
[1.3758125049043168e-05, 6.330318015515535e-06]
[3.1011925266791196e-05, -1.190761661930273e-05]
[2.231545102898691e-06, -7.228236491689521e-05]
[2.3303914725464336e-05, -2.488659243432556e-06]
[-6.392492281248607e-05, 7.305556529101087e-05]
[1.9844152806119952e-06, 2.2467464258338343e-05]
[4.267373631064442e-05, -3.262747999525917e-05]
[-1.3066373132905595e-05, -5.026400097489503e-05]
[-1.4518074404765158e-05, 1.8781117952892945e-05]
[4.6224355763041514e-05, -4.830927936526341e-05]
[-1.4728120387774712e-05, -1.0331234375077214e-05]
[-4.176765429997342e-05, 3.24240475112203e-06]
[6.526769424225476e-07, -2.9834749663351645e-05]
[7.015646388372487e-06, -4.310580059756208e-05]
[3.959985126041066e-06, 3.0665368073834465e-05]
[-4.440339750265421e-05, 1.610830472165148e-05]
[4.4718369382343304e-05, 1.4950498026772285e-05]
[-2.838039546904092e-05, -3.2790137360502736e-05]
[6.487803057134145e-06, -3.297432393267741e-05]
[-4.754086801952995e-05, -3.231690561272815e-05]
[-3.500170514994516e-05, 8.616195663166404e-05]
[-1.4083110495374807e-05, 3.961603152563553e-05]
[4.698089983386222e-05, -1.0649139119162099e-05]
[-4.730277928147175e-05, -1.2531401125115416e-06]
[-8.655353770405105e-07, 5.118759409317164e-05]
[5.894556916873073e-06, 6.115497107681e-05]
[-6.901910451238835e-06, -8.071468413833882e-06]
[-3.06746825854895e-05, 2.6833183778829373e-06]
[-6.676802261442946e-05, 2.7626787073353753e-05]
[4.525199106641953e-05, 2.7025968326044314e-06]
[-5.1340400598402086e-05, 4.7831954953864164e-05]
[-5.314162941125189e-06, 8.635706784898556e-05]
[2.1110492225190043e-05, -1.8270000825937327e-05]
[2.96905969675125e-05, -2.0940820397580273e-05]
[-7.374382126490268e-05, -5.640981917057197e-05]
[4.534529006816612e-05, 4.113913403686054e-06]
[-4.627456275503941e-05, 1.84906996247014e-05]
[5.306387636309744e-05, 3.5014724164200706e-05]
[-3.1676757113605764e-05, -6.502515830916766e-05]
[-9.396918677261057e-06, -6.688359876788619e-05]
[-4.844123978301265e-05, 6.9644644077326845e-06]
[2.5558425903617673e-05, 4.116990770092199e-05]
[5.5047711380880326e-05, -7.688864948213192e-05]
[-1.5157091828078145e-05, -7.650126112512812e-05]
[-7.4535008366335975e-06, -4.1616665821114784e-05]
[5.5145382944259136e-05, -4.039150784390655e-05]
[-1.7461750517637487e-05, -1.98536622806611e-05]
[-2.659491464876776e-05, 4.341184968517653e-05]
[7.198158619076134e-05, -8.502142213540065e-06]
[-6.059630398416033e-05, -6.453971078149157e-05]
[-1.8058925819117166e-05, -3.141360211542099e-05]
[-2.027131605803617e-05, -3.377846408519902e-05]
[7.373991150264048e-05, 1.3496868832396647e-05]
[3.2495446452909804e-05, 2.1355523320693015e-05]
[3.74403172521548e-05, -2.5293649120877726e-05]
[-2.2620671833513406e-05, -3.621388798516478e-05]
[-2.749367732483854e-05, 2.4254473602505766e-05]
[-1.4207460220856671e-05, 6.311763049554608e-05]
[3.289331788977612e-05, -5.941437716885933e-06]
[-4.2214831700707056e-05, -5.977024654098273e-05]
[9.560976585748504e-06, 2.1914303398082313e-05]
[3.196956194116696e-05, 5.804783158855353e-06]
[-7.136382591282908e-06, -3.3763940167227946e-05]
[1.1343910726935302e-05, 2.226251950522562e-05]
[3.3672843867432745e-05, 2.079943332018719e-05]
[-8.308536778856013e-06, -1.9590169945085667e-05]
[-5.256440109502325e-05, 7.622295723208605e-07]
[-2.734734731681121e-05, -5.948599033328561e-06]
[5.206642993051125e-05, -9.015630782385764e-06]
[-1.848792285048806e-05, -2.365952403923788e-06]
[-1.3591091327508353e-06, -2.0567192823645053e-05]
[-1.7128832592153143e-05, -2.7137629720924705e-05]
[6.431442569065915e-07, 1.9973796245201236e-05]
[-1.986841913999282e-05, 4.7715808660156456e-05]
[4.2894287892017435e-05, 2.115693910812594e-05]
[-5.4274886305355485e-05, -4.985352739585169e-05]
[2.342259423965265e-05, 3.271000786852357e-05]
[-1.1911118663041065e-05, 4.736307189023847e-05]
[1.6539160086759264e-06, -2.0308848502480215e-05]
[-4.828749988211589e-05, 2.7852276982501256e-05]
[2.6556887185780198e-05, 3.405986048549137e-05]
[-2.2411591686130605e-05, 3.1058073828652e-05]
[-5.11731650034708e-05, 5.1290737003658465e-05]
[2.57218676334367e-05, 3.2685276976841815e-05]
[6.035598430183947e-05, 5.5057723733084596e-05]
[-2.0532712642948314e-05, 4.7450287672081565e-05]
[-3.3389279041312614e-05, -3.023950929816402e-05]
[2.6918379043783247e-05, 1.1678649480050679e-05]
[-6.506318468157968e-05, -5.867776234007305e-06]
[5.252250846186218e-05, 7.26709250364159e-05]
[-2.618986931128553e-05, 3.646396563791038e-05]
[5.374441842932731e-06, 8.431475366426494e-06]
[-6.088139145092597e-06, -1.0116454190804876e-05]
[6.307889178600729e-05, 1.482555172230976e-05]
[-3.9867869218081914e-05, -1.9544577586895658e-05]
[3.387791442842e-05, -3.128395776163823e-05]
[4.994258084031061e-06, -4.31585676049992e-05]
[1.7217990445506787e-05, 1.5024571250774749e-05]
[-6.098374896406321e-05, -5.142778006681252e-05]
[6.897459222765003e-05, -1.656842567427123e-05]
[4.6668074410123606e-05, 2.5428556252941225e-05]
[-4.1912273075032924e-05, 8.196649892022495e-06]
[1.936699900087534e-05, -4.436715079102701e-05]
[7.796532120410253e-06, -7.094196455603049e-05]
[1.963078397346739e-05, -1.9530526397542984e-05]
[2.5511085022158347e-05, -2.9450226869778373e-05]
[1.5884757095210172e-05, 1.866564935566143e-05]
[-2.3871022782319395e-05, 9.829671146332347e-06]
[5.2757039441127945e-05, -3.4234010767443535e-05]
[-2.1072880071887345e-06, 2.423639018755931e-05]
[1.598067943475029e-05, 4.840442781986476e-05]
[-3.106850218358159e-05, -4.5103878451649426e-05]
[3.627123280348227e-05, 6.589335857353634e-06]
[-6.8237805314619315e-06, -7.498414525609898e-06]
[-1.785361375540584e-05, 1.547179789738312e-05]
[6.234978414120657e-05, -4.53130084933015e-06]
[3.356931998597934e-05, 4.2237774274200834e-05]
[-5.9996812908101604e-05, 4.724179661912825e-05]
[-2.2073091273534795e-05, -2.6122556270758573e-05]
[3.741508117880571e-05, -2.4899513676318596e-05]
[1.1580121159565637e-05, 3.9195721685703067e-05]
[1.2045548450606569e-05, -4.558720500681679e-06]
[-2.5075998747431383e-05, 2.1604684229195592e-05]
[-6.86333852457921e-06, -1.9566169584400717e-05]
[-1.9678514760868016e-05, -3.817506936453635e-05]
[2.417267877583007e-05, 1.0746177292436654e-05]
[-4.1392336618539805e-06, 6.956075959133057e-05]
[-3.696067795437574e-05, -4.618772506709279e-06]
[2.9563544221539173e-05, -4.754236274931434e-05]
[-1.1592703860141551e-05, -2.5808877998058366e-05]
[-2.443592965827024e-05, 1.801706974906281e-05]
[4.352260024863275e-05, 9.681244660803001e-08]
[1.195480150097128e-05, 3.9768102966367125e-05]
[-0.00010121733430387692, 2.8610206121965076e-05]
[-3.144734038132424e-05, -1.1923915419653763e-05]
[1.4665442474331991e-05, -3.370720755256629e-05]
[3.216210834054711e-05, 5.987563207729418e-05]
[-1.5036058366085792e-05, 4.497125397406876e-05]
[1.4213450350977763e-05, 1.1478970700348756e-05]
[2.130637173691774e-06, 1.2242530386855077e-05]
[-3.6581296357127147e-05, -3.6398498673109736e-05]
[1.8847670407218242e-05, 2.262699427858783e-05]
[-6.0348480888740286e-05, 9.55219004445812e-05]
[-9.313793419216121e-06, 4.0382781402170664e-05]
[-3.28892567590805e-06, -2.4214055710222726e-05]
[1.33185476412917e-05, -1.0845602464656934e-05]
[-2.284635529362783e-05, 3.1777305048302784e-06]
[7.87861504644577e-05, 1.948727527492644e-05]
[-3.06608524049054e-05, -3.0444912035368366e-05]
[1.4319285050481967e-05, 1.5849223733252482e-05]
[-7.10393972161022e-05, -2.544712193186527e-05]
[6.566048621059473e-05, -3.0482314276367162e-05]
[-2.396946711528264e-05, -2.068283475598065e-07]
[-1.8035130740431948e-05, 1.0742316933209928e-05]
[-1.0468160989915432e-06, -4.251125175325221e-05]
[3.9142167043274e-05, -5.518438387053237e-05]
[1.960109316315184e-07, -7.396904687445582e-05]
[1.8508940998876455e-05, -3.777679454489147e-05]
[-9.02861248593817e-06, 7.552828502926934e-06]
[1.4950069194011317e-05, -8.661631146295035e-06]
[2.283759668805438e-05, -4.6391022738900833e-05]
[-2.2729977944321855e-05, -5.5219045764415275e-05]
[2.2068500495261642e-05, 9.312002155287269e-06]
[-4.101142410668779e-05, -7.068394972109537e-07]
[3.787400203977397e-05, -5.094311287864861e-05]
[-3.391465089677345e-05, -4.931776610986316e-05]
[1.632313408219191e-05, 1.8985219946865417e-05]
[3.5718816807438214e-05, -2.7305556996093383e-05]
[2.6409417760431958e-05, 2.808889008124038e-05]
[-5.772971604474028e-05, 4.2014358764386195e-05]
[4.387611354602847e-05, 1.1504941115347833e-06]
[-1.383083007587679e-05, -3.529552312372952e-05]
[-1.9310730963482264e-05, -1.4597987066655715e-05]
[-3.0327871570387174e-05, -1.0062661388615668e-05]
[-5.3077609789287106e-06, 3.4662396730611444e-05]
[2.015834036046653e-05, 3.834988654291549e-05]
[2.285222329296427e-05, -7.576546816323582e-06]
[-4.7214391202671235e-06, -3.498627328102355e-05]
[-2.7804321783744812e-05, 3.927899469599594e-05]
[-9.99114918411384e-06, 3.271118267395012e-05]
[7.948398111960742e-06, -3.3261802239226146e-05]
[-2.304843860240907e-05, -2.783404425454883e-05]
[-8.175481137483176e-06, -5.283824041579788e-06]
[1.656711334339228e-05, -9.916274257476543e-06]
[-4.42104680185712e-05, -8.881304439808946e-06]
[-2.75611248621091e-05, 4.5885664131384285e-05]
[5.384194703066114e-05, 2.57912668698429e-05]
[-2.5844334277866365e-05, -2.4281223212296865e-05]
[-1.648816150266741e-05, -8.752251874147299e-06]
[-3.5918249095330534e-05, -3.3218568920606595e-05]
[7.325062049548525e-06, 9.647268217463645e-06]
[1.0326429351566191e-05, 5.3476998445115e-05]
[2.8147631804281703e-05, -2.2167338487616428e-05]
[-4.563506282291574e-05, 6.292943317748323e-06]
[-3.714012075235751e-05, 3.291670966898419e-05]
[-1.678551569983533e-05, 5.422415055127139e-05]
[2.2453998100913086e-05, 2.416556183730545e-05]
[-1.5556585011095025e-05, -1.6112513107513493e-05]
[2.15108378819745e-05, 2.627628389874348e-05]
[2.627389777232203e-05, 2.0511301781087066e-05]
[-5.573100702500888e-05, -3.26536839477809e-05]
[1.647483972840036e-05, 5.6873499371445924e-05]
[1.2805932644466278e-05, 3.975821326017426e-06]
[1.1311134228697561e-05, 3.067174990258048e-05]
[-6.042526041794005e-05, 3.543501136717142e-06]
[2.7743045424702406e-05, -3.690721647367501e-06]
[1.638052271250856e-05, 5.5419216906105184e-06]
[3.9218566615040196e-05, 7.872870278452515e-06]
[-1.296543862031041e-05, -5.8112872985127684e-05]
[2.7595693175369584e-05, -3.7124723664919146e-05]
[-5.017297227498385e-05, -1.992511695542848e-05]
[4.2774906229017806e-05, 4.1240328252305225e-05]
[2.6874635939241887e-05, -3.1583236408637416e-05]
[-1.814582019445815e-05, -4.297069377676155e-05]
[2.3427198004702388e-05, -2.1248008073848634e-05]
[2.8569375309407674e-05, -1.7383662911277242e-05]
[-1.3677984618890027e-06, -2.270686038297401e-05]
[-1.2275635321669365e-05, -3.144282743712881e-05]
[5.672533237020133e-05, -2.02883348149243e-05]
[-3.4051573987725625e-05, -3.070785014131633e-05]
[-2.0249974633533563e-05, -8.041381494138661e-07]
[2.1933618887796935e-05, 1.653893943808632e-06]
[0.00010339871427323538, 3.186411404185706e-05]
[-5.633031190623722e-05, 1.9357939349338993e-05]
[2.3529037633734234e-05, -3.184710186466839e-05]
[-2.1330919242185803e-05, -4.776763036077984e-05]
[-1.4071206802909048e-05, 4.2396886867931624e-05]
[1.9519021943761872e-05, 3.397115264857503e-05]
[3.253535251365389e-05, 5.032045941491927e-05]
[-5.434866823466819e-05, -7.4414882813584465e-06]
[2.3690299855142274e-05, 2.451356048899559e-06]
[2.3868019374548646e-05, 3.837907023406255e-05]
[6.842010860869455e-07, 2.5351918416986703e-05]
[5.221980886409121e-06, -1.8081535230509956e-06]
[6.2248652065838815e-06, 8.477879243384975e-06]
[-1.3127749712970888e-05, 6.228182515458254e-06]
[-6.970311856647343e-05, 1.6260485878960042e-05]
[4.9688765404483706e-05, 1.485550568799249e-05]
[3.319460110876374e-05, 4.452398028186597e-05]
[-5.028426864191887e-05, 1.8688551830136485e-05]
[-2.1742656338575445e-05, -2.817641883590214e-05]
[1.9161504209518065e-05, -2.266041538415576e-05]
[8.564545449632477e-06, 1.1234828763903582e-06]
[3.4463538024210455e-05, 1.873449704156184e-05]
[-2.3024245436112367e-05, 2.4751751515292644e-05]
[-2.8291614716374758e-05, -8.124285070127205e-06]
[-1.3635882236726071e-05, -5.7814904556724445e-06]
[-1.0493913867301585e-05, 4.406913452532392e-05]
[1.079636864406014e-05, 3.4284372091287346e-05]
[-3.148167150789083e-05, -2.8791879964412334e-05]
[1.247332080209912e-05, -2.7259406157748023e-06]
[1.0441764085315774e-05, 1.0515717073368569e-05]
[-1.7892826699533737e-05, 1.0745661936626544e-05]
[5.7266463757421615e-05, 4.034500632743923e-05]
[1.4544649435739576e-05, 3.2255886318798e-05]
[-5.733303297144471e-05, 2.6321473875590834e-05]
[-6.60067848080037e-05, -1.5671217116972058e-06]
[3.166171538292184e-05, -3.759963391428145e-06]
[1.8502397773650925e-05, 1.6775745437361267e-05]
[2.797104314403165e-05, 2.2416046994953864e-05]
[-2.2994297160114363e-05, 4.600966941874229e-06]
[4.47776739714717e-05, -1.1357271646389444e-05]
