[467.2065508957089, 19.518458599119107]
[-10.40551015467949, -3.4010713164039714]
[-1.9658388781757878, 0.44856753894642054]
[-0.14393950432105207, 0.8831246316532599]
[-0.6322009503816544, -1.293039625677011]
[-0.26200992335810724, -0.7694964279401688]
[-0.44946795901482517, -0.0796776823748182]
[0.10363458802163983, -0.19461077764075063]
[0.09913147202014816, 0.0785550458735238]
[0.13341989289274636, -0.07373091227812267]
[0.06611556714886291, -0.08279413360958898]
[-0.03138165468559251, -0.041787745022762834]
[0.005861071089219294, -0.0922076284372011]
[0.02100063341712488, -0.06179706706033672]
[-0.009992808427633726, -0.0049924961359204545]
[0.030038458787652544, -0.055967201450870085]
[0.021916081941610877, -0.018423401264138217]
[0.01675658284758974, -0.008393745771705596]
[0.02434008164550061, -0.02728987643192582]
[0.006922441661950884, -0.02417584454644306]
[-0.003466177163416795, -0.022455950646358858]
[0.0036656295012482687, -0.025084095714402677]
[0.006763817499420011, -0.010172410487778283]
[0.016751791857100073, -0.013947821211431233]
[0.010735538445466375, -0.00705796418603466]
[0.005298401765043204, -0.01143917283046747]
[0.006227974164163319, -0.016911760039022283]
[0.0020560579509663057, -0.009255251054216096]
[0.0031535506157087667, -0.008581976326949459]
[0.007357903779904307, -0.013858488488822915]
[0.002352456513276091, -0.005143190322725949]
[0.004916849795747247, -0.0073234967127246975]
[0.007447209183017556, -0.007949288237042218]
[0.004464356914922973, -0.005037506975561712]
[0.002814256129830439, -0.006984828763751949]
[0.001598343275785119, -0.008710442436635546]
[0.001160939583637166, -0.0063542135078313855]
[0.0039000284207424407, -0.00582037422277587]
[0.004101776683906433, -0.0031545045475598332]
[0.004443840066565841, -0.005186928658168277]
[0.0027293117847806414, -0.0051145053503312]
[0.0008801765186934318, -0.0040488418643018775]
[0.002439545884947769, -0.00556069641987289]
[0.0026423485772295585, -0.004738459413590634]
[0.0012089651088262876, -0.002567775035970832]
[0.0025636528601111763, -0.004997348637282739]
[0.0022807151107024914, -0.003578926545715788]
[0.002082780965684927, -0.002333047821781342]
[0.002759950752790008, -0.0034354596214134503]
[0.0017037219039841567, -0.0036365608548156736]
[0.0005977924067828155, -0.0032959122761795356]
[0.0010702061972298615, -0.0035869490435349732]
[0.0016928698307664414, -0.0026184500302568747]
[0.00250010500650788, -0.0025944633710737186]
[0.0017893618729649674, -0.0019380638409125517]
[0.0012410375776190918, -0.0026770803056459513]
[0.0012744429158003667, -0.003224774202705838]
[0.000859191880601351, -0.002130368641555247]
[0.0012226551462632962, -0.002101317716583395]
[0.0017108106900348141, -0.002896617127069359]
[0.0007839620790511259, -0.0016901132446343545]
[0.0010961915549776435, -0.0020243331552576294]
[0.0016744254338791897, -0.002241929152443145]
[0.0012541118213678093, -0.0015608656350662997]
[0.000939026253307107, -0.0018088656051284957]
[0.0007429894972519335, -0.0023838615198785718]
[0.0005678174701571059, -0.0019382342004645725]
[0.0010418508469789423, -0.0016716523512325665]
[0.0012835010921536938, -0.0013009728179440017]
[0.0013260112067625673, -0.0016733408728009103]
[0.0007982515918194544, -0.0015960065796831735]
[0.0004334281413158614, -0.0015025983831709055]
[0.0008697967065198764, -0.0018389224228041456]
[0.0009377092424056599, -0.001495284189881707]
[0.0006305405695068433, -0.0010218245269676407]
[0.0009058069201679508, -0.001734087906547166]
[0.0007360363389607993, -0.001393677380468361]
[0.000685179607562203, -0.0009885294580418424]
[0.0010100865152893324, -0.0013205885177045573]
[0.0007638802074010353, -0.0013575767571003539]
[0.0003438510790401139, -0.0011986646551447322]
[0.00046283460394130893, -0.0014020397685978944]
[0.0006907731339876877, -0.0011782714860580357]
[0.0009050367711382901, -0.0010052399202022944]
[0.0007477251110559191, -0.0008586439391220502]
[0.00058187412885502, -0.0011807589119388062]
[0.0004848174140109629, -0.0012894565186321039]
[0.0003786781464816258, -0.0009373619852834914]
[0.0006130525277885379, -0.0009686011334628652]
[0.0007636121858226042, -0.0011650963850577956]
[0.0003877314353460948, -0.0007694790327347871]
[0.0004657137975090375, -0.0009723338922946745]
[0.0006761078372423679, -0.001062284416835535]
[0.00055083262007527, -0.0007193906426428143]
[0.0004962866383150244, -0.0008127781813334067]
[0.00043487932829711085, -0.0010944034122140067]
[0.0002789407434158342, -0.0009002021313421205]
[0.00043754664761019857, -0.0007957298661264711]
[0.0006240058539298543, -0.0007199014561368178]
[0.0006349739298502355, -0.0007844517338160273]
[0.00038695786886400185, -0.0007383269108940382]
[0.00025313077764144154, -0.0008048056384932778]
[0.0004118683768367104, -0.0009179024477710129]
[0.0004495599519909188, -0.0007021047884556153]
[0.00039133100964094947, -0.0005491255139382645]
[0.0004860168143352439, -0.0008664908407072236]
[0.00033818314818168105, -0.0007124174349291135]
[0.0003130536068413625, -0.0005595135691862652]
[0.0005174917126339329, -0.0007205422267007044]
[0.00043058094471204456, -0.0006770525125359139]
[0.0002245054707679106, -0.0005923256959881051]
[0.0002690442864527187, -0.0007625981540679803]
[0.00034822656450017586, -0.0006682044099627915]
[0.0004352508537799338, -0.0005202794098784214]
[0.00042898312275108097, -0.0004916110950508035]
[0.00035601561900622247, -0.0006540522273388305]
[0.00024142459370403435, -0.0006673771559944086]
[0.00020000323783420093, -0.0005430753587037929]
[0.0003584342984555011, -0.0005751881729050279]
[0.00042824145990505436, -0.0005996994902855712]
[0.000245266127015753, -0.0004249361016255872]
[0.0002691632395364074, -0.0005829633163960679]
[0.0003395820605063271, -0.0006171110908774757]
[0.00028800133786555104, -0.0004096484178139903]
[0.0003184177314169978, -0.00047110369452818546]
[0.0002940996264954032, -0.0006158870073036393]
[0.00016057115257162025, -0.0004996625868395332]
[0.0002297225383988133, -0.00048032483909699053]
[0.0003601345203565476, -0.0004676172683748814]
[0.0003656398171814068, -0.0004362888645088603]
[0.00024269246257990762, -0.00041492750505733866]
[0.00017707144515177742, -0.0005084986630123911]
[0.00022247787539009245, -0.0005453889879798446]
[0.0002461946712719598, -0.00040556638345851104]
[0.00027024257082930436, -0.0003535463938755812]
[0.00031360863165796893, -0.0005073654990113141]
[0.00019088596398375568, -0.0004160066581819777]
[0.00017366647568015092, -0.00037293124630277674]
[0.0003048221776499327, -0.00046441848173461864]
[0.0002682369268687257, -0.00039066951085819923]
[0.00016756123588146377, -0.0003468470238394694]
[0.0001878646213392815, -0.0004838715018888433]
[0.000195686485004537, -0.00042368030239708573]
[0.00023882883129000554, -0.00032028690869534415]
[0.0002838554035964336, -0.0003292265839905939]
[0.00024610959221046946, -0.0004042271420283683]
[0.00014492511221990412, -0.0003928129116008705]
[0.00012348992244060053, -0.0003663068655208601]
[0.000225232357379479, -0.00038815830973804033]
[0.0002655370276893887, -0.00035270879221746543]
[0.00017965696739491444, -0.0002679066696790744]
[0.000186800632172468, -0.0003898665763300002]
[0.0001910813586821769, -0.0003960989764479894]
[0.00016485317883507822, -0.0002693370100181891]
[0.00022330607488080245, -0.0003179540176507789]
[0.0002135965052072475, -0.00038365435620285604]
[0.00010799422917007195, -0.0003061425796116457]
[0.00014215083929969285, -0.00033167641850867513]
[0.00022473847738169184, -0.0003314282151996306]
[0.000228807874599668, -0.00026970826628636146]
[0.00017638458785429467, -0.0002658827295491939]
[0.00013892720977048967, -0.0003495794267789343]
[0.00013044597902678312, -0.0003537285920778288]
[0.00014577320791325787, -0.0002694582143191182]
[0.00019645660562112033, -0.00025570384836362536]
[0.00022086344156935223, -0.00032278106143002194]
[0.00012673681345132248, -0.00026360069211328607]
[0.00011308752089167484, -0.0002737251077979952]
[0.00019148301152421832, -0.00032686643349721933]
[0.00017476919356107512, -0.0002484300019135466]
[0.00013530921984417077, -0.0002295677911905436]
[0.00014618725622890516, -0.00033245463055329647]
[0.00011882177555225248, -0.0002849986720986769]
[0.00014219009140337135, -0.00022335834547515532]
[0.00020066141632979484, -0.0002438018450620083]
[0.00017973785893035665, -0.00026559927206015743]
[0.00010193208336994886, -0.0002508116459298826]
[8.844647662697991e-05, -0.00026997932202266206]
[0.00014630788178982002, -0.0002802930877436882]
[0.00017252273241519234, -0.00022786901212838023]
[0.00014255519845862707, -0.00018793357304062314]
[0.00014413523383027815, -0.00027591602859655673]
[0.00011688823646915925, -0.00026833868256215254]
[0.00010095163576595567, -0.0001971809175398409]
[0.00016262265617822402, -0.00023619604798197358]
[0.0001598461183575095, -0.00025350451504108085]
[8.348549871795008e-05, -0.00020113930529769286]
[0.0001014511251852257, -0.0002475870804397595]
[0.0001456609029522049, -0.00024603365110045794]
[0.00014880649544440905, -0.00018138285541535737]
[0.0001386766295103925, -0.00018903209536191845]
[0.00011564757636228773, -0.00025114249428614954]
[8.263348808035254e-05, -0.00024080876983312294]
[9.236475202523131e-05, -0.0001984286458946577]
[0.00014557146660132414, -0.0001988703227567279]
[0.00016162243833717227, -0.000216039966871584]
[9.615300308396524e-05, -0.00017806763925359848]
[8.48215342829084e-05, -0.00021215172711586128]
[0.0001241328056329205, -0.00024096597479439374]
[0.00011607983163575142, -0.00017138036448982596]
[0.00011315691058189081, -0.00016778784358473242]
[0.00012017486729684612, -0.0002381785570985777]
[7.823284848875595e-05, -0.00019838313973425184]
[9.111750136026053e-05, -0.00017075780410946706]
[0.00014569810736086986, -0.00019198835181089002]
[0.00013383656548873746, -0.00018183507879321326]
[8.134102117716979e-05, -0.0001710155838761107]
[7.187653573192954e-05, -0.0002090761096867899]
[9.662939820920258e-05, -0.0002094935283125654]
[0.00011466973985674311, -0.00015968198873117512]
[0.00011721182908575045, -0.00014405455828812863]
[0.00011725166075049476, -0.00020099376799520563]
[7.800580575256788e-05, -0.00018783268873145964]
[6.673583603589162e-05, -0.00015604590839379817]
[0.00011964100283728962, -0.00018584011057543037]
[0.00012037370157819138, -0.0001746513606689648]
[7.142762712297746e-05, -0.00014073855215493425]
[8.127862671225561e-05, -0.00019280075550576203]
[9.653885209648383e-05, -0.0001867646244597676]
[9.867239210392675e-05, -0.00013198672506975484]
[0.00011281749897124049, -0.00014615230564962722]
[9.831031519746958e-05, -0.0001845134193518838]
[5.763715155526761e-05, -0.000169059447836295]
[6.352569612791403e-05, -0.00015717646500958138]
[0.00010792928953695657, -0.00016110216933330757]
[0.00011962657018182998, -0.00015038347213902625]
[8.021601321483995e-05, -0.00012798642567607432]
[7.083735121361096e-05, -0.0001689357190455265]
[8.216368618099712e-05, -0.00018170400826811317]
[7.792777850446075e-05, -0.00012765283556670504]
[9.524889794076952e-05, -0.00013266941648759634]
[0.00010073205750543712, -0.00017439657687414248]
[5.689810376298399e-05, -0.00014148246034732456]
[6.370870744343282e-05, -0.00013897219825242946]
[0.00010636950917752852, -0.00015628114927246362]
[9.962753152573112e-05, -0.0001291058380918919]
[7.041912073502132e-05, -0.00012431736770213142]
[6.354296433663809e-05, -0.00016587116343130814]
[6.486947962258682e-05, -0.00015900905071153382]
[7.747924840667553e-05, -0.00012078604197443554]
[9.711738501794187e-05, -0.00011817732915412466]
[9.71251601267209e-05, -0.00014855594463714095]
[5.764731626523023e-05, -0.00013484118896245345]
[4.877646040268857e-05, -0.00012986214755250636]
[8.760250628753186e-05, -0.0001506929685903824]
[9.000557999666592e-05, -0.0001250895235251348]
[6.456863543624625e-05, -0.00010512291258341078]
[7.028475598008788e-05, -0.0001530721102228627]
[6.553429121125554e-05, -0.0001430006670435635]
[6.656858530915133e-05, -0.00010351123383811611]
[9.238752741896894e-05, -0.00012024644868824375]
[8.335173064055734e-05, -0.0001371647925717534]
[4.5099923653091345e-05, -0.00012180391972382854]
[4.8402588828599935e-05, -0.00013036208680715713]
[7.92896820401845e-05, -0.00013290155897360822]
[8.825590798988703e-05, -0.00010896133184790102]
[7.05477359359552e-05, -9.818312220899461e-05]
[6.300142700205527e-05, -0.0001358003309221978]
[5.5898496358286476e-05, -0.00013832130118096586]
[5.321808504732406e-05, -0.0001020538658472736]
[7.932070359784049e-05, -0.00011090862979223903]
[8.422688734414929e-05, -0.00012929347283464725]
[4.616234144494413e-05, -0.00010341236529131]
[4.935446707732272e-05, -0.00011730131259768406]
[7.726205751390491e-05, -0.00012892938915454177]
[7.338135376055988e-05, -9.554499582864473e-05]
[6.331764484515667e-05, -9.65046450098761e-05]
[5.843655032827799e-05, -0.0001326669331155328]
[4.497657286084422e-05, -0.00012134115522377531]
[5.368389213727953e-05, -9.78388023821497e-05]
[7.973921091258829e-05, -0.00010136108726622323]
[8.018807782927961e-05, -0.00011079618428111448]
[4.732288467701462e-05, -9.948008220517224e-05]
[3.994771292586963e-05, -0.00011098381833407611]
[6.343324752072776e-05, -0.00012359420463048387]
[6.640953771458458e-05, -9.365401910185756e-05]
[5.936310810689127e-05, -8.395197720972858e-05]
[6.305679302515133e-05, -0.00012214863598963843]
[4.634810514081433e-05, -0.00010972349253826619]
[4.631874057886565e-05, -8.656654658101282e-05]
[7.491434521639251e-05, -0.00010290250556466152]
[6.951103536978476e-05, -0.0001028907251916511]
[3.930447373967638e-05, -9.043833813604518e-05]
[4.097758591162237e-05, -0.00011069816744857953]
[5.757335737482938e-05, -0.00010998420909245563]
[6.450092138132746e-05, -8.281241753965718e-05]
[6.318066942712086e-05, -8.033184144273786e-05]
[5.73685729947232e-05, -0.00010904244394005502]
[3.997323942857289e-05, -0.00010569221056666578]
[3.7798183936677e-05, -8.644915437300282e-05]
[6.470177923417753e-05, -9.579476185533897e-05]
[6.934771523237071e-05, -9.691772724636921e-05]
[4.109258945095284e-05, -7.808109882369296e-05]
[4.219443422259772e-05, -0.00010056805508806832]
[5.572465684688943e-05, -0.00010641672680944403]
[5.3329940879753845e-05, -7.438681874427644e-05]
[5.7269185562702773e-05, -7.973149605355889e-05]
[5.405849311401756e-05, -0.00010597829542741133]
[3.31952172661909e-05, -9.27933177479745e-05]
[3.9015352056914754e-05, -8.360660452189084e-05]
[6.425541589649697e-05, -8.892717208536238e-05]
[6.515881648821997e-05, -8.353584631848321e-05]
[4.224015038467588e-05, -7.60761062231774e-05]
[3.603918357231173e-05, -9.565961302060444e-05]
[4.551015684212123e-05, -0.00010131038644178858]
[4.839009664958649e-05, -7.389083397860152e-05]
[5.414609759663014e-05, -7.122571215088802e-05]
[5.695381415071754e-05, -9.719543440050993e-05]
[3.509461368250699e-05, -8.43265895308365e-05]
[3.4158369887932194e-05, -7.582563693542266e-05]
[5.9592074400177664e-05, -8.974223280988625e-05]
[5.6576502456551214e-05, -7.81963831083532e-05]
[3.682709354713154e-05, -6.988425643039697e-05]
[3.760155126014686e-05, -9.46349136671e-05]
[4.15628131515966e-05, -9.047819996091389e-05]
[4.6786108850394026e-05, -6.654726989008264e-05]
[5.628735075374758e-05, -6.943198681497176e-05]
[5.2057546447270564e-05, -8.701006808886635e-05]
[3.096150646900338e-05, -8.110405421646316e-05]
[2.8865422618484793e-05, -7.616259119608282e-05]
[5.142748156727883e-05, -8.383515897614213e-05]
[5.5824410983978945e-05, -7.384942336302602e-05]
[3.869282963890608e-05, -6.161580404794031e-05]
[3.871175990399767e-05, -8.628800127885583e-05]
[4.021027803274846e-05, -8.722290768048424e-05]
[3.846039075167118e-05, -6.132395192781637e-05]
[5.1079877998322365e-05, -6.928691660534891e-05]
[4.927451891290069e-05, -8.421203845621061e-05]
[2.6895864126186275e-05, -7.131550116770691e-05]
[3.060209257010893e-05, -7.392235986752871e-05]
[5.05838886660781e-05, -7.843519673708665e-05]
[5.1760062648342764e-05, -6.419863375861645e-05]
[3.9534602603419344e-05, -6.094997714345407e-05]
[3.44189783607618e-05, -8.213316556626715e-05]
[3.2761063197439544e-05, -8.244860678541244e-05]
[3.5164023548278633e-05, -6.166181082779831e-05]
[4.83020942422252e-05, -6.322314539822238e-05]
[5.079881796599128e-05, -7.691239775947656e-05]
[2.908427115561052e-05, -6.525657270303742e-05]
[2.7481936548737207e-05, -6.814978168090402e-05]
[4.631498003632162e-05, -7.851418255522269e-05]
[4.478707186472697e-05, -6.080690631549146e-05]
[3.5563785240444457e-05, -5.677162442585537e-05]
[3.5976790004534076e-05, -8.053203770169368e-05]
[3.0344535291951247e-05, -7.366940109919222e-05]
[3.408359999973465e-05, -5.6606886994436945e-05]
[4.9186477941609574e-05, -6.23259492343875e-05]
[4.6318849683132934e-05, -6.897147201179177e-05]
[2.6435738827872146e-05, -6.289902763001454e-05]
[2.432332035962048e-05, -6.844127080779527e-05]
[3.97913666152494e-05, -7.328085074553847e-05]
[4.382260826710227e-05, -5.781908512600409e-05]
[3.713088103984852e-05, -5.1283139447314e-05]
[3.673265414400051e-05, -7.339441928311263e-05]
[2.9593301667185656e-05, -7.078338125876549e-05]
[2.800403216551839e-05, -5.339392922865116e-05]
[4.442325205486486e-05, -6.221999798339262e-05]
[4.3748679125377166e-05, -6.661641013645803e-05]
[2.4094932960683213e-05, -5.556333379710954e-05]
[2.6320653073064193e-05, -6.635787465469889e-05]
[3.890747749896173e-05, -6.872313755774961e-05]
[4.011794250802225e-05, -5.094122194282402e-05]
[3.749800239799539e-05, -5.14770862265479e-05]
[3.344337064720149e-05, -6.972626365697732e-05]
[2.4286750082314068e-05, -6.648212301263445e-05]
[2.604388237459343e-05, -5.4124200023663444e-05]
[4.182149594009199e-05, -5.758396425717405e-05]
[4.4243873891125496e-05, -6.0664308285496293e-05]
[2.6323679326756277e-05, -5.139515181976084e-05]
[2.4334395225714123e-05, -6.171881223981934e-05]
[3.521242596535301e-05, -6.81767769907804e-05]
[3.4511124314740016e-05, -4.901584982863749e-05]
[3.427294386809665e-05, -4.866354894311753e-05]
[3.468723730167423e-05, -6.77691209176965e-05]
[2.3074627085849925e-05, -5.9369707990152704e-05]
[2.553725608961388e-05, -5.050637739267838e-05]
[4.1831473193365554e-05, -5.700996385243906e-05]
[4.005240724308523e-05, -5.4559572558621205e-05]
[2.4581382415025943e-05, -4.9864045897574094e-05]
[2.252278491138293e-05, -6.17173251410974e-05]
[3.010098065758804e-05, -6.338732775190703e-05]
[3.3623583175046434e-05, -4.710649567444408e-05]
[3.53571636767247e-05, -4.502124523021733e-05]
[3.4957235288179955e-05, -6.158069313433323e-05]
[2.2888698186507295e-05, -5.6951671597249565e-05]
[2.1225430437588066e-05, -4.8482336668431714e-05]
[3.7450748532869005e-05, -5.669079484271755e-05]
[3.7613446465023515e-05, -5.276500170342535e-05]
[2.3260503620614603e-05, -4.4472891674585124e-05]
[2.4531567568486512e-05, -5.9568302657492245e-05]
[2.942380889409124e-05, -5.938536054921062e-05]
[3.0450630213174623e-05, -4.227592668193392e-05]
[3.519246235889062e-05, -4.5678006293514706e-05]
[3.215871046641228e-05, -5.8335589237512586e-05]
[1.9217224263567978e-05, -5.324785158178358e-05]
[2.0315595256087393e-05, -4.9269033767115195e-05]
[3.5024887541479366e-05, -5.2852721523759943e-05]
[3.740878314939522e-05, -4.805097806265257e-05]
[2.5308435393556206e-05, -4.178027749460189e-05]
[2.320658131680503e-05, -5.557125755961678e-05]
[2.6410389479814e-05, -5.8393613126539456e-05]
[2.6064954602944557e-05, -4.1405863771937224e-05]
[3.232327153385173e-05, -4.371841837969015e-05]
[3.2946801548909554e-05, -5.625577380895166e-05]
[1.8901775951124522e-05, -4.7573409487126905e-05]
[2.03177515936126e-05, -4.648715577804108e-05]
[3.450524156867196e-05, -5.227433242210866e-05]
[3.351551087027449e-05, -4.348970151513143e-05]
[2.403771786707587e-05, -4.096032825084972e-05]
[2.2166477454232947e-05, -5.5201584149622285e-05]
[2.254588108735467e-05, -5.3990639208023605e-05]
[2.5448680675388413e-05, -4.02862104808277e-05]
[3.288130802020506e-05, -4.1238918064526175e-05]
[3.270260921606205e-05, -5.091946409974124e-05]
[1.915648961814398e-05, -4.5704301665061564e-05]
[1.7357082032931626e-05, -4.508844066419826e-05]
[3.0545050843322485e-05, -5.1623503616649025e-05]
[3.1248435935687935e-05, -4.229839604706631e-05]
[2.3236735895715288e-05, -3.708047913338064e-05]
[2.397648061486235e-05, -5.2920089676611326e-05]
[2.221633808130452e-05, -5.0449748683484286e-05]
[2.2903454278799806e-05, -3.692187448267603e-05]
[3.2220548708356e-05, -4.204105723648599e-05]
[3.0119716216692183e-05, -4.812674883369894e-05]
[1.6682642161980343e-05, -4.267433964322276e-05]
[1.7216770409902993e-05, -4.569739239743825e-05]
[2.837218095880223e-05, -4.821828320115268e-05]
[3.064628387722257e-05, -3.869608152201609e-05]
[2.4936020738997033e-05, -3.5498080746071414e-05]
[2.2956326613619155e-05, -4.93218144773655e-05]
[1.9914588239369757e-05, -4.921967096926938e-05]
[1.9616090386198604e-05, -3.674619702465076e-05]
[2.9524107374223618e-05, -4.0543102484136284e-05]
[3.0434757511382804e-05, -4.613570229080634e-05]
[1.6970591790645834e-05, -3.826781177041286e-05]
[1.7591603464928163e-05, -4.3342785850386534e-05]
[2.7618129141482317e-05, -4.748394648290688e-05]
[2.712435319751627e-05, -3.5425368620223274e-05]
[2.3829075007156253e-05, -3.5221693810094656e-05]
[2.2277767887490807e-05, -4.862375835859578e-05]
[1.713839926142935e-05, -4.5235215107741755e-05]
[1.9370990149897294e-05, -3.613649739123148e-05]
[2.9612803849582425e-05, -3.87313161600393e-05]
[2.9731773897201386e-05, -4.162472037660958e-05]
[1.749599144751368e-05, -3.698086891568142e-05]
[1.5608725312865612e-05, -4.2200999424868435e-05]
[2.41510409697554e-05, -4.648916092553357e-05]
[2.51197456028196e-05, -3.48064222285005e-05]
[2.3210884715962887e-05, -3.246743157696297e-05]
[2.3737914232047075e-05, -4.6246315169945484e-05]
[1.7201602984018294e-05, -4.2158153455415515e-05]
[1.747166749410667e-05, -3.3765341977742835e-05]
[2.8560254519527373e-05, -3.944454788584739e-05]
[2.7252911829644955e-05, -3.9338222446616555e-05]
[1.584029445012014e-05, -3.463931469838144e-05]
[1.5967613798295588e-05, -4.249575772162853e-05]
[2.2325670922751506e-05, -4.333649916533899e-05]
[2.4377982238532603e-05, -3.215792017069452e-05]
[2.4461289014510168e-05, -3.166459405654076e-05]
[2.277524892457805e-05, -4.2960873317898773e-05]
[1.5568883550740042e-05, -4.0889305966018696e-05]
[1.5145974346320035e-05, -3.397411136463191e-05]
[2.5989377454016527e-05, -3.8125954355483493e-05]
[2.716502886318528e-05, -3.760063586284376e-05]
[1.646334723928028e-05, -3.1338554405822144e-05]
[1.6546456901411766e-05, -4.0314587082257436e-05]
[2.156971536704244e-05, -4.241876068455941e-05]
[2.131292068555113e-05, -2.993240710658096e-05]
[2.332460009304982e-05, -3.1739372807648714e-05]
[2.218678904303273e-05, -4.2042928725921636e-05]
[1.3706098543952994e-05, -3.7387219138290684e-05]
[1.528678025494723e-05, -3.36239006580169e-05]
[2.5728974974881247e-05, -3.66402216815942e-05]
[2.611771717303535e-05, -3.3901212787679214e-05]
[1.7080592511709014e-05, -3.060945319383057e-05]
[1.5212315131629683e-05, -3.921474158996574e-05]
[1.8659868113668487e-05, -4.11449329031921e-05]
[1.9662933708641805e-05, -2.9793903514013786e-05]
[2.2686596922727453e-05, -2.9768650401773566e-05]
[2.321503048841045e-05, -3.9665490529361414e-05]
[1.412852409510279e-05, -3.481140127301052e-05]
[1.3981978830665542e-05, -3.186822553979951e-05]
[2.4429696324324013e-05, -3.71151426131755e-05]
[2.3737978827598205e-05, -3.215796726335762e-05]
[1.5924072590767224e-05, -2.8908938812355345e-05]
[1.5825052713761e-05, -3.914740315251984e-05]
[1.72560332065419e-05, -3.818922467348912e-05]
[1.8980072474750198e-05, -2.791297180160246e-05]
[2.3458590568514737e-05, -2.9452314666611468e-05]
[2.2163323144031022e-05, -3.669792226401736e-05]
[1.306362911120823e-05, -3.3669536922076304e-05]
[1.2456470902033612e-05, -3.221071806128184e-05]
[2.201827051995231e-05, -3.579601569242419e-05]
[2.3370101611644434e-05, -3.0777422173111635e-05]
[1.6653942263536448e-05, -2.65386103166761e-05]
[1.6439423338954207e-05, -3.7009819588429416e-05]
[1.6659105685212783e-05, -3.714133705517986e-05]
[1.6436105741396423e-05, -2.64877716902312e-05]
[2.219831296002006e-05, -2.9688047455844746e-05]
[2.1510648521710918e-05, -3.569833011630996e-05]
[1.19209510265339e-05, -3.070634196911115e-05]
[1.2929537086203702e-05, -3.1916704888557135e-05]
[2.1558717400393945e-05, -3.442325386225631e-05]
[2.2124801484280088e-05, -2.7856106257218016e-05]
[1.7204196692544027e-05, -2.6289838244875074e-05]
[1.5478054818468534e-05, -3.585616076084985e-05]
[1.43365799663564e-05, -3.570075156811292e-05]
[1.5204183999251164e-05, -2.669679123088603e-05]
[2.144730170372533e-05, -2.8209121156468064e-05]
[2.2093625602459532e-05, -3.3439143747510114e-05]
[1.2612851249704793e-05, -2.8663234596243425e-05]
[1.2114496498169536e-05, -3.0490452598508355e-05]
[2.017069581901343e-05, -3.4591338449629916e-05]
[1.989970076066161e-05, -2.665489813075128e-05]
[1.6295122334808454e-05, -2.5131514944432e-05]
[1.6140159918121705e-05, -3.545206960647862e-05]
[1.3386965065233236e-05, -3.296241138341961e-05]
[1.4710824928099164e-05, -2.5382427182918388e-05]
[2.1775266215717792e-05, -2.813356450276361e-05]
[2.0894289017366063e-05, -3.0835603643142306e-05]
[1.1976189826623518e-05, -2.776331473264282e-05]
[1.120743910687505e-05, -3.078292198721577e-05]
[1.7990015231283962e-05, -3.318281751640839e-05]
[1.9395838914817998e-05, -2.5669934201662942e-05]
[1.6956755864661055e-05, -2.3500889569009684e-05]
[1.6647313077655657e-05, -3.3322647218780865e-05]
[1.3036609227912166e-05, -3.1880670862460825e-05]
[1.2711843998314265e-05, -2.4520085147639037e-05]
[2.037847038696694e-05, -2.8365359748261376e-05]
[2.011849869082427e-05, -2.989061346893307e-05]
[1.1351965239714268e-05, -2.5364362372132243e-05]
[1.1912669124425346e-05, -3.04009836703395e-05]
[1.7481591381984796e-05, -3.181557174879862e-05]
[1.8104225206955205e-05, -2.3459151910099063e-05]
[1.732139515203679e-05, -2.361561364344622e-05]
[1.5844959475486142e-05, -3.2106771295503655e-05]
[1.1286151478800965e-05, -3.0404207274736805e-05]
[1.1917275782521997e-05, -2.492596298743835e-05]
[1.9505003507669372e-05, -2.714568288614272e-05]
[2.0302273054162434e-05, -2.7860497534948347e-05]
[1.2192396291188512e-05, -2.385616058456219e-05]
[1.1450325963072161e-05, -2.910670673561544e-05]
[1.615087972943463e-05, -3.167847244212041e-05]
[1.6112115718114328e-05, -2.275423104497465e-05]
[1.648008305438209e-05, -2.286650470484375e-05]
[1.6405203911811633e-05, -3.1444232294104354e-05]
[1.0775031585263245e-05, -2.7939782400206517e-05]
[1.1675440026615025e-05, -2.398062332298334e-05]
[1.9472772503137392e-05, -2.712217084877011e-05]
[1.8966742954290572e-05, -2.5671744161903653e-05]
[1.1828802933183669e-05, -2.3255123863807903e-05]
[1.097314023074114e-05, -2.92354059401867e-05]
[1.4275951992992475e-05, -3.016647888967605e-05]
[1.561020881675479e-05, -2.2143799540505493e-05]
[1.695940011474384e-05, -2.1778542831226225e-05]
[1.6705154521456933e-05, -2.9352420673589563e-05]
[1.0691273869767315e-05, -2.6931725995771316e-05]
[1.0198528826138586e-05, -2.3464330397682254e-05]
[1.7985039271140035e-05, -2.7227175926847202e-05]
[1.808056493046717e-05, -2.4892004955590075e-05]
[1.1528697034579594e-05, -2.1403888707346996e-05]
[1.1787994783990507e-05, -2.8684898599001807e-05]
[1.3846055250427147e-05, -2.877883584993801e-05]
[1.4406438509362296e-05, -2.054106156768043e-05]
[1.7070830647419877e-05, -2.2119660150365927e-05]
[1.5915347533063118e-05, -2.812253799761022e-05]
[9.452705527268623e-06, -2.5543652598103428e-05]
[9.813292079718927e-06, -2.392138577855807e-05]
[1.7036728651831368e-05, -2.609951561545476e-05]
[1.7954726251406816e-05, -2.3173120124647673e-05]
[1.2390070091183869e-05, -2.0394216033642332e-05]
[1.1531572723211259e-05, -2.740721157556969e-05]
[1.2687563564831028e-05, -2.8391942208605414e-05]
[1.2719701539931627e-05, -2.0247161719444406e-05]
[1.618927617005883e-05, -2.1633225541106693e-05]
[1.6281851707961037e-05, -2.7309897681129618e-05]
[9.319776498021085e-06, -2.3414478043474844e-05]
[9.823528551333727e-06, -2.316922140838118e-05]
[1.6758389956794684e-05, -2.6001759382998646e-05]
[1.654284134561257e-05, -2.1430137886579992e-05]
[1.2150813254917237e-05, -2.009293507432286e-05]
[1.1305655489068922e-05, -2.7324895904345947e-05]
[1.117339125047967e-05, -2.68168573727412e-05]
[1.233092303661032e-05, -1.9943455744755867e-05]
[1.6433776537247424e-05, -2.08990446696547e-05]
[1.6325270879746778e-05, -2.5321440562608988e-05]
[9.467750022057464e-06, -2.2574077993997577e-05]
[8.802727110845954e-06, -2.2816713295070734e-05]
[1.5259674134515677e-05, -2.5907983087547493e-05]
[1.5605464211698727e-05, -2.0886030876438033e-05]
[1.2004157926986947e-05, -1.8731238604158262e-05]
[1.2108065502641763e-05, -2.6585044265614588e-05]
[1.0910999251684261e-05, -2.5439093849652372e-05]
[1.1314862000386117e-05, -1.882008043024852e-05]
[1.6277056556268654e-05, -2.132945309585299e-05]
[1.5467780881961435e-05, -2.4153746583821523e-05]
[8.645128396905788e-06, -2.1372667863228667e-05]
[8.757925950952927e-06, -2.3203278532989494e-05]
[1.43148387171943e-05, -2.477106948347782e-05]
[1.528355725563535e-05, -1.9519791345262716e-05]
[1.2773408207877868e-05, -1.814688311005397e-05]
[1.1921931942791841e-05, -2.5279113652632024e-05]
[9.996666858851089e-06, -2.4891501872348343e-05]
[9.980361800721038e-06, -1.8824993344740415e-05]
[1.5312313863563576e-05, -2.0965834574449005e-05]
[1.560682200625607e-05, -2.3306695672957456e-05]
[8.797085794279291e-06, -1.962253972678102e-05]
[8.972765547871075e-06, -2.2504888791463618e-05]
[1.3914032113426789e-05, -2.4534536177844846e-05]
[1.3880591020323796e-05, -1.822066395618105e-05]
[1.253443934785825e-05, -1.809973421440514e-05]
[1.1794634292433548e-05, -2.499510894879431e-05]
[8.864505090855346e-06, -2.3325824941772266e-05]
[9.77620321090944e-06, -1.873093371006218e-05]
[1.5324558615428807e-05, -2.0419894744026085e-05]
[1.539422192911588e-05, -2.149792746880541e-05]
[9.104352947458816e-06, -1.9013468064377204e-05]
[8.31027021705455e-06, -2.217917480129561e-05]
[1.2495335720064116e-05, -2.4221510214361697e-05]
[1.2973013370387587e-05, -1.7936676031574117e-05]
[1.2407580523038364e-05, -1.7136250444360623e-05]
[1.2482019846549175e-05, -2.4094552920655987e-05]
[8.812996752122215e-06, -2.2019243430884683e-05]
[9.004142736468435e-06, -1.7946325300055577e-05]
[1.4931025037440149e-05, -2.082059347391363e-05]
[1.4447553777552358e-05, -2.0471872226590637e-05]
[8.580641027156055e-06, -1.805894296696975e-05]
[8.509110477700199e-06, -2.2410664335225337e-05]
[1.1639100089402832e-05, -2.303439975569893e-05]
[1.2572432936258648e-05, -1.6920602794789907e-05]
[1.3001685773172955e-05, -1.6876775384061515e-05]
[1.2258127511757463e-05, -2.2770074188660505e-05]
[8.167954241709852e-06, -2.14128592145868e-05]
[8.033042084187869e-06, -1.8127328311079438e-05]
[1.389289535866367e-05, -2.0463549790045166e-05]
[1.437555994398404e-05, -1.969372183085495e-05]
[8.907154933273514e-06, -1.6701062121756566e-05]
[8.850543176924797e-06, -2.167209884090804e-05]
[1.122989402288499e-05, -2.2649245028205645e-05]
[1.1267447558027666e-05, -1.602736538652838e-05]
[1.2676004609087077e-05, -1.700645151403446e-05]
[1.2114795753970231e-05, -2.2335334710077426e-05]
[7.400948735192259e-06, -1.993940734529298e-05]
[8.040585913415832e-06, -1.8135663008775338e-05]
[1.3718157148609467e-05, -1.9976060368506743e-05]
[1.3949186013995085e-05, -1.8130759254331164e-05]
[9.283061133763537e-06, -1.6348446710445774e-05]
[8.432206061559366e-06, -2.128672759765804e-05]
[9.973267490942517e-06, -2.2141417998222668e-05]
[1.0470631046866075e-05, -1.5984670390573053e-05]
[1.2480294555722304e-05, -1.6330462332472817e-05]
[1.2617159892314156e-05, -2.1336878104905033e-05]
[7.558948452057734e-06, -1.8773455058948563e-05]
[7.523724793942477e-06, -1.7553432378802913e-05]
[1.3153120943257268e-05, -2.0259533655031525e-05]
[1.293767591983852e-05, -1.730999282023582e-05]
[8.936975907591904e-06, -1.565874199976891e-05]
[8.766256100259384e-06, -2.1321597217253442e-05]
[9.278214379813965e-06, -2.091222355710652e-05]
[1.0094873913180091e-05, -1.527703828782534e-05]
[1.2854819683466578e-05, -1.628236426046148e-05]
[1.2285287199886169e-05, -2.003921208237891e-05]
[7.16513695796922e-06, -1.8203972619867947e-05]
[6.8899823465196075e-06, -1.779412263586133e-05]
[1.2087849170394627e-05, -1.9827933462168712e-05]
[1.2708005171266357e-05, -1.667710406529424e-05]
[9.327758536278874e-06, -1.4671491514858716e-05]
[9.144480919265341e-06, -2.049661164499339e-05]
[8.950089713716247e-06, -2.041093738003319e-05]
[8.96283840011447e-06, -1.4720604055495912e-05]
[1.2397895974597395e-05, -1.6497123680403458e-05]
[1.2055514510139753e-05, -1.952862329612781e-05]
[6.71196161541876e-06, -1.6897114052477624e-05]
[7.094746644259464e-06, -1.78052120395622e-05]
[1.1798093002696186e-05, -1.9312219323257968e-05]
[1.2138638998043794e-05, -1.540147590806118e-05]
[9.68203362555764e-06, -1.4561686628333792e-05]
[8.856433241666295e-06, -2.001462792000641e-05]
[7.913959740230014e-06, -1.9765628786416745e-05]
[8.340704096609919e-06, -1.4866143389535152e-05]
[1.2091292550669985e-05, -1.599436481329597e-05]
[1.2341587512093577e-05, -1.8511775701141042e-05]
[7.040889631465541e-06, -1.593083791842642e-05]
[6.804617906266963e-06, -1.7307930104848435e-05]
[1.1145212758689738e-05, -1.9429605332577093e-05]
[1.1116134103927866e-05, -1.4821689377053637e-05]
[9.403997330875713e-06, -1.4115470377440431e-05]
[9.222032334929575e-06, -1.9853229295630458e-05]
[7.426909778104895e-06, -1.8536316433986205e-05]
[8.066228362718642e-06, -1.4396459066728928e-05]
[1.2241722242511965e-05, -1.6046524467072665e-05]
[1.1872667812280746e-05, -1.7302538593888528e-05]
[6.846628716795228e-06, -1.5472882773648333e-05]
[6.450662670326457e-06, -1.751257175858223e-05]
[1.0117533956327529e-05, -1.8882399736214195e-05]
[1.0802944598403696e-05, -1.4375351055766553e-05]
[9.764043603713302e-06, -1.3445770136314913e-05]
[9.552772155085876e-06, -1.8939016750540993e-05]
[7.235514280140576e-06, -1.797805957876042e-05]
[7.1556900931718515e-06, -1.408715782180714e-05]
[1.1650026678064473e-05, -1.625704709123932e-05]
[1.153015172486449e-05, -1.6797043653191124e-05]
[6.6310316792494994e-06, -1.4384767670044818e-05]
[6.805482695437792e-06, -1.744844420005498e-05]
[9.794295614623527e-06, -1.8296224293709584e-05]
[1.0174258016387716e-05, -1.3396790366770883e-05]
[1.002220111584462e-05, -1.3532776700408977e-05]
[9.29632590374041e-06, -1.836603046723173e-05]
[6.4464976086142656e-06, -1.7270389819801224e-05]
[6.744331337640852e-06, -1.4346879406129665e-05]
[1.1232490199242218e-05, -1.5824709381800917e-05]
[1.160664419028179e-05, -1.584104048904522e-05]
[7.067296061591399e-06, -1.365412749988748e-05]
[6.684615922535053e-06, -1.6948592385046535e-05]
[9.1393955719693e-06, -1.8237894977846114e-05]
[9.20681509566923e-06, -1.3060818836146959e-05]
[9.726913484525701e-06, -1.3278234883840057e-05]
[9.608463374834522e-06, -1.8043405028643142e-05]
[6.182147229617796e-06, -1.6099929246314332e-05]
[6.613361626800485e-06, -1.4029704248325059e-05]
[1.1189143727968753e-05, -1.5882273016853965e-05]
[1.100955092907252e-05, -1.4780525807889244e-05]
[7.000608041927633e-06, -1.3352076317363348e-05]
[6.5320284856063004e-06, -1.705190723316763e-05]
[8.215419774193489e-06, -1.7572587278330554e-05]
[8.888589747346742e-06, -1.2805844461397792e-05]
[9.987692243952628e-06, -1.2850503884657971e-05]
[9.826591591238776e-06, -1.707104282611116e-05]
[6.146460418743338e-06, -1.5553961736081146e-05]
[5.940560805675621e-06, -1.3870669752891196e-05]
[1.0492848252774412e-05, -1.6015675848413125e-05]
[1.0566093046837643e-05, -1.435150858566936e-05]
[6.934329607799494e-06, -1.2505003074800292e-05]
[6.969792012562204e-06, -1.686498076038795e-05]
[7.934103277734694e-06, -1.69136081403648e-05]
[8.281728445899694e-06, -1.2102018827175876e-05]
[1.0101465913570085e-05, -1.3066985510679086e-05]
[9.52923004321482e-06, -1.6443817965283714e-05]
[5.597840282811628e-06, -1.486135600026195e-05]
[5.744145989805549e-06, -1.4164304926437069e-05]
[9.996738239481662e-06, -1.5574189241383818e-05]
[1.0471095035879951e-05, -1.3521169367730623e-05]
[7.403683553341978e-06, -1.2016744777687549e-05]
[6.945333662695952e-06, -1.631063497575802e-05]
[7.3509530564563885e-06, -1.670383420332433e-05]
[7.4317613284469175e-06, -1.198164345056485e-05]
[9.735468244648215e-06, -1.2934243267037626e-05]
[9.730973057056266e-06, -1.6018257899414086e-05]
[5.539039234888493e-06, -1.3809636737588046e-05]
[5.763745514975049e-06, -1.3913787002245437e-05]
[9.814897685478385e-06, -1.5568707830038164e-05]
[9.784176716765014e-06, -1.2654616107554695e-05]
[7.3868819443628775e-06, -1.1881775376643144e-05]
[6.908003441052912e-06, -1.628196051892128e-05]
[6.584089305761154e-06, -1.594944361402173e-05]
[7.1768743540312485e-06, -1.1890972538338568e-05]
[9.860755425736278e-06, -1.2662552334848087e-05]
[9.7989594627923e-06, -1.5039816884887536e-05]
[5.6445675542526885e-06, -1.3340212783763405e-05]
[5.313074456392286e-06, -1.3814473705464625e-05]
[9.066553763550922e-06, -1.5577968694002742e-05]
[9.279259655159411e-06, -1.2352443643393052e-05]
[7.383306173891491e-06, -1.1266873645568443e-05]
[7.355764257532815e-06, -1.5957795491752802e-05]
[6.401763429614293e-06, -1.524595056216077e-05]
[6.657598809439724e-06, -1.141304050483738e-05]
[9.812709110379458e-06, -1.2933023433192581e-05]
[9.420113046776368e-06, -1.4412411579067808e-05]
[5.300664104951336e-06, -1.272885692910064e-05]
[5.305972063412989e-06, -1.4069338092156936e-05]
[8.543921828613188e-06, -1.5078014843617621e-05]
[9.07156744026083e-06, -1.1688572540025088e-05]
[7.81487574344486e-06, -1.0998745311061042e-05]
[7.353599867358784e-06, -1.533262401581803e-05]
[5.9417520853963235e-06, -1.4933158902608046e-05]
[5.971497705120621e-06, -1.1456106158075352e-05]
[9.356294214446503e-06, -1.2847792850601003e-05]
[9.486594739774312e-06, -1.3952050613602954e-05]
[5.404236927812958e-06, -1.1843491929389681e-05]
[5.452729100435816e-06, -1.3812048619804562e-05]
[8.291322651371447e-06, -1.4972563600640365e-05]
[8.35086869059587e-06, -1.1037608082631323e-05]
[7.778017158878436e-06, -1.1011707695629536e-05]
[7.3508281805412246e-06, -1.5174387133526368e-05]
[5.363246793815835e-06, -1.4139405358909451e-05]
[5.8276801941370415e-06, -1.1479896393058742e-05]
[9.3423381894997e-06, -1.2648688847956627e-05]
[9.397198378058302e-06, -1.3026642754876416e-05]
[5.610993995153191e-06, -1.149818149337456e-05]
[5.182545794985005e-06, -1.3699547119716549e-05]
[7.552739300420441e-06, -1.4840490994705302e-05]
[7.838815254512799e-06, -1.0885446818861833e-05]
[7.764183277997327e-06, -1.0593201613534609e-05]
[7.7429151418007e-06, -1.472880411303168e-05]
[5.311295512483438e-06, -1.3438156647282984e-05]
[5.4377350677675684e-06, -1.116210263218953e-05]
[9.14473734546506e-06, -1.2902449113894043e-05]
[8.92847349104331e-06, -1.2456352579293117e-05]
[5.415896475208237e-06, -1.1013252344704849e-05]
[5.316386250175942e-06, -1.3861307588655496e-05]
[7.061727910595561e-06, -1.4264637021288093e-05]
[7.585372104795818e-06, -1.0400623041029178e-05]
[8.102012759747534e-06, -1.0499451569001561e-05]
[7.700037987083339e-06, -1.4046933198175182e-05]
[4.998116123630658e-06, -1.308280484280111e-05]
[4.938285187411351e-06, -1.1302994418732615e-05]
[8.60852730383277e-06, -1.2798594423824028e-05]
[8.865428734104036e-06, -1.2026099776692167e-05]
[5.622257525799562e-06, -1.032077892936488e-05]
[5.545284464669731e-06, -1.3545533034647894e-05]
[6.805713102159272e-06, -1.4053606042591094e-05]
[6.891770713224332e-06, -9.960352423066254e-06]
[7.993259237594474e-06, -1.0618331383160928e-05]
[7.667409162942507e-06, -1.3788299074626864e-05]
[4.612955005728336e-06, -1.2307636287706147e-05]
[4.927069195415079e-06, -1.1380191303769771e-05]
[8.479163354349617e-06, -1.2602329699745382e-05]
[8.638988789777535e-06, -1.1207079055886027e-05]
[5.8756902473755535e-06, -1.0123482430957065e-05]
[5.397411921764794e-06, -1.3372021466229178e-05]
[6.1352851148666065e-06, -1.3791424120335183e-05]
[6.428677344474942e-06, -9.953476042698362e-06]
[7.918426856989846e-06, -1.0341912754771587e-05]
[7.955581441176918e-06, -1.326002101993684e-05]
[4.695063462040183e-06, -1.1660908387514657e-05]
[4.680611996377149e-06, -1.1151348814852913e-05]
[8.168050414120165e-06, -1.2784066226845248e-05]
[8.09943428906057e-06, -1.0742267804397798e-05]
[5.764352143056151e-06, -9.784195763862247e-06]
[5.6112382899806135e-06, -1.3411084977179438e-05]
[5.727774526405327e-06, -1.3150699739537114e-05]
[6.192355499590185e-06, -9.633173766371295e-06]
[8.129023464031881e-06, -1.0362378647377213e-05]
[7.828979593735644e-06, -1.2557094800913493e-05]
[4.5246262266283865e-06, -1.1323153147002607e-05]
[4.3646916176032224e-06, -1.1322625562443234e-05]
[7.585376126800769e-06, -1.2613213894868691e-05]
[7.937134243352073e-06, -1.0393089584316562e-05]
[6.008814137703489e-06, -9.286382405283497e-06]
[5.866793349101895e-06, -1.3011499470305665e-05]
[5.524200013679037e-06, -1.285484664084735e-05]
[5.579763471569299e-06, -9.374517682514405e-06]
[7.920657140537968e-06, -1.0532566346310723e-05]
[7.725450803158784e-06, -1.2244328039673347e-05]
[4.312671226941456e-06, -1.0620764819072037e-05]
[4.4810419769364396e-06, -1.1392847780379578e-05]
[7.383442757996628e-06, -1.2371665722821223e-05]
[7.614596355343117e-06, -9.718218107857002e-06]
[6.2515840018873e-06, -9.235470122104239e-06]
[5.777675622375966e-06, -1.2757001835783655e-05]
[4.966621648783143e-06, -1.2496292538688447e-05]
[5.212223922398951e-06, -9.48447150559903e-06]
[7.760396168510209e-06, -1.0335959849325227e-05]
[7.884837540717005e-06, -1.1684871376593797e-05]
[4.5077633890056035e-06, -1.007465761841686e-05]
[4.366078167478138e-06, -1.1187540462032075e-05]
[7.009488200482306e-06, -1.2448264085418437e-05]
[7.042319321248769e-06, -9.389632102424494e-06]
[6.1611586854304345e-06, -9.035125814432776e-06]
[6.009091487367557e-06, -1.2670025950955142e-05]
[4.678859134910063e-06, -1.182281053434351e-05]
[5.041866452698551e-06, -9.292635792662596e-06]
[7.835553676227569e-06, -1.040673066332598e-05]
[7.655906217443609e-06, -1.1007111068439546e-05]
[4.452708056939744e-06, -9.803792034135395e-06]
[4.207264899719343e-06, -1.1330625199396094e-05]
[6.426251880742306e-06, -1.2185264203962154e-05]
[6.826399551594642e-06, -9.151599438790917e-06]
[6.384835124918775e-06, -8.710247665028124e-06]
[6.23669607835442e-06, -1.2187525726015114e-05]
[4.564327469119833e-06, -1.1480872300795308e-05]
[4.548241957405552e-06, -9.168780930102205e-06]
[7.525211214540195e-06, -1.0572078444182065e-05]
[7.466364311092821e-06, -1.0692549567509202e-05]
[4.374162805159676e-06, -9.214977289923043e-06]
[4.423783609625032e-06, -1.1344401795267134e-05]
[6.203106635377376e-06, -1.1875575915587522e-05]
[6.4597495522816795e-06, -8.637340062622734e-06]
[6.56746073088299e-06, -8.781425575976609e-06]
[6.148163286423536e-06, -1.1858013085397356e-05]
[4.144039720196946e-06, -1.1073309730436076e-05]
[4.305390678804866e-06, -9.351090756615221e-06]
[7.280830421743656e-06, -1.0395768004149708e-05]
[7.496735410505995e-06, -1.0155330476907531e-05]
[4.643178036833895e-06, -8.80062122773917e-06]
[4.40776780565727e-06, -1.1112052903328173e-05]
[5.821132431249598e-06, -1.183845941665762e-05]
[5.901635415056505e-06, -8.45380231778714e-06]
[6.446966662104758e-06, -8.691822411477368e-06]
[6.343486450736263e-06, -1.1664872184816329e-05]
[3.991343043130424e-06, -1.0410551505270031e-05]
[4.229461032900783e-06, -9.238696210805974e-06]
[7.235845320585632e-06, -1.045940756561059e-05]
[7.17104313402786e-06, -9.548537600656548e-06]
[4.660697616322429e-06, -8.627762325297272e-06]
[4.362768740745482e-06, -1.1185288633336343e-05]
[5.285063236104559e-06, -1.1482300550758051e-05]
[5.682651445251818e-06, -8.333567842485831e-06]
[6.60548665384203e-06, -8.500018859627229e-06]
[6.499100078799502e-06, -1.1122155948256607e-05]
[3.979635537804116e-06, -1.0069137019619312e-05]
[3.871738912683553e-06, -9.194022569825044e-06]
[6.8433468504991435e-06, -1.057216104255465e-05]
[6.904399057178212e-06, -9.280103809475304e-06]
[4.664423290778874e-06, -8.173865195845731e-06]
[4.637205214638729e-06, -1.1111168315668107e-05]
[5.090108499833379e-06, -1.1106090533459512e-05]
[5.3246492274228174e-06, -7.973891599011296e-06]
[6.694253180589138e-06, -8.652830560118563e-06]
[6.366993693829315e-06, -1.0743789762929223e-05]
[3.698611983432576e-06, -9.663500078194165e-06]
[3.7614628134591266e-06, -9.39772702889842e-06]
[6.537260465455663e-06, -1.0368458847845319e-05]
[6.827116181884474e-06, -8.810634380435056e-06]
[4.959338902266186e-06, -7.90255263810602e-06]
[4.675394507908104e-06, -1.0821685739126341e-05]
[4.74917933542679e-06, -1.0969209508326916e-05]
[4.826064317453582e-06, -7.922492518241953e-06]
[6.511149523519277e-06, -8.631794395141945e-06]
[6.488820104236931e-06, -1.0481027354244422e-05]
[3.6744806997286716e-06, -9.056097023563137e-06]
[3.785918330417859e-06, -9.312536204231225e-06]
[6.405380846979947e-06, -1.0382094138228215e-05]
[6.430116596373159e-06, -8.310894973384553e-06]
[5.0006336916848595e-06, -7.837380321062959e-06]
[4.692734046157776e-06, -1.0804692663485271e-05]
[4.300287447162043e-06, -1.0539767550998835e-05]
[4.649618826485513e-06, -7.905078889505063e-06]
[6.579964785174974e-06, -8.523080470942274e-06]
[6.545609238628458e-06, -9.91513390036225e-06]
[3.757283354749452e-06, -8.759684969800174e-06]
[3.5592176973742173e-06, -9.292187688358933e-06]
[5.966198593554406e-06, -1.0410181601916424e-05]
[6.11373579782748e-06, -8.12378138551062e-06]
[5.033555568731418e-06, -7.518404021217284e-06]
[4.9771497002415455e-06, -1.0632415106910653e-05]
[4.1722157818613326e-06, -1.0118503133947632e-05]
[4.34462744462738e-06, -7.674413952163395e-06]
[6.5611224024098025e-06, -8.70949953440947e-06]
[6.345067040613994e-06, -9.526004364185381e-06]
[3.596997086463549e-06, -8.401056619755654e-06]
[3.5686303908183392e-06, -9.469375239455624e-06]
[5.634435640763935e-06, -1.0149298410380703e-05]
[5.965393461787594e-06, -7.752449317471877e-06]
[5.306876104255176e-06, -7.380936135198413e-06]
[5.022001296893508e-06, -1.0277833944472015e-05]
[3.907888762616496e-06, -9.91279651085808e-06]
[3.940785409467518e-06, -7.7245887671884e-06]
[6.304037506899007e-06, -8.709902176717854e-06]
[6.37625442432687e-06, -9.238263200159538e-06]
[3.676223224563166e-06, -7.88579041508886e-06]
[3.6788831132283928e-06, -9.3651178333376e-06]
[5.4589066503241135e-06, -1.0089424368170397e-05]
[5.535270330744857e-06, -7.379841323540415e-06]
[5.326475087788496e-06, -7.412541974616271e-06]
[5.051216715401541e-06, -1.0171834812777725e-05]
[3.5715410720560392e-06, -9.444437416253337e-06]
[3.839786644005416e-06, -7.778682177037033e-06]
[6.279802236913712e-06, -8.633141743099107e-06]
[6.3274373123395344e-06, -8.691646904118722e-06]
[3.827531282446506e-06, -7.668453328502078e-06]
[3.559616384679609e-06, -9.323492072943473e-06]
[5.015753589743266e-06, -1.0020185305548157e-05]
[5.207059702971861e-06, -7.2914823070063806e-06]
[5.342343475822631e-06, -7.209232393674825e-06]
[5.301063887269697e-06, -9.911486606881126e-06]
[3.532546691539795e-06, -9.012146525461118e-06]
[3.6171137224733085e-06, -7.638002409438016e-06]
[6.1597855807310475e-06, -8.806543736639139e-06]
[6.054317320702829e-06, -8.332635677399391e-06]
[3.7542780314536728e-06, -7.388784143080862e-06]
[3.6591892937712367e-06, -9.437225887493766e-06]
[4.699161268988117e-06, -9.692604231035379e-06]
[5.031262383992097e-06, -7.02982375686001e-06]
[5.555398632256514e-06, -7.179062518833379e-06]
[5.310982538810419e-06, -9.503758613749191e-06]
[3.3623426343581952e-06, -8.777793954750646e-06]
[3.327340712400151e-06, -7.748324993617217e-06]
[5.837361284094511e-06, -8.785121086346548e-06]
[5.998103700844901e-06, -8.063731217883112e-06]
[3.899045513387246e-06, -6.988151029522528e-06]
[3.825359609049839e-06, -9.280709652836894e-06]
[4.524480449824564e-06, -9.556132262417139e-06]
[4.610439117654075e-06, -6.785806022702179e-06]
[5.518795692736889e-06, -7.2802869566790385e-06]
[5.31069035641929e-06, -9.328247749254559e-06]
[3.145804786969242e-06, -8.31126081914102e-06]
[3.3174360062060426e-06, -7.833778183488627e-06]
[5.735573887721834e-06, -8.696302710871004e-06]
[5.855957239842002e-06, -7.5755316462366995e-06]
[4.082088240237036e-06, -6.868176657071068e-06]
[3.7772649846834483e-06, -9.187517403641543e-06]
[4.1186505581464194e-06, -9.39625487506035e-06]
[4.310163379914189e-06, -6.794592533568289e-06]
[5.484863941015994e-06, -7.159375857997141e-06]
[5.4922706836657564e-06, -9.005998236014112e-06]
[3.19939012172199e-06, -7.906079302170965e-06]
[3.1880367000747256e-06, -7.738423245362558e-06]
[5.537661333390731e-06, -8.81923270174001e-06]
[5.524579991311729e-06, -7.281909330775216e-06]
[4.0543765105482965e-06, -6.682134792018735e-06]
[3.927478422253994e-06, -9.216974835815628e-06]
[3.854404017983315e-06, -9.011402868137897e-06]
[4.149040448792052e-06, -6.635292809836768e-06]
[5.613633789369743e-06, -7.1985549767034085e-06]
[5.438298593034817e-06, -8.571708286664315e-06]
[3.1219000259548324e-06, -7.684093062843012e-06]
[3.0135631321204226e-06, -7.864628263742901e-06]
[5.174129066171096e-06, -8.743724366599981e-06]
[5.401228204596209e-06, -7.067096530108917e-06]
[4.221953600032705e-06, -6.401256469892695e-06]
[4.111682354507318e-06, -8.992142989883156e-06]
[3.7183597610401797e-06, -8.813163835469373e-06]
[3.77594457900976e-06, -6.503778115063419e-06]
[5.502129192362648e-06, -7.33267903940682e-06]
[5.381860961078955e-06, -8.358415451728551e-06]
[3.0145268284653692e-06, -7.258243986521529e-06]
[3.0921578191567267e-06, -7.940647321066224e-06]
[5.023834564577001e-06, -8.612179566640926e-06]
[5.192858134564493e-06, -6.666054425508161e-06]
[4.3971830829825365e-06, -6.37923773672e-06]
[4.093420362255573e-06, -8.835243419297312e-06]
[3.382322639855495e-06, -8.585259261562062e-06]
[3.5373164007646007e-06, -6.591303823810096e-06]
[5.402818663541309e-06, -7.254032275444411e-06]
[5.477062850978154e-06, -8.009936714542532e-06]
[3.1468698644121496e-06, -6.914341416155989e-06]
[3.0488962160304944e-06, -7.8483296167553e-06]
[4.7822160991334295e-06, -8.661703716050795e-06]
[4.830846528552923e-06, -6.461138912783326e-06]
[4.373693095416353e-06, -6.283553668939845e-06]
[4.252498696843965e-06, -8.777488874566006e-06]
[3.197136914039056e-06, -8.167094944548647e-06]
[3.424252309314202e-06, -6.511512763623939e-06]
[5.440553850183383e-06, -7.320604159283262e-06]
[5.3465949637274135e-06, -7.583165375579792e-06]
[3.1442553106476867e-06, -6.738999431099568e-06]
[2.9741490803480986e-06, -7.951031157193977e-06]
[4.4108065980763556e-06, -8.51527262976659e-06]
[4.671753687277014e-06, -6.321761885181784e-06]
[4.5242066751549626e-06, -6.1105790443742244e-06]
[4.416701381432242e-06, -8.486055511958135e-06]
[3.124910645774248e-06, -7.934587477831379e-06]
[3.126718414223073e-06, -6.463014569024761e-06]
[5.252777127782993e-06, -7.448985633484728e-06]
[5.224657757860185e-06, -7.368626445861115e-06]
[3.1208852467323744e-06, -6.383826085143429e-06]
[3.1227787048310196e-06, -7.98356449390955e-06]
[4.247574403509757e-06, -8.326969212307106e-06]
[4.432710603727297e-06, -6.0218087198360415e-06]
[4.6568655075046594e-06, -6.170905953367667e-06]
[4.389533668713863e-06, -8.270905153179298e-06]
[2.8772955407152523e-06, -7.671351663490755e-06]
[2.9715190597995322e-06, -6.599072536417339e-06]
[5.090005382346607e-06, -7.373212218240999e-06]
[5.232445503128291e-06, -7.031578433014385e-06]
[3.305137738274233e-06, -6.125035815103541e-06]
[3.1438220976787168e-06, -7.86114979223207e-06]
[4.000132552833824e-06, -8.29693551623878e-06]
[4.074117281982481e-06, -5.913531987367104e-06]
[4.603537065717145e-06, -6.146948235974392e-06]
[4.520799067424253e-06, -8.139345701799541e-06]
[2.783310048853904e-06, -7.251948639982325e-06]
[2.9262216781900108e-06, -6.566104350541613e-06]
[5.046530712149444e-06, -7.428605201850735e-06]
[5.029650857663048e-06, -6.646322379844083e-06]
[3.348234772590497e-06, -6.0183632569210666e-06]
[3.140607662377448e-06, -7.911938064542046e-06]
[3.6556794242026402e-06, -8.079393522542055e-06]
[3.914664512633115e-06, -5.854722044533987e-06]
[4.70646220087495e-06, -6.056488076860121e-06]
[4.633818677518553e-06, -7.798259294755638e-06]
[2.7844403731602796e-06, -7.018514770140705e-06]
[2.71749618274697e-06, -6.563893360123085e-06]
[4.796735536535812e-06, -7.517834280157398e-06]
[4.849431456829811e-06, -6.464475137003822e-06]
[3.3748469879801846e-06, -5.750358006414991e-06]
[3.329887365316475e-06, -7.879072864792891e-06]
[3.514242255281408e-06, -7.837026028939542e-06]
[3.6817420197426953e-06, -5.6537140055434865e-06]
[4.772466087182847e-06, -6.171607854543737e-06]
[4.568025907120132e-06, -7.544409002219199e-06]
[2.6280244903170713e-06, -6.755742912895046e-06]
[2.652515780895981e-06, -6.713056962233746e-06]
[4.587188976334922e-06, -7.412981751650505e-06]
[4.7841678045001945e-06, -6.171456050294011e-06]
[3.5773029839342163e-06, -5.586417618816397e-06]
[3.384318425052324e-06, -7.70707596248199e-06]
[3.295438160313968e-06, -7.7371565667117e-06]
[3.3598294058023725e-06, -5.634368644119592e-06]
[4.667572485905769e-06, -6.190402620648294e-06]
[4.64562148573891e-06, -7.364543731726465e-06]
[2.6217806214125228e-06, -6.368182793232459e-06]
[2.679032324537367e-06, -6.69123242585945e-06]
[4.485354494876415e-06, -7.428095540010227e-06]
[4.527389736577042e-06, -5.854954703454762e-06]
[3.6321724616959067e-06, -5.555455506012219e-06]
[3.417853936538151e-06, -7.69208696925483e-06]
[3.0075361841797044e-06, -7.463115120898145e-06]
[3.232335537041442e-06, -5.645869921291555e-06]
[4.70592917513335e-06, -6.149070258748904e-06]
[4.688155998230914e-06, -7.001046292670621e-06]
[2.690220068296556e-06, -6.165947008668349e-06]
[2.556803552961062e-06, -6.698206121896755e-06]
[4.199119451951672e-06, -7.455470694472943e-06]
[4.309164447685587e-06, -5.731034749274777e-06]
[3.672575432642211e-06, -5.375887131404966e-06]
[3.61386964423116e-06, -7.5867189375383726e-06]
[2.915400003078439e-06, -7.183293678866831e-06]
[3.03689398568896e-06, -5.527353668349777e-06]
[4.695215920599849e-06, -6.285474347583753e-06]
[4.567202370450718e-06, -6.736586473543582e-06]
[2.6129603888924713e-06, -5.93573650800594e-06]
[2.573831404707738e-06, -6.8266748252526765e-06]
[3.969250128729729e-06, -7.3017267738888225e-06]
[4.19638190718441e-06, -5.504178100315671e-06]
[3.859433720651562e-06, -5.301661473985919e-06]
[3.6683099109494077e-06, -7.360954999535707e-06]
[2.750498372276755e-06, -7.035584331960276e-06]
[2.777855652086325e-06, -5.576221657477287e-06]
[4.53173871722834e-06, -6.3140400604067e-06]
[4.579340708469465e-06, -6.540065837033933e-06]
[2.6773214561598424e-06, -5.607616308441268e-06]
[2.6615563827880884e-06, -6.783990810471652e-06]
[3.839440097852531e-06, -7.260768958156083e-06]
[3.9132825500401425e-06, -5.272208600859418e-06]
[3.894066916431543e-06, -5.338710083346854e-06]
[3.7038514970610947e-06, -7.281534787018096e-06]
[2.5383510168230927e-06, -6.73016675950544e-06]
[2.7058503276333745e-06, -5.635878441450151e-06]
[4.503485917149719e-06, -6.2869024689427705e-06]
[4.546340826666606e-06, -6.185454221818709e-06]
[2.794261534141973e-06, -5.461436550613374e-06]
[2.6098709514782437e-06, -6.7689669239479056e-06]
[3.547793515176756e-06, -7.217301605966231e-06]
[3.6849640125402594e-06, -5.218873627824139e-06]
[3.9163328614810755e-06, -5.234812578462644e-06]
[3.8747198629618396e-06, -7.111119184985415e-06]
[2.511390044770967e-06, -6.438479192738544e-06]
[2.5687853286021634e-06, -5.5732657128215735e-06]
[4.420500381990822e-06, -6.41160544195829e-06]
[4.3682783440607276e-06, -5.940577472329789e-06]
[2.7728796767323427e-06, -5.286751720096072e-06]
[2.688418669995196e-06, -6.8504423715708834e-06]
[3.3276377084043296e-06, -7.009072753626569e-06]
[3.555582522449252e-06, -5.066873968062602e-06]
[4.059801120795403e-06, -5.232323004464301e-06]
[3.899702435077035e-06, -6.841498859266881e-06]
[2.412906856263941e-06, -6.271803439761303e-06]
[2.38741210631388e-06, -5.661365646697503e-06]
[4.205655360509097e-06, -6.419356738285309e-06]
[4.317685177540782e-06, -5.758783185131136e-06]
[2.8812523781840405e-06, -5.0353788670506015e-06]
[2.8156166791415416e-06, -6.763911527374322e-06]
[3.201496289295669e-06, -6.910683442135079e-06]
[3.277112851800268e-06, -4.921635262056245e-06]
[4.049787009605815e-06, -5.317815855387931e-06]
[3.908534911833961e-06, -6.712125946314873e-06]
[2.2825952625954438e-06, -5.964916224010519e-06]
[2.382097431558039e-06, -5.740390155089398e-06]
[4.122307126271096e-06, -6.376059980151699e-06]
[4.217920539895115e-06, -5.442097706864768e-06]
[3.019943001003611e-06, -4.9587646211712855e-06]
[2.8090557257082205e-06, -6.706282982021916e-06]
[2.934657518952055e-06, -6.8013453320137085e-06]
[3.0680539521849015e-06, -4.93777197432127e-06]
[4.031314334726477e-06, -5.266389420818807e-06]
[4.029954395190494e-06, -6.495842898780746e-06]
[2.3232068101369796e-06, -5.689935162561666e-06]
[2.311180956400538e-06, -5.702561017895125e-06]
[3.98382250348106e-06, -6.46237031859398e-06]
[3.9940557427647905e-06, -5.242991457710122e-06]
[3.025177426355108e-06, -4.8501876558915136e-06]
[2.9210554308850556e-06, -6.725928780486508e-06]
[2.751677144766096e-06, -6.546599655962541e-06]
[2.9522176394763955e-06, -4.855624537752901e-06]
[4.114037826907779e-06, -5.3090040513653625e-06]
[4.004945558730433e-06, -6.202798529142406e-06]
[2.289990295657046e-06, -5.5339768323114935e-06]
[2.2090409960429103e-06, -5.798456661612605e-06]
[3.7360965886579223e-06, -6.426451644642173e-06]
[3.895797866524872e-06, -5.101316365188364e-06]
[3.147054013594164e-06, -4.680141162352602e-06]
[3.0600282852483174e-06, -6.584774104534397e-06]
[2.6562352769265996e-06, -6.402321022141999e-06]
[2.70659507153187e-06, -4.786323194866382e-06]
[4.046291481919068e-06, -5.416243422290412e-06]
[3.968730339143356e-06, -6.046892139469073e-06]
[2.23440631506866e-06, -5.254294154044548e-06]
[2.2683493835634616e-06, -5.867369574308334e-06]
[3.61906986435373e-06, -6.345959992734226e-06]
[3.7489692812503472e-06, -4.844079011412372e-06]
[3.278570584741569e-06, -4.673662157811398e-06]
[3.069183277415455e-06, -6.476851160064356e-06]
[2.4381201215450954e-06, -6.243756898949293e-06]
[2.541786918469624e-06, -4.858481492051037e-06]
[3.976725656482105e-06, -5.3887931464671746e-06]
[4.027633857400792e-06, -5.810979361926816e-06]
[2.332300061136383e-06, -5.021685990716507e-06]
[2.2581860721487823e-06, -5.824567824830318e-06]
[3.4499901002266187e-06, -6.37758083987805e-06]
[3.500290738478462e-06, -4.708191008034879e-06]
[3.281001220351021e-06, -4.628695440905828e-06]
[3.1846285783454498e-06, -6.4328147058151895e-06]
[2.3121508563525572e-06, -5.961008553108382e-06]
[2.4634486361779784e-06, -4.829719794638421e-06]
[3.993911382269011e-06, -5.446617221557815e-06]
[3.9439436418102665e-06, -5.520379480705717e-06]
[2.3511570072208554e-06, -4.901339084262268e-06]
[2.224396473737844e-06, -5.900095821270712e-06]
[3.1944524649940576e-06, -6.286284456813451e-06]
[3.3776198394876167e-06, -4.621966122402357e-06]
[3.3877042617969783e-06, -4.531955005773573e-06]
[3.3074514957792678e-06, -6.239155690174192e-06]
[2.2653603661965116e-06, -5.791617701089713e-06]
[2.2712136047361997e-06, -4.815487693571319e-06]
[3.867987399021333e-06, -5.547348068735136e-06]
[3.856803206067627e-06, -5.364934840504376e-06]
[2.3523539464803678e-06, -4.671097952477221e-06]
[2.334560229244609e-06, -5.934217174523998e-06]
[3.0700078443440804e-06, -6.1595153970708805e-06]
[3.2097659418556246e-06, -4.434802823249928e-06]
[3.486544600250774e-06, -4.584180006650396e-06]
[3.304599394612917e-06, -6.085990955334575e-06]
[2.1097567183547827e-06, -5.607970544690977e-06]
[2.166867118263971e-06, -4.92143187492966e-06]
[3.749677079098457e-06, -5.515696979121326e-06]
[3.852638095505623e-06, -5.1371932376642615e-06]
[2.4875804509882915e-06, -4.498867211731594e-06]
[2.3689205026211635e-06, -5.863155704666223e-06]
[2.8980922603880077e-06, -6.132396789759742e-06]
[2.961979534948922e-06, -4.3681863253208775e-06]
[3.4618961199800458e-06, -4.588982750575177e-06]
[3.3970285152132296e-06, -5.988443055880569e-06]
[2.0498545736623297e-06, -5.3216633779150715e-06]
[2.1400162666246336e-06, -4.922227890155617e-06]
[3.708750025629981e-06, -5.56108091508134e-06]
[3.713900719074653e-06, -4.874790657638517e-06]
[2.5369196352108964e-06, -4.4300551188536375e-06]
[2.3831255331480117e-06, -5.898050732242033e-06]
[2.660977168680856e-06, -5.986234540567015e-06]
[2.841116115561565e-06, -4.340825868204799e-06]
[3.531475466823225e-06, -4.547357571163578e-06]
[3.480776498254734e-06, -5.755585368277805e-06]
[2.0581940759628603e-06, -5.1522174765172846e-06]
[2.0109499779888407e-06, -4.936626048945847e-06]
[3.5357327147420015e-06, -5.630826238445241e-06]
[3.5820738898961757e-06, -4.7449046346875745e-06]
[2.570230423826203e-06, -4.261515592116072e-06]
[2.5222383541606552e-06, -5.881600656541114e-06]
[2.5547836308287275e-06, -5.816309404112208e-06]
[2.6792964461369584e-06, -4.2223992846868175e-06]
[3.5800015076858926e-06, -4.637913897570511e-06]
[3.4447198179327065e-06, -5.5725412854978895e-06]
[1.96713744944621e-06, -4.9699882139764284e-06]
[1.9721185832571875e-06, -5.0501663661668694e-06]
[3.3818643439265106e-06, -5.572152288437632e-06]
[3.5256992035187507e-06, -4.549437080197949e-06]
[2.7176964740444065e-06, -4.15712520930589e-06]
[2.5781314848122294e-06, -5.768932742816757e-06]
[2.405339941391471e-06, -5.738124071424933e-06]
[2.4574851255759755e-06, -4.2194147093777e-06]
[3.5130225453788855e-06, -4.6709365048025475e-06]
[3.4955685052177887e-06, -5.44063266697415e-06]
[1.9707093216851657e-06, -4.705251547023476e-06]
[1.9991748251152464e-06, -5.054386041744574e-06]
[3.2999423452556575e-06, -5.584313024484255e-06]
[3.3460617083896915e-06, -4.3358849854402415e-06]
[2.7723504441006658e-06, -4.144655511156836e-06]
[2.614946451651168e-06, -5.7536166265526045e-06]
[2.2089377080813932e-06, -5.548576335126509e-06]
[2.3623710159112465e-06, -4.242906521295317e-06]
[3.5334983803647635e-06, -4.660143179643569e-06]
[3.526142261067733e-06, -5.189487665119286e-06]
[2.0291012302886546e-06, -4.5598472472874185e-06]
[1.9314613165233308e-06, -5.0705357295122155e-06]
[3.0993350830718636e-06, -5.606532796353925e-06]
[3.1854109080742266e-06, -4.250160493074473e-06]
[2.811369407107467e-06, -4.038709055229073e-06]
[2.757692919103105e-06, -5.681815996843448e-06]
[2.141269479880026e-06, -5.348854831863786e-06]
[2.2296479469247066e-06, -4.181138409248275e-06]
[3.524530294812811e-06, -4.764148984703898e-06]
[3.445419991685017e-06, -4.998184275101236e-06]
[1.9935423114375572e-06, -4.402800218072933e-06]
[1.9519423401920255e-06, -5.166651760864921e-06]
[2.930289107194728e-06, -5.506975235082534e-06]
[3.0960244348926524e-06, -4.1032685001857194e-06]
[2.945889515271194e-06, -3.998419267979558e-06]
[2.8102897543583194e-06, -5.525494026409339e-06]
[2.0327730537658684e-06, -5.2364037997076895e-06]
[2.0535486407874393e-06, -4.226346201091635e-06]
[3.4108781939434785e-06, -4.800839063068274e-06]
[3.446558560015779e-06, -4.855653235916538e-06]
[2.0477058289732064e-06, -4.180575494327652e-06]
[2.0244079648318314e-06, -5.150869216583032e-06]
[2.830126652184073e-06, -5.4749737754544725e-06]
[2.8965785033308045e-06, -3.950547118075631e-06]
[2.9821420073497876e-06, -4.036074482682839e-06]
[2.8442758921720657e-06, -5.461687407240512e-06]
[1.8915206233260928e-06, -5.02278012250168e-06]
[2.001513916410902e-06, -4.283786755291882e-06]
[3.3813917345512645e-06, -4.7953423426908e-06]
[3.4205468405490436e-06, -4.610100092311553e-06]
[2.1415515409073382e-06, -4.0777883071885235e-06]
[2.0059904513453075e-06, -5.146224952318201e-06]
[2.6254817528381658e-06, -5.44340167366042e-06]
[2.7285874289323386e-06, -3.9181222686451855e-06]
[3.003591355243973e-06, -3.983058704914999e-06]
[2.966868114517851e-06, -5.340658321625891e-06]
[1.8738922882288733e-06, -4.813227806377274e-06]
[1.9131119085719073e-06, -4.258943234802803e-06]
[3.318650865974382e-06, -4.888285325937991e-06]
[3.294581410739905e-06, -4.433614534254948e-06]
[2.143990635736226e-06, -3.962817424318921e-06]
[2.0703155303447573e-06, -5.205527271920016e-06]
[2.4642228049764903e-06, -5.299712088192507e-06]
[2.6294114598979235e-06, -3.825998131271047e-06]
[3.104513444374124e-06, -3.993402448707051e-06]
[2.994310734198008e-06, -5.149120271108476e-06]
[1.8152424373432674e-06, -4.688425290361176e-06]
[1.7938070639572645e-06, -4.330647022099399e-06]
[3.1646182451355864e-06, -4.9059198790613046e-06]
[3.2487362174138217e-06, -4.3039572089963e-06]
[2.228717695595614e-06, -3.7962018212779267e-06]
[2.1713680926904733e-06, -5.153094980142603e-06]
[2.3694913597466227e-06, -5.22339011278794e-06]
[2.433668886185625e-06, -3.735770208429523e-06]
[3.104405415194772e-06, -4.0660508433543185e-06]
[3.004532012074179e-06, -5.0483546984170236e-06]
[1.7336129507355968e-06, -4.473571037097446e-06]
[1.7928507929226845e-06, -4.400181294283295e-06]
[3.094462316492741e-06, -4.883590742014998e-06]
[3.173150364119137e-06, -4.086079288256883e-06]
[2.3374954500055e-06, -3.7459670380324273e-06]
[2.1830606441869405e-06, -5.11302372860345e-06]
[2.183682104944795e-06, -5.142284078940573e-06]
[2.2807851207812257e-06, -3.755363997402783e-06]
[3.0920134756334816e-06, -4.04842920991022e-06]
[3.088939648232536e-06, -4.893031526856384e-06]
[1.7673338147949913e-06, -4.276260365129736e-06]
[1.7540871928151125e-06, -4.389097860713065e-06]
[2.990972360630839e-06, -4.945727173299996e-06]
[3.0113029863415575e-06, -3.944328268973285e-06]
[2.3559347936685793e-06, -3.6805872790091065e-06]
[2.270030247351895e-06, -5.1248009767940195e-06]
[2.0511013963456226e-06, -4.9613925589605395e-06]
[2.194400041816147e-06, -3.713839908284222e-06]
[3.146615640575723e-06, -4.089366864787336e-06]
[3.076176389879559e-06, -4.6825500628899785e-06]
[1.7571024696870496e-06, -4.161547077358163e-06]
[1.6925854550015051e-06, -4.463748219066255e-06]
[2.811291028650964e-06, -4.927483605560168e-06]
[2.9304664768093833e-06, -3.846443964153259e-06]
[2.44825047637353e-06, -3.5729504252748033e-06]
[2.378415871376327e-06, -5.028319422756278e-06]
[1.981918560600704e-06, -4.85027143289074e-06]
[2.02371634030335e-06, -3.677863656792457e-06]
[3.1008116697928134e-06, -4.17653378084748e-06]
[3.04954544895486e-06, -4.563028975224093e-06]
[1.7295200795963694e-06, -3.967275187130581e-06]
[1.740622547583004e-06, -4.523077048177934e-06]
[2.7171773828230106e-06, -4.873242395479413e-06]
[2.8205797021757517e-06, -3.6725147330995966e-06]
[2.5498879291929732e-06, -3.5753244970182507e-06]
[2.3980548436580706e-06, -4.947935840882156e-06]
[1.832944321072949e-06, -4.732711176014259e-06]
[1.9049394487380411e-06, -3.7388352486684984e-06]
[3.047581681889233e-06, -4.172792799780889e-06]
[3.0863097104372184e-06, -4.3936303274969e-06]
[1.8062637686527827e-06, -3.801909451990604e-06]
[1.746833396272518e-06, -4.503656628407349e-06]
[2.5920886821684253e-06, -4.8927551382083045e-06]
[2.6394651128774926e-06, -3.5786404269655403e-06]
[2.56227089102945e-06, -3.5571053587368784e-06]
[2.4850383701854883e-06, -4.911352395877908e-06]
[1.7440019532133366e-06, -4.529464013797516e-06]
[1.8491424283173519e-06, -3.7350591186174897e-06]
[3.0527250012152285e-06, -4.221826004430218e-06]
[3.0273412362788812e-06, -4.184462028128388e-06]
[1.8339033473271926e-06, -3.715975539830829e-06]
[1.7346367568726873e-06, -4.5602376339271e-06]
[2.4063750593827926e-06, -4.830344922657215e-06]
[2.541752540597547e-06, -3.5237028649021986e-06]
[2.6406510863627095e-06, -3.5021698573086193e-06]
[2.579446512579464e-06, -4.773225683263327e-06]
[1.7135019262648488e-06, -4.399976623520319e-06]
[1.7189271184561705e-06, -3.7374064847661703e-06]
[2.961541217323671e-06, -4.301950050411563e-06]
[2.9602473450435207e-06, -4.066979495807865e-06]
[1.8465272789980336e-06, -3.559078749451605e-06]
[1.8206790278266216e-06, -4.590822916004933e-06]
[2.308582711704754e-06, -4.738209732154178e-06]
[2.417597997669829e-06, -3.4015888344951506e-06]
[2.71580993975451e-06, -3.5480362985118585e-06]
[2.5862369818080433e-06, -4.657293758481007e-06]
[1.6115459847976243e-06, -4.264682441051937e-06]
[1.646422801523939e-06, -3.822462893987577e-06]
[2.8701301470618334e-06, -4.290900613088122e-06]
[2.9494833560655964e-06, -3.904805410112622e-06]
[1.9506408237696116e-06, -3.4393508488439473e-06]
[1.8589863237869486e-06, -4.5459628736643776e-06]
[2.183131935430682e-06, -4.712651174770821e-06]
[2.2372936843428892e-06, -3.3599203180245674e-06]
[2.704095913505511e-06, -3.5659173767688124e-06]
[2.653388319943939e-06, -4.580673100711575e-06]
[1.5728488422829534e-06, -4.058316716838012e-06]
[1.6313228119735346e-06, -3.838033574149469e-06]
[2.832010979461619e-06, -4.3273114395531165e-06]
[2.8477447498002906e-06, -3.7169418788951525e-06]
[1.9992688805522962e-06, -3.3939215589862126e-06]
[1.8803725016225403e-06, -4.569559491879316e-06]
[2.011735262291703e-06, -4.607155299526933e-06]
[2.1429484762837403e-06, -3.3499426868315203e-06]
[2.7522423125779516e-06, -3.549623534734956e-06]
[2.716468512575787e-06, -4.411808554011243e-06]
[1.5853330953968792e-06, -3.930013970615542e-06]
[1.5486630888031372e-06, -3.8585564330340105e-06]
[2.7045696955746434e-06, -4.381849856710529e-06]
[2.7458060570806353e-06, -3.6206807864994084e-06]
[2.0331627670344687e-06, -3.2834456775571175e-06]
[1.9872662206793512e-06, -4.559783376423959e-06]
[1.9299351743731763e-06, -4.480451778787406e-06]
[2.025227215873837e-06, -3.2782801716313426e-06]
[2.7877384046609555e-06, -3.6230508684009788e-06]
[2.694715208625964e-06, -4.272885563594286e-06]
[1.5315080786199031e-06, -3.7973902847765473e-06]
[1.5259365556477555e-06, -3.947475200632988e-06]
[2.585863168730329e-06, -4.346512433112126e-06]
[2.696359234999335e-06, -3.4840593853696644e-06]
[2.1451482328516125e-06, -3.2148268842083216e-06]
[2.039712484254441e-06, -4.4800594462268695e-06]
[1.8233517138366295e-06, -4.416346955665729e-06]
[1.8651621092463655e-06, -3.28411115269045e-06]
[2.7408983578058876e-06, -3.660143724326659e-06]
[2.7283371526395928e-06, -4.171366665079888e-06]
[1.540646701624071e-06, -3.607493855663918e-06]
[1.552714976552072e-06, -3.962343315372374e-06]
[2.5180650040090846e-06, -4.354939302411709e-06]
[2.5633205000610837e-06, -3.3333895943510328e-06]
[2.1952690184949553e-06, -3.2130109867134493e-06]
[2.0751727913270734e-06, -4.464017412289523e-06]
[1.6834135441873288e-06, -4.277247354689262e-06]
[1.792509205542775e-06, -3.312328270231417e-06]
[2.7502481830359027e-06, -3.6638100251163135e-06]
[2.749650607036802e-06, -3.988408343313932e-06]
[1.5915236836472335e-06, -3.499002382112426e-06]
[1.5157332406978696e-06, -3.980648975054901e-06]
[2.36988437242458e-06, -4.371581499157395e-06]
[2.439459062170135e-06, -3.2723770204551306e-06]
[2.2302622545433692e-06, -3.1491862797078385e-06]
[2.1832625873158262e-06, -4.410801279011722e-06]
[1.6329596547182135e-06, -4.127089579487528e-06]
[1.6987072486984722e-06, -3.2814802457536985e-06]
[2.741050876414741e-06, -3.7454931352542964e-06]
[2.6912397102368812e-06, -3.843712320594772e-06]
[1.578398520898916e-06, -3.387194006498895e-06]
[1.5375685065849298e-06, -4.054249150935857e-06]
[2.240173769575693e-06, -4.301976038380284e-06]
[2.3665181411725023e-06, -3.17349196421457e-06]
[2.330695247965142e-06, -3.1284332597109055e-06]
[2.2306264843736934e-06, -4.2955159701429935e-06]
[1.5590735598994265e-06, -4.037919314192617e-06]
[1.5740089760601927e-06, -3.3225550603172005e-06]
[2.656519969404525e-06, -3.782735119417513e-06]
[2.6857469059872463e-06, -3.7358393811357145e-06]
[1.6250214850827005e-06, -3.2299335153084495e-06]
[1.5989975726549144e-06, -4.0506057703976195e-06]
[2.160511895749062e-06, -4.274721268474058e-06]
[2.2189048914031395e-06, -3.06904622618398e-06]
[2.3641007640840678e-06, -3.164810601863355e-06]
[2.26073496957524e-06, -4.241908711483111e-06]
[1.4615057720435143e-06, -3.880649042928286e-06]
[1.5361022289717141e-06, -3.37540582902654e-06]
[2.627129444415094e-06, -3.7868290083346162e-06]
[2.663196877014662e-06, -3.5575612445104543e-06]
[1.7024035100648982e-06, -3.15542529097379e-06]
[1.5979226819229364e-06, -4.049769079722543e-06]
[2.010099572589963e-06, -4.249190460742236e-06]
[2.0902308082021426e-06, -3.0498631401199017e-06]
[2.382575516657326e-06, -3.139705272624249e-06]
[2.3517049731747175e-06, -4.150617119853123e-06]
[1.4508352578074257e-06, -3.7231074426873068e-06]
[1.4775131528671492e-06, -3.369880666292957e-06]
[2.5766848380792684e-06, -3.857893026010251e-06]
[2.5684710886070272e-06, -3.4252380576305086e-06]
[1.7160726480808242e-06, -3.0771103604609884e-06]
[1.6519571221090823e-06, -4.093379048619901e-06]
[1.8874906344626408e-06, -4.143604692571912e-06]
[2.0119592840095457e-06, -2.9929753393581615e-06]
[2.455704687528981e-06, -3.1560380847547864e-06]
[2.3772431672099137e-06, -4.007148947909878e-06]
[1.415956372548266e-06, -3.626169607640062e-06]
[1.3964501976854171e-06, -3.429177841920983e-06]
[2.4601278100500057e-06, -3.8778129770600245e-06]
[2.526699948612182e-06, -3.3291947330585034e-06]
[1.7843620699273255e-06, -2.9623999740411005e-06]
[1.7344420823323103e-06, -4.058817348412402e-06]
[1.8143259626207664e-06, -4.081347306020278e-06]
[1.8682137970203738e-06, -2.935671959691799e-06]
[2.4588221477711905e-06, -3.218331911553074e-06]
[2.386209446605947e-06, -3.925597464496389e-06]
[1.3638211486532992e-06, -3.468749726176501e-06]
[1.3989748841453098e-06, -3.489396205259322e-06]
[2.399892845707241e-06, -3.865588542434004e-06]
[2.4662960583232696e-06, -3.1727839959749815e-06]
[1.8718935823336391e-06, -2.929182452676704e-06]
[1.7540616802994013e-06, -4.028164978464588e-06]
[1.6794822158411327e-06, -4.017568446507136e-06]
[1.752385265799128e-06, -2.9567392995609454e-06]
[2.448733294149741e-06, -3.217972238567235e-06]
[2.446379599910231e-06, -3.808378987904537e-06]
[1.3933559119966299e-06, -3.3213298196548002e-06]
[1.3791068762189496e-06, -3.491167665459205e-06]
[2.3188430980786157e-06, -3.91102403712873e-06]
[2.3432881672974526e-06, -3.0683077517912327e-06]
[1.8950875177586868e-06, -2.8896355258600792e-06]
[1.8235766917687468e-06, -4.033985786577876e-06]
[1.5802566271164165e-06, -3.882189215839368e-06]
[1.6862675220469248e-06, -2.938022062623502e-06]
[2.485119871525887e-06, -3.2555745124451807e-06]
[2.438809757990268e-06, -3.650084494571937e-06]
[1.3957158640602596e-06, -3.234143886643448e-06]
[1.3420116354856404e-06, -3.5503649944007565e-06]
[2.1824064136699572e-06, -3.900916212648542e-06]
[2.275223448457153e-06, -2.9985175771488244e-06]
[1.9670685093642684e-06, -2.8196955391816304e-06]
[1.910225163423429e-06, -3.963408696322501e-06]
[1.5289986704386527e-06, -3.793093632714628e-06]
[1.562963491952979e-06, -2.9210306517202245e-06]
[2.451231593827985e-06, -3.327476157249931e-06]
[2.417083627692662e-06, -3.555274151828547e-06]
[1.3841981497814126e-06, -3.093598725606439e-06]
[1.3827320000381338e-06, -3.6005224035937783e-06]
[2.1048925403915897e-06, -3.861256510428318e-06]
[2.189352963088975e-06, -2.876443059157685e-06]
[2.047368810570438e-06, -2.8272795017936225e-06]
[1.933160622524799e-06, -3.899931789341782e-06]
[1.4235354731315097e-06, -3.701821891771706e-06]
[1.474734864989613e-06, -2.9734808988032824e-06]
[2.4078600999455357e-06, -3.3349286813477708e-06]
[2.439592291111903e-06, -3.428265806598718e-06]
[1.4468332742156864e-06, -2.971733451678782e-06]
[1.3972865760061848e-06, -3.592567882071407e-06]
[2.0085502003136524e-06, -3.872378060015835e-06]
[2.0516452137603336e-06, -2.809803659381549e-06]
[2.0629508553776654e-06, -2.8239652589689967e-06]
[2.0004778351623287e-06, -3.867942783484374e-06]
[1.3591405072024831e-06, -3.5489229408148387e-06]
[1.4343340964395601e-06, -2.982375384180669e-06]
[2.405642253580642e-06, -3.37620531808136e-06]
[2.394824797727693e-06, -3.2714325561844504e-06]
[1.4775751466696019e-06, -2.9086871180528107e-06]
[1.3970451939460116e-06, -3.6354947257760672e-06]
[1.8680398319037561e-06, -3.826342266810556e-06]
[1.9719194127854056e-06, -2.774496847858087e-06]
[2.1219589079945686e-06, -2.793430951943468e-06]
[2.0745506862374086e-06, -3.763959285710272e-06]
[1.339572471836803e-06, -3.446429284431618e-06]
[1.3432119123774067e-06, -2.992905814735991e-06]
[2.335652747029182e-06, -3.440740115240315e-06]
[2.3403422720613687e-06, -3.179884156614965e-06]
[1.4954315876170021e-06, -2.797918337245353e-06]
[1.4667801601572772e-06, -3.6613037505961454e-06]
[1.7894267804186015e-06, -3.7553398260000564e-06]
[1.8765578022467144e-06, -2.6924977010456264e-06]
[2.179994165671384e-06, -2.8341355055305772e-06]
[2.084685758838023e-06, -3.6721958854013526e-06]
[1.2710245770181094e-06, -3.3427090789517333e-06]
[1.2917936374895467e-06, -3.062757585350212e-06]
[2.261862504057688e-06, -3.439512335275813e-06]
[2.3258945881787785e-06, -3.059882924608126e-06]
[1.5783999146312677e-06, -2.712121881624785e-06]
[1.5050888118733896e-06, -3.630688649836067e-06]
[1.6945667141027299e-06, -3.7308849105688324e-06]
[1.7402673763849963e-06, -2.666636152046098e-06]
[2.1741666762914447e-06, -2.8577928723738655e-06]
[2.134493800338283e-06, -3.6095437245409895e-06]
[1.2462015463177156e-06, -3.1878395607663756e-06]
[1.2844912104514883e-06, -3.084482991078108e-06]
[2.226513043490641e-06, -3.4684429475323464e-06]
[2.247285840987958e-06, -2.920369157416447e-06]
[1.6238157780588958e-06, -2.681962374323499e-06]
[1.5289892861258814e-06, -3.646125262712907e-06]
[1.5661554232521135e-06, -3.6504394805986218e-06]
[1.6649868421515779e-06, -2.6667609157688885e-06]
[2.2078164876315753e-06, -2.8552371266455344e-06]
[2.1825679000359033e-06, -3.4813935131522422e-06]
[1.261060822668747e-06, -3.08764287658414e-06]
[1.230617591191363e-06, -3.1065609749358902e-06]
[2.128229825648642e-06, -3.5112119123881236e-06]
[2.1652260794313705e-06, -2.8471178307801215e-06]
[1.6559205667510124e-06, -2.607627604615803e-06]
[1.6138208171825874e-06, -3.6389089185517864e-06]
[1.5019286929360276e-06, -3.551515159960772e-06]
[1.5764449868421737e-06, -2.623245410726671e-06]
[2.2335810667128975e-06, -2.9161040888403544e-06]
[2.1679836246235595e-06, -3.3719156142253404e-06]
[1.2297403065852919e-06, -2.9876555691643603e-06]
[1.2182778427738405e-06, -3.177695178826004e-06]
[2.0332916557119773e-06, -3.4883165490537382e-06]
[2.121375265687342e-06, -2.748376577370315e-06]
[1.7435847085578438e-06, -2.561789362323652e-06]
[1.6613644995971955e-06, -3.5788780026468903e-06]
[1.4235434339579522e-06, -3.4972790201315274e-06]
[1.456960172271926e-06, -2.6339340477160578e-06]
[2.1982274108350852e-06, -2.9530090390750274e-06]
[2.1899811849697415e-06, -3.2910115761385864e-06]
[1.2420538904114875e-06, -2.8464252571688137e-06]
[1.244340217171347e-06, -3.1963621401065456e-06]
[1.9760238176014244e-06, -3.4932737214138365e-06]
[2.018564925375041e-06, -2.6385845265930463e-06]
[1.7880935735126169e-06, -2.5663624795557727e-06]
[1.69385898651786e-06, -3.5622288933195856e-06]
[1.3206536497167853e-06, -3.3905377660181646e-06]
[1.4004967985037364e-06, -2.663515236186586e-06]
[2.200367609197368e-06, -2.9634915101419725e-06]
[2.2042579669173668e-06, -3.152326155789198e-06]
[1.2870399790088083e-06, -2.7632636996482995e-06]
[1.2256519465320137e-06, -3.214002482959666e-06]
[1.8621949228816992e-06, -3.5049768902228884e-06]
[1.919772847858159e-06, -2.5943896022756485e-06]
[1.8185280526439307e-06, -2.528079402916439e-06]
[1.7780717487536624e-06, -3.5201574083987275e-06]
[1.2826763440901279e-06, -3.273182331569799e-06]
[1.3323431984693657e-06, -2.650378201074499e-06]
[2.19042592322638e-06, -3.0290564806412235e-06]
[2.159164331119734e-06, -3.039214009792346e-06]
[1.2865123576802362e-06, -2.6811946138849407e-06]
[1.2477280331574248e-06, -3.2713271201738336e-06]
[1.7594998141662321e-06, -3.453114231305454e-06]
[1.858973741206138e-06, -2.526124307365707e-06]
[1.8955113294527592e-06, -2.5191318302961174e-06]
[1.8195357759619168e-06, -3.430916212521229e-06]
[1.2313014086107188e-06, -3.2003623786636126e-06]
[1.241435349505493e-06, -2.6874621343042637e-06]
[2.1242148642852676e-06, -3.0639566043905164e-06]
[2.1495769499356443e-06, -2.9549869163016107e-06]
[1.3272664825883518e-06, -2.566283381376811e-06]
[1.3007789267938108e-06, -3.2730310046691358e-06]
[1.6947161524116794e-06, -3.4286599155525233e-06]
[1.7456252876593692e-06, -2.4528461145811864e-06]
[1.924769595190029e-06, -2.5535124539288745e-06]
[1.8453371703891497e-06, -3.3845266087101367e-06]
[1.1622322104581917e-06, -3.0800326209640128e-06]
[1.2137833608170945e-06, -2.735235262953453e-06]
[2.0955774770910207e-06, -3.0720502780677474e-06]
[2.1289679698194286e-06, -2.8208882346808517e-06]
[1.3923711167096453e-06, -2.5111465527111188e-06]
[1.3089960818613022e-06, -3.273188276531336e-06]
[1.5802798386602146e-06, -3.406482548151679e-06]
[1.644088781130315e-06, -2.4424126353825293e-06]
[1.9398398635600556e-06, -2.5444412656144832e-06]
[1.914487734656911e-06, -3.3124797444925025e-06]
[1.1567139849219532e-06, -2.9575041790921852e-06]
[1.1745023392878418e-06, -2.739839811777278e-06]
[2.053260775056187e-06, -3.1273915821472542e-06]
[2.0543441681952768e-06, -2.718734712442439e-06]
[1.4111621304963018e-06, -2.456653599880454e-06]
[1.3552121456428257e-06, -3.305387715127686e-06]
[1.484447232434627e-06, -3.3249972633247332e-06]
[1.5809747161144028e-06, -2.407434538304054e-06]
[1.993888329415716e-06, -2.5633645978281883e-06]
[1.9367444206996876e-06, -3.2006140027462937e-06]
[1.1367812311688374e-06, -2.8801541653855622e-06]
[1.1183260228420089e-06, -2.7895099918157085e-06]
[1.961396577376817e-06, -3.146517044208541e-06]
[2.01611202739916e-06, -2.64561149479264e-06]
[1.4674324645257836e-06, -2.3755868603998927e-06]
[1.4239208792760083e-06, -3.2807063550382987e-06]
[1.4267747912855011e-06, -3.2723943262924493e-06]
[1.4719192040005269e-06, -2.3709101064084415e-06]
[1.9974432310635067e-06, -2.6172546913338923e-06]
[1.9436547289974904e-06, -3.1327661979621557e-06]
[1.1034684604394052e-06, -2.760813205632262e-06]
[1.123475474137936e-06, -2.8414347492703926e-06]
[1.908911377707795e-06, -3.1392133026065736e-06]
[1.9659857128789815e-06, -2.5297366070820004e-06]
[1.539249678439436e-06, -2.3538347546508964e-06]
[1.4465617871398107e-06, -3.255467645651988e-06]
[1.32589044106457e-06, -3.2200773702473207e-06]
[1.381838780081801e-06, -2.3923815052825925e-06]
[1.9880676471462078e-06, -2.625852711317378e-06]
[1.987188375268678e-06, -3.040943878689778e-06]
[1.1301475360131485e-06, -2.647293795354083e-06]
[1.1152466400099481e-06, -2.8493059887335637e-06]
[1.843227628917088e-06, -3.172689113761784e-06]
[1.8689015078149351e-06, -2.450773554624197e-06]
[1.5633781436652505e-06, -2.330548717788261e-06]
[1.5033144178111524e-06, -3.256851611214799e-06]
[1.249854248243365e-06, -3.1145974257323905e-06]
[1.3302842805235082e-06, -2.3870303423739747e-06]
[2.0121265722622406e-06, -2.6597342917544786e-06]
[1.981655104579816e-06, -2.9176811622844134e-06]
[1.1396015916730062e-06, -2.579425280174741e-06]
[1.0935383211452265e-06, -2.896906073607264e-06]
[1.7359869334127032e-06, -3.166271987958824e-06]
[1.810595173961857e-06, -2.399970273562601e-06]
[1.6207018879036209e-06, -2.2846007731855064e-06]
[1.5738994274538953e-06, -3.202322524445411e-06]
[1.2113487595361017e-06, -3.041030111297638e-06]
[1.2386427129633393e-06, -2.3813080560486366e-06]
[1.9851483905415288e-06, -2.71977787791311e-06]
[1.9626163321462275e-06, -2.8405499932701583e-06]
[1.137664426720253e-06, -2.474634863358638e-06]
[1.1290984872278087e-06, -2.93902762317326e-06]
[1.6709822745590575e-06, -3.1352293145790744e-06]
[1.741325526452564e-06, -2.311983505393078e-06]
[1.6852175608178532e-06, -2.295280879943684e-06]
[1.5969446678087973e-06, -3.1499847153726446e-06]
[1.134780377616551e-06, -2.967703001316435e-06]
[1.1716699939573472e-06, -2.4270356440737884e-06]
[1.9482124084535535e-06, -2.7323166353759865e-06]
[1.9755726417686192e-06, -2.742178039184112e-06]
[1.1902704578417578e-06, -2.3824153354279343e-06]
[1.1478474576803732e-06, -2.936705000039508e-06]
[1.594531935898702e-06, -3.140411906299434e-06]
[1.6331615327741522e-06, -2.263858704928956e-06]
[1.7010224746261127e-06, -2.3005462309044766e-06]
[1.6500605346872477e-06, -3.1211529523990367e-06]
[1.087398493734848e-06, -2.848619567004211e-06]
[1.142203414822296e-06, -2.4423362952885608e-06]
[1.94138257392229e-06, -2.7670060380943773e-06]
[1.9395481443106044e-06, -2.6208969092778034e-06]
[1.2214334755566991e-06, -2.335312716539306e-06]
[1.154390604468647e-06, -2.9695091687542696e-06]
[1.484945878205135e-06, -3.1042761406696595e-06]
[1.5669166863966494e-06, -2.241467214024028e-06]
[1.7461969020024677e-06, -2.2848989762501784e-06]
[1.709082974643561e-06, -3.0395239168645727e-06]
[1.0754291241282798e-06, -2.765357191181206e-06]
[1.07702887128594e-06, -2.4567790662677336e-06]
[1.8852154783765424e-06, -2.8195240963924117e-06]
[1.8935842286960103e-06, -2.5479182294285696e-06]
[1.2414095099944067e-06, -2.255123047488483e-06]
[1.2124470075494664e-06, -2.9906072310705717e-06]
[1.420648587928397e-06, -3.0470361852144925e-06]
[1.4915875281157343e-06, -2.185492360112784e-06]
[1.791501766115755e-06, -2.321306712002591e-06]
[1.719744262072831e-06, -2.96442985311951e-06]
[1.028746819384252e-06, -2.6834361295524634e-06]
[1.040178681695203e-06, -2.51513614504123e-06]
[1.8237097544684944e-06, -2.82284518326667e-06]
[1.8771338975431817e-06, -2.4565408282550827e-06]
[1.3092326377889263e-06, -2.1923415001734448e-06]
[1.2490717194238443e-06, -2.9681101774980956e-06]
[1.3470053452022124e-06, -3.023535029539337e-06]
[1.3855639633686412e-06, -2.1700687835857213e-06]
[1.7882146141068311e-06, -2.3471267416586006e-06]
[1.7571610836306095e-06, -2.9117081442953455e-06]
[1.0133470222176144e-06, -2.563588367869747e-06]
[1.0382056693236663e-06, -2.5388784973684464e-06]
[1.7909801602322695e-06, -2.845666415104975e-06]
[1.8139311495184163e-06, -2.35004559465124e-06]
[1.3506697065096551e-06, -2.1725790079196727e-06]
[1.2732542314236595e-06, -2.977552550118001e-06]
[1.2481788690538176e-06, -2.9595219742661882e-06]
[1.3244881883148901e-06, -2.176243408680582e-06]
[1.8116714209847826e-06, -2.352168784094076e-06]
[1.7940643693703517e-06, -2.810997386012981e-06]
[1.0295116026348694e-06, -2.4835077585411147e-06]
[1.003051550492462e-06, -2.5604548892221857e-06]
[1.7124876339376371e-06, -2.879269900640802e-06]
[1.745879917372517e-06, -2.2932304998349307e-06]
[1.3801271980390384e-06, -2.121864220522296e-06]
[1.3422147673580742e-06, -2.9710954237149867e-06]
[1.1970292517621273e-06, -2.8795343958243694e-06]
[1.2562413146816054e-06, -2.1504479896516937e-06]
[1.8300941446586227e-06, -2.403461671712792e-06]
[1.7831325756501037e-06, -2.7222450722508285e-06]
[1.0123943284742754e-06, -2.4061165482813784e-06]
[9.97634505242595e-07, -2.6182841214514307e-06]
[1.6344859592384853e-06, -2.8632463332511904e-06]
[1.70667040104433e-06, -2.2201252552131456e-06]
[1.450324058960284e-06, -2.0911849970481344e-06]
[1.3846774595191458e-06, -2.9235655313875064e-06]
[1.13811256895191e-06, -2.832627724186354e-06]
[1.1647648608947847e-06, -2.163781685174393e-06]
[1.8016899275830056e-06, -2.4383895759760854e-06]
[1.7970045531959244e-06, -2.6560805083601473e-06]
[1.0264662173437022e-06, -2.2981693086742555e-06]
[1.0227508239479821e-06, -2.637573752378719e-06]
[1.5853743171451162e-06, -2.8652536310652676e-06]
[1.6246021556590856e-06, -2.138213684999002e-06]
[1.4892923552133064e-06, -2.0996706578402247e-06]
[1.413776590686311e-06, -2.9065386911442115e-06]
[1.0607094468734202e-06, -2.747855012641409e-06]
[1.1203385100241187e-06, -2.193104857350827e-06]
[1.7990274435494141e-06, -2.4518355967407743e-06]
[1.8059402776965383e-06, -2.5477024899744904e-06]
[1.066672473765129e-06, -2.2331437023181966e-06]
[1.0153733032494672e-06, -2.6534512316545023e-06]
[1.495283232670619e-06, -2.8728514120668347e-06]
[1.543767760417425e-06, -2.10591622369638e-06]
[1.5153640256504453e-06, -2.07755324373865e-06]
[1.4807937558924955e-06, -2.8716210771755762e-06]
[1.0320079448164488e-06, -2.6533854316588418e-06]
[1.0698869582492776e-06, -2.1904380698434256e-06]
[1.7883245023997407e-06, -2.5053274315955942e-06]
[1.7692985966322183e-06, -2.457044445014489e-06]
[1.0733694396844462e-06, -2.171573354192713e-06]
[1.0370812777785177e-06, -2.698642828763073e-06]
[1.4120287659749597e-06, -2.832111368884088e-06]
[1.4922789503268863e-06, -2.0581094933996846e-06]
[1.5755177015935873e-06, -2.075972386786362e-06]
[1.5166283658107904e-06, -2.799886550219899e-06]
[9.959422028263387e-07, -2.592607800805391e-06]
[1.0022273760623701e-06, -2.223860542049927e-06]
[1.7343518549789438e-06, -2.5368851602480813e-06]
[1.757168186542618e-06, -2.389730018501372e-06]
[1.1093846306944877e-06, -2.0856011941419728e-06]
[1.083532805160048e-06, -2.7024117501273093e-06]
[1.3584577796821318e-06, -2.8094940289352666e-06]
[1.4027626609579985e-06, -2.0058715429205343e-06]
[1.600500601982649e-06, -2.108130798650354e-06]
[1.53834511289197e-06, -2.7589257664273337e-06]
[9.462976945234791e-07, -2.4977776660051187e-06]
[9.821875674338731e-07, -2.2667408052954793e-06]
[1.706791912754746e-06, -2.5462628881244356e-06]
[1.7378108896071165e-06, -2.2861008540236982e-06]
[1.1650047081340764e-06, -2.0442552665089764e-06]
[1.0967084271423788e-06, -2.702344171323645e-06]
[1.2690776763288336e-06, -2.789357250843061e-06]
[1.3208127916108925e-06, -2.0013998086459983e-06]
[1.6123346065627375e-06, -2.1085320635119698e-06]
[1.5918200766962265e-06, -2.7000802607091146e-06]
[9.446037663937701e-07, -2.399977173604337e-06]
[9.559514513937661e-07, -2.2766108617733316e-06]
[1.670232012085382e-06, -2.589921203222101e-06]
[1.6768836712116597e-06, -2.20548164914236e-06]
[1.185793826838366e-06, -2.005937853211126e-06]
[1.1367614658960856e-06, -2.7260506058439382e-06]
[1.19259586353615e-06, -2.723993775318595e-06]
[1.269097201148095e-06, -1.98061674920591e-06]
[1.6527703171620445e-06, -2.1282722767884676e-06]
[1.6105561891563425e-06, -2.6101065386807676e-06]
[9.344357128557301e-07, -2.3369964894104367e-06]
[9.166637190693994e-07, -2.3186399548957848e-06]
[1.5955321644861575e-06, -2.607056149503406e-06]
[1.6417594916155742e-06, -2.148681921661927e-06]
[1.2329265653369254e-06, -1.94765705503969e-06]
[1.1948893280100403e-06, -2.707057796758061e-06]
[1.1464538954703007e-06, -2.678420283064309e-06]
[1.1842928054183605e-06, -1.9577373284729305e-06]
[1.65561293730479e-06, -2.1752576710443172e-06]
[1.6153056251327902e-06, -2.5524967799742115e-06]
[9.136119672736864e-07, -2.2441337046430476e-06]
[9.237381978326187e-07, -2.3634119206200274e-06]
[1.5492844290393437e-06, -2.6020685655429865e-06]
[1.599022255521776e-06, -2.060789264693441e-06]
[1.2927380506483344e-06, -1.933887117389066e-06]
[1.2181224858104356e-06, -2.6851303460140308e-06]
[1.0692423552394192e-06, -2.6341631295945245e-06]
[1.11284556821023e-06, -1.9790148836629218e-06]
[1.646284374462459e-06, -2.1883979548220633e-06]
[1.6469972853108694e-06, -2.4784869618391103e-06]
[9.381489442655822e-07, -2.1546876412953386e-06]
[9.229146296224622e-07, -2.3739261752198093e-06]
[1.494682774785816e-06, -2.626731130911386e-06]
[1.5201430951794492e-06, -2.000008483840632e-06]
[1.3160421910990427e-06, -1.921232665569317e-06]
[1.2651926339923847e-06, -2.6832230351336167e-06]
[1.0099609482269734e-06, -2.5493610844307124e-06]
[1.0721176458977633e-06, -1.9817021433415904e-06]
[1.6617189248779862e-06, -2.218654304483869e-06]
[1.6420482656306912e-06, -2.37988852966331e-06]
[9.516096536668628e-07, -2.100917145531067e-06]
[9.11256558308593e-07, -2.41259174110775e-06]
[1.4081216058031698e-06, -2.621844813144314e-06]
[1.4695386631310633e-06, -1.9625654174848517e-06]
[1.3624077845972998e-06, -1.891173356052345e-06]
[1.3235280120621473e-06, -2.6392000244401803e-06]
[9.808273813416424e-07, -2.4872650468410473e-06]
[1.0025743916002028e-06, -1.9828352601503063e-06]
[1.638988332504799e-06, -2.26929901103734e-06]
[1.6245892954791508e-06, -2.315931078702982e-06]
[9.555120826787444e-07, -2.0209996947767594e-06]
[9.429325548634959e-07, -2.4478768275706594e-06]
[1.3528452478643593e-06, -2.5961697448237744e-06]
[1.412313284626654e-06, -1.8979636458582583e-06]
[1.414905019078705e-06, -1.903662998542499e-06]
[1.3452692825058343e-06, -2.594643063347224e-06]
[9.242704974363192e-07, -2.426814099981689e-06]
[9.50949967354342e-07, -2.023109728674366e-06]
[1.6065447799237798e-06, -2.283804295691305e-06]
[1.6309543611064958e-06, -2.237818487509091e-06]
[1.0006256501923771e-06, -1.94982609551253e-06]
[9.636153001923997e-07, -2.4481862357095263e-06]
[1.2907956686569744e-06, -2.5970791331375587e-06]
[1.3252002534769325e-06, -1.8628972904277674e-06]
[1.4296251097251078e-06, -1.913924271290668e-06]
[1.3877684954047287e-06, -2.568183636909166e-06]
[8.890951641166156e-07, -2.3315332623122936e-06]
[9.294892572286884e-07, -2.0414586690067904e-06]
[1.5968003423683097e-06, -2.3129571328356358e-06]
[1.6006476573592054e-06, -2.1417721220440278e-06]
[1.0309167377264838e-06, -1.9142386442905224e-06]
[9.740078961706367e-07, -2.473304964431544e-06]
[1.203310569464211e-06, -2.567271598766241e-06]
[1.2693809903333887e-06, -1.8493127001383003e-06]
[1.4645812914798606e-06, -1.907639871228913e-06]
[1.4353406317529904e-06, -2.5019625528588385e-06]
[8.825498151454614e-07, -2.2625422802791118e-06]
[8.822452482737386e-07, -2.0575348897711176e-06]
[1.5501618537321418e-06, -2.3560409033174246e-06]
[1.5607858546706765e-06, -2.082590711570409e-06]
[1.0513829448444145e-06, -1.8551754853157743e-06]
[1.0233138071982784e-06, -2.4901703685143925e-06]
[1.1500196240160632e-06, -2.519493913917016e-06]
[1.2086011247774975e-06, -1.8108956106460683e-06]
[1.5001961977401113e-06, -1.9403999982348097e-06]
[1.445264972581295e-06, -2.4389387372480975e-06]
[8.50738765698078e-07, -2.1963522778833955e-06]
[8.557965036348758e-07, -2.10693400801501e-06]
[1.4976590686083258e-06, -2.3612198216949043e-06]
[1.5433447386470345e-06, -2.011486290302844e-06]
[1.1079008582770555e-06, -1.8086050246925167e-06]
[1.0575751669475442e-06, -2.472468642766845e-06]
[1.09170930415875e-06, -2.496902226173381e-06]
[1.1242831313845736e-06, -1.802577146270412e-06]
[1.4978066989329575e-06, -1.9665265787727204e-06]
[1.4735424004284903e-06, -2.393636861699501e-06]
[8.419203520668161e-07, -2.1013743020667844e-06]
[8.575416023670623e-07, -2.1306486914021705e-06]
[1.4673645018087322e-06, -2.379067283286851e-06]
[1.4909525572065485e-06, -1.928477534302031e-06]
[1.1452923161930917e-06, -1.7961501344032627e-06]
[1.0809540531009354e-06, -2.4774407937355747e-06]
[1.0140828779481303e-06, -2.4442454197443064e-06]
[1.0741014140960847e-06, -1.8124165689385394e-06]
[1.5138779489148185e-06, -1.9757367319588395e-06]
[1.501949253066015e-06, -2.3122998205199474e-06]
[8.587196933945718e-07, -2.0362318102762345e-06]
[8.350076510163507e-07, -2.1508107805601195e-06]
[1.4029638325408628e-06, -2.405458093462931e-06]
[1.433240121875845e-06, -1.883807212339772e-06]
[1.1718872080096476e-06, -1.7614671925514358e-06]
[1.138043523571386e-06, -2.470960543985573e-06]
[9.729259878160645e-07, -2.3777989469602606e-06]
[1.020537481584427e-06, -1.798151808882209e-06]
[1.5266962341969892e-06, -2.0195043623494335e-06]
[1.4928594676069662e-06, -2.238767969259259e-06]
[8.508500524070928e-07, -1.9751316572835798e-06]
[8.343105065838907e-07, -2.1983989452641073e-06]
[1.3375476233326578e-06, -2.3933079457312545e-06]
[1.3979593796939471e-06, -1.8287520562876303e-06]
[1.2290675312290333e-06, -1.7412194088552158e-06]
[1.1757141633733648e-06, -2.4317809173002303e-06]
[9.27971647676773e-07, -2.3365850626566598e-06]
[9.491581185183673e-07, -1.812833818184978e-06]
[1.502721054050249e-06, -2.0517635507810716e-06]
[1.5008968920482424e-06, -2.1835902962157733e-06]
[8.658086246074448e-07, -1.8908796858910226e-06]
[8.583668075629047e-07, -2.2168285261428555e-06]
[1.2949449970378613e-06, -2.392894031935655e-06]
[1.3307852371477816e-06, -1.7665917852183188e-06]
[1.2629550595853745e-06, -1.7521056555613868e-06]
[1.2014613944705266e-06, -2.4145977830097864e-06]
[8.687702613280335e-07, -2.2674326808497236e-06]
[9.139115770516459e-07, -1.8411081484021648e-06]
[1.4968045929236728e-06, -2.066157122762504e-06]
[1.5057612975516443e-06, -2.096860952913171e-06]
[9.020324299724436e-07, -1.8392840378383957e-06]
[8.58158283878474e-07, -2.23059031864703e-06]
[1.221973962083761e-06, -2.3971624787400003e-06]
[1.2633366372749588e-06, -1.7429700829921235e-06]
[1.2850898041677494e-06, -1.7405458286531839e-06]
[1.2556509473571342e-06, -2.3845564112653928e-06]
[8.471131140858068e-07, -2.189623035854342e-06]
[8.761310478569428e-07, -1.8447252590481078e-06]
[1.4854823699311792e-06, -2.1103355530988077e-06]
[1.4747786824045872e-06, -2.0227879010958905e-06]
[9.128648429876374e-07, -1.7923834602917577e-06]
[8.791622862283632e-07, -2.266505370414687e-06]
[1.1532393013671816e-06, -2.3637406305516973e-06]
[1.2192037468078398e-06, -1.7093391489614307e-06]
[1.3327519943900912e-06, -1.7436473524999607e-06]
[1.2864181748555026e-06, -2.3251628473996977e-06]
[8.218274121854496e-07, -2.138054408545864e-06]
[8.250532919501508e-07, -1.8748505291044104e-06]
[1.4401087033988347e-06, -2.1383464251928386e-06]
[1.4610936295324228e-06, -1.96803283971877e-06]
[9.44946664568902e-07, -1.7269414143185335e-06]
[9.202620884357637e-07, -2.2707146559025615e-06]
[1.1083762759683813e-06, -2.3424565622903737e-06]
[1.1469551089490077e-06, -1.6718099170309753e-06]
[1.3537561670291104e-06, -1.773573773206083e-06]
[1.3044739143874828e-06, -2.2884813029450113e-06]
[7.858862120374566e-07, -2.0615770316562143e-06]
[8.107710808835655e-07, -1.913243991489644e-06]
[1.4137768197391987e-06, -2.147663020747549e-06]
[1.4426653806437484e-06, -1.8862606837311002e-06]
[9.930284646658682e-07, -1.6957167647962956e-06]
[9.3595343316627e-07, -2.2699203511000743e-06]
[1.0371427636712838e-06, -2.323689109046123e-06]
[1.0796553865793923e-06, -1.6714889744945394e-06]
[1.3627090509338302e-06, -1.7796320239543695e-06]
[1.3463196669519228e-06, -2.2391379904569686e-06]
[7.870414332963871e-07, -1.9819257490484576e-06]
[7.936410862247056e-07, -1.925688460788222e-06]
[1.381531578775741e-06, -2.1824027142541835e-06]
