[507.7024124065101, 193.29467268498595]
[0.950987790715196, 5.8550450932995375]
[-29.221734451156124, -18.376865517652362]
[-0.48148901050448245, 5.062402549799685]
[0.3678784244347604, 0.9757134666897826]
[-3.835456649431734, -4.07321604020666]
[-0.13266566371969546, -3.585538255994809]
[0.0007960500428394468, -0.2970048631566442]
[-0.6868598162617268, 0.4163377975516913]
[-1.8638157643057545, 0.46019697132069126]
[1.4102264806814482, -0.12421981636711976]
[0.15918105548430717, -0.12214500264589034]
[-0.24111623656076375, -0.42588012511616213]
[0.10320775765482004, 0.07753365307831173]
[-0.23348176087244532, 0.8293957040205875]
[-0.38758910639550326, -0.3333974616343811]
[-0.04007152401762237, -0.19308225150757363]
[-0.2853647884004844, -0.26865266837197055]
[-0.363959760478366, -0.19210418265706153]
[-0.2530651507983812, 0.3380871694329741]
[0.14870847610189442, -0.13934995320881072]
[-0.06105102986359512, 0.03470452621508424]
[0.12420748292351469, 0.029416664187057684]
[0.15792652510572847, 0.01580465295969269]
[-0.041929005199569325, 0.1747360754986832]
[-0.08431662167511111, -0.18668998395799719]
[-0.12998933548821068, 0.07095583663135763]
[-0.1408771155605475, -0.07553442508398955]
[-0.17636880506573327, -0.14642235806269177]
[-0.14335119094911297, 0.06380231030118955]
[0.040389169907852907, -0.05139582997564074]
[-0.04768104290697783, 0.09226527729538425]
[0.10176586832832069, -0.05124222666081013]
[0.07798823081000572, -0.0124120943807835]
[-0.01127167042652566, 0.11611839923457445]
[-0.012267856897340224, -0.023753578236722195]
[-0.07796363748787227, 0.048149431805971865]
[-0.05340766305315903, -0.08834022021706867]
[-0.08298190731717511, -0.03623852913862868]
[-0.06973780683366515, 0.021704137847672555]
[-0.018565428183995536, -0.06870537983319736]
[-0.040044598495762695, 0.018171068237820442]
[0.0536880546596068, -0.014406656283976638]
[-0.0043346824035781495, 0.026302292366491287]
[-0.006335050458058156, 0.02690412087683658]
[0.008327208813384002, -0.003917834195250436]
[-0.014218327509746942, 0.04630364666915188]
[-0.019123098982751108, -0.01953760677229255]
[-0.04862767480391472, -0.02115866151764223]
[-0.002835152213940262, -0.019030885692422395]
[-0.01707686164336142, -0.011174334895867055]
[-0.04388388823886613, -0.0008886474128168009]
[-0.0017182213176210048, -0.01425647283657927]
[-0.017403667646784138, -0.004969328080586255]
[0.003199728503344712, -0.0005137763228164616]
[-0.020527339339909467, 0.021306397338699767]
[-0.012661983832840118, 0.004601825079553645]
[0.00537339122624525, 0.00665850319028749]
[0.002490174444246873, -8.100497238761051e-05]
[0.0024589942999897474, -0.007944663663613849]
[-0.019405382297706497, 0.008569927682913092]
[-0.004291486988810211, -0.016775948782159045]
[-0.006024745478701021, 0.004792168431359045]
[-0.03030988353848485, -0.015901314905408803]
[-0.0252558767647324, -0.011492022946340441]
[-0.015625983978893476, 0.01237942810827164]
[-0.0005365710633029597, -0.012777262181343119]
[-0.01589869920524345, 0.013492600685353462]
[0.007034742684560169, -0.0034718983663306058]
[0.01353248847940236, 0.004289286443549312]
[0.005847308736362411, 0.009070688858579534]
[-0.0011750181549690097, -0.01024058086057611]
[-0.016849266811485464, 0.01785520483302605]
[-0.008048493419584357, -0.011631625335453588]
[-0.01814516366510932, -0.00706140004812994]
[-0.018504959516949138, -0.005634163180396334]
[-0.01408436342923658, -0.010662266125263109]
[-0.011258717733545254, 0.009657019598314331]
[0.010836213892953861, -0.013344351032846147]
[-0.004974552096309814, 0.0015082487405972955]
[0.002880459416596981, 0.006770797246057114]
[0.0026302025022078013, 0.00660263009691664]
[-0.003117572371792887, 0.009975043339812473]
[-0.004181371227008512, -0.007842375521200429]
[-0.013403281318418947, 0.005120693037223623]
[-0.0013877200461529515, -0.002851706725478742]
[-0.010580056230379498, -0.008990281500649067]
[-0.009341873823023095, -0.0061941812253043516]
[-0.00207934695617068, -0.002662020617855365]
[-0.010024276133449916, 0.0013900500261482263]
[0.0003836981171085885, -0.005629414004903355]
[-0.006779060812030391, 0.00208433878634684]
[-0.0015121116542498036, 0.005416349225891071]
[-0.0026774832176728047, 0.007964547646299724]
[-0.0020030048003145673, -0.002003853158524471]
[0.004291954475101445, -0.003533897935225294]
[-0.004463621101003484, 0.00419563251299504]
[-0.0013520533216691, -0.0028702349022138723]
[-0.005739040392902517, 0.0004002996486707211]
[-0.007365905189264499, -0.00995003129668992]
[-0.0057980933916428334, -0.00035811581530798]
[-0.010595907984567027, 0.0026604588155172415]
[-0.006120269855070415, -0.006936044841101996]
[-0.005289328273782701, 0.004772520631981081]
[0.0036190586170938843, -0.0019202885820441828]
[-8.844927665974112e-05, 0.005160617503194298]
[0.0009732246118688836, 0.00026806406405499583]
[0.004486365041989071, -0.003072827401770395]
[-0.001183539076466511, 0.008504871691340288]
[-0.0043477121918952255, -0.004760812166780148]
[-0.010032829172504032, 0.0003297333723231155]
[-0.004264795832038981, -0.004492216227458767]
[-0.006619427449778614, -0.0035449307513286676]
[-0.0088695899590151, 0.002702230138956374]
[-0.0012962332430113133, -0.00674835881319702]
[-0.0016304699696676472, 0.0014908296358953077]
[0.005231066823350616, -0.0009619817900365923]
[-0.0017207261583512823, 0.0026550598816972304]
[-0.0016840831389366429, 0.004571573590974598]
[0.0008872099199470629, -0.0006800651637337563]
[-0.002788898802773665, 0.003861308693299259]
[-0.002386357618406415, -0.0024863643284845083]
[-0.00829151607663614, -0.00123014694470569]
[-0.0010729053088894824, -0.00207136724397472]
[-0.0011785460930748837, -0.003090184385716954]
[-0.006473381812687196, -0.0021701655498169714]
[-0.0017862221247125776, -0.002455742190783372]
[-0.0029029955873436375, 0.001573579002998926]
[0.0008963080275737889, 7.192771237818363e-05]
[-0.004326698795554917, 0.002737545490221649]
[-0.0018161101471300123, 0.0013183422209809559]
[0.002439282193320791, 0.0017521096684944837]
[-0.0006885516913597289, -9.740367209198908e-05]
[0.0003025427974132633, -0.002286890924178442]
[-0.003776635175062576, 0.0023407500443051177]
[-0.0015468775573983518, -0.0034580946935398593]
[-0.0023350032056799197, -0.0009021315261036333]
[-0.006025568471329845, -0.002937038067820197]
[-0.004648849858525761, -0.0012178309900699458]
[-0.004059733859765685, 0.0035257785036422185]
[0.0005766722843270067, -0.0037126316235154277]
[-0.0017637897375366585, 0.0019503888430629779]
[0.000819907215804383, 0.0001724218695806634]
[0.0024331277162406018, 0.0018424004612762335]
[0.0006728191445257159, 0.0022611258432261305]
[-0.0006059470667756361, -0.003686506937325529]
[-0.0036989808726251017, 0.0037096729903420833]
[-0.0019833116652070437, -0.0019211042035105486]
[-0.005147960949415165, -0.002111402909306115]
[-0.004211218876318146, -0.0011597327095416166]
[-0.0024287851947250028, -0.002262602354191401]
[-0.0029638606956627345, 0.002132371209718348]
[0.0015959037204552051, -0.003660831816545612]
[-0.0007454882501957139, 0.0003186663572598558]
[0.0012307518420198171, 0.0024668400280689617]
[-0.0005288852621859741, 0.001638022108231052]
[-0.0012504363442866762, 0.0017459211402490737]
[4.172764125343065e-06, -0.0019101714606926112]
[-0.0036281820819349386, 0.0016488740698235027]
[-0.0010657315841359205, -0.00023486640378976575]
[-0.003117503919669695, -0.002075667240673429]
[-0.002004413587482823, -0.002568171825847898]
[-0.00039561011102873245, -0.0011635330532122623]
[-0.003215394378495162, 0.0004155767740472438]
[-0.0008414053611014438, -0.001446842365114387]
[-0.0021640901890338515, 0.0009470599839401794]
[0.00036659603324140644, 0.001159796740430541]
[-0.0010396801663541955, 0.002212003370809068]
[-0.0012835084934862406, -0.0004317428813674917]
[0.001950186781874197, -0.0004976793776023669]
[-0.0006917537176196475, 0.0015525537118008526]
[-0.0009016073590817353, -0.0016334791318979303]
[-0.00248522368192515, 2.1389699316864963e-05]
[-0.0016986520374504543, -0.002816112482856306]
[-0.0020215353785436596, -0.0002143943077753674]
[-0.00428940769433972, 0.0007471130744419741]
[-0.0019417239272845332, -0.0020420809818225694]
[-0.0012672464947770523, 0.0015730381544518668]
[0.0013522173486235634, -0.0013054794399349756]
[-7.588873132280405e-05, 0.0016926403755288533]
[-1.3068369618063347e-05, 0.0008107886006047949]
[0.0013478626156445683, -0.0007510617242101336]
[-9.765460317912034e-05, 0.0023839317336993293]
[-0.0014424077847238204, -0.0020855027915100965]
[-0.003963493457922018, 0.0005562613148694662]
[-0.0013776052108140924, -0.0008835075253315061]
[-0.0019848813390150877, -0.0015295664416128396]
[-0.003145187524097315, 0.0001770825059793646]
[-0.0008080054869392672, -0.0022753511411006677]
[-0.0004316925423067941, 0.0009967725366203384]
[0.0016879546348227692, -0.0004895745558931297]
[-0.0011842463813231952, 0.000550744795350222]
[-0.0003315830592167668, 0.001833084254027173]
[0.0004606585750237535, 0.00012595222593914102]
[-0.0012306948959596165, 0.0008617412322258211]
[-0.0006405837876277687, -0.0008234034960696301]
[-0.0029394802389112185, 0.000287068748319963]
[-0.0005281870291639901, -0.0007177356849738178]
[-0.0006082620287415352, -0.0015736903776181477]
[-0.0021164918042744785, -0.0014200710226992541]
[-0.0009477058786024894, -0.0005253210923010787]
[-0.0016836887158864222, 0.0009844542747290408]
[0.0002937564469117082, -0.0004922468008290437]
[-0.0015861485561589062, 0.0007302129034182925]
[-0.0006142478142718844, 0.0005203846370794851]
[0.0008623497737510477, 0.0013580714837963526]
[-0.0003319268668231512, 2.9555751210066927e-05]
[0.0002932385954181882, -0.0012741330102250537]
[-0.0011242232806278896, 0.0011588106967681533]
[-0.0005662695927272088, -0.0013723577579032309]
[-0.0016390713676467938, -0.0005123831631268505]
[-0.002359560765862745, -0.001232367152243563]
[-0.0016607075654064274, -0.0002416828853348263]
[-0.0021421327885143837, 0.001360687620585388]
[-7.225114215214656e-05, -0.002002142929684092]
[-0.00031028331463336944, 0.000808270666422306]
[0.0006052989522266072, 0.00026819035639991107]
[0.0005051535643192384, 0.0009572340941158552]
[0.00018676146112148184, 0.0008334146014228327]
[0.0001640478650280497, -0.0016688797923308935]
[-0.0014859616608056125, 0.001661592541552126]
[-0.0010967007860489542, -0.0005810510651469425]
[-0.002466984357952562, -0.0006944062713979404]
[-0.0015473942339169766, -0.0007382414290311168]
[-0.0008074143671711331, -0.0011866206759736375]
[-0.001397776057320943, 0.000792425397154628]
[0.00011953663498004419, -0.0015333176272551707]
[-0.000395709523414417, 0.00028267769243678353]
[0.0009577836692595959, 0.000991675835140468]
[-0.0006159557607711141, 0.0005515668350764003]
[-0.0008182427653704583, 0.000654526753419149]
[0.0004160170594592061, -0.0004237122104500113]
[-0.0013182873159713893, 0.0008218236875323637]
[-0.0006965259825006953, -0.0002542612434097702]
[-0.001577821642000432, -0.00076882275974266]
[-0.0004797709956624735, -0.0012240703158778454]
[-0.00028445712244755395, -0.0005844548467000554]
[-0.001856670933301996, -1.1418874509505628e-05]
[-0.000587966435023568, -0.0004972310019202286]
[-0.001023841787445079, 0.00048092815951927825]
[0.00029845107996420706, 6.77386672864877e-06]
[-0.0005597663828662558, 0.0010811794207359893]
[-0.0007318982295576038, 8.74384709014242e-05]
[0.0009323493989042697, 0.00011022042723159153]
[4.7556665181525126e-05, 0.0006056793714920017]
[-0.00032310170380933645, -0.0011654459079635249]
[-0.0014554920834203289, 0.0002789622544846493]
[-0.0006734380726893807, -0.0010454539245041694]
[-0.0010119731655292563, -0.000184727245356342]
[-0.002272994688591101, -3.104389376040739e-05]
[-0.0010554544736914862, -0.0009598840206644921]
[-0.0005411449838312876, 0.0009799078080614254]
[0.0005910323704307885, -0.0008888396985591296]
[-0.00021886533680877396, 0.0006984365532836101]
[0.0002010903912941231, 0.0006032772551766152]
[0.0006664504427371654, -0.00019301471695110095]
[-0.00011895872403627772, 0.0008762825280415054]
[-0.0005565928725180247, -0.0010422518917376777]
[-0.0019598677433578238, 0.0007182147935724803]
[-0.0008002278399776297, -0.0003028583562648124]
[-0.001004135920678828, -0.0010006648351383596]
[-0.0013190173533006444, -0.00029485539706342045]
[-0.000547199541543586, -0.0009769701861621627]
[-0.00045435688702633037, 0.0007269684258961462]
[0.0007606806574852465, -0.0004289237760142228]
[-0.0006781951968469202, 2.325144199284701e-05]
[-4.065452534919578e-05, 0.0009104566392487828]
[0.00015736370342345207, 0.0004133768219147793]
[-0.000717829793240754, 0.00036666256729789293]
[-0.00018741112829490092, -0.00045823502407382755]
[-0.0012038529081163096, 0.00033445358120243185]
[-0.000220246130299806, -0.00037998938156713624]
[-0.0006618631033952216, -0.0008778000113603968]
[-0.0009370393531064405, -0.0008531119074191157]
[-0.000425658262357298, -3.9019096333928194e-05]
[-0.0012595892182121204, 0.0004282449143337974]
[-4.041865149373436e-05, -0.0005724880091947937]
[-0.0006281200740297921, 0.00037739644575585096]
[-0.0001993188067904994, 0.00026535569349417365]
[0.00017316248191434624, 0.0009615993968420944]
[-0.00015482080267725795, 1.2829253841495358e-05]
[0.00042053920816956247, -0.0007677368197496481]
[-0.00043037603252932266, 0.0006777344917174299]
[-0.0003580581882187128, -0.0006760752966822325]
[-0.0011423771050891318, -0.0001054076205491139]
[-0.001162356055454672, -0.0007578273389161616]
[-0.0007607591909461822, -0.0002325454676463945]
[-0.0012853064774018819, 0.0006230777111759789]
[-0.0003763087784218744, -0.0011312025522780544]
[-0.00013099532402294223, 0.0005708703776631796]
[0.0006203188305706209, 0.00010880210464118967]
[3.066713429622503e-05, 0.000401119433885766]
[-1.208862368540231e-06, 0.00039665272381983474]
[0.0003592151717020098, -0.0006967942063431654]
[-0.0006998583664002966, 0.0009629628695519976]
[-0.0007774703286114182, -0.00034795635365761357]
[-0.0014378166811961912, -0.0002367044879713065]
[-0.000597493820944428, -0.0004541859697263506]
[-0.0004581171196698097, -0.0007698460095501292]
[-0.0009040996905042842, 0.00030940622162622944]
[-9.715397211051968e-05, -0.0007015734778824667]
[-0.00028263385086690906, 0.0001835841859273435]
[0.0006396632845201422, 0.0002622528330520346]
[-0.0004412121901845034, 0.0002686611704752484]
[-0.0005735591885650676, 0.0004946952642266161]
[0.0002531089906087636, 5.95043696429709e-05]
[-0.0004862454030287733, 0.0003782708850294525]
[-0.0003205988904370072, -0.0003617936444035852]
[-0.0010000418624016572, -0.0002809216751886723]
[-0.00010638315258604258, -0.0005386360752331898]
[-0.00023134909579242136, -0.000326081773201814]
[-0.0012287443966196195, -0.0002787111075035695]
[-0.0004033078354769709, -0.00022355000321266916]
[-0.0005916729861125125, 0.0003651068437523497]
[9.599495990841866e-05, -0.000257986208353711]
[-0.0004070250569042644, 0.0006181018251072423]
[-0.00028736241052218503, 0.00018747438590449583]
[0.0005224110257737724, 0.0002131722193639829]
[7.174033540535696e-05, 0.00017652969725168166]
[-3.063174576750649e-05, -0.0007547095032446882]
[-0.0008642398384814676, 0.00047102939693408064]
[-0.0004721104978976376, -0.000509929747659621]
[-0.0006294849769858946, -0.00022834302340524193]
[-0.001212454334172719, -0.0002749413481329954]
[-0.0007168764451543977, -0.0005170264120371026]
[-0.000438481774035715, 0.0007526471224875292]
[0.0002876849736459519, -0.0006343163138993191]
[-0.00018179061932538376, 0.00025207487320016986]
[0.00027835595667335955, 0.00036082586159981445]
[0.0003599389693470928, 5.319109825463464e-05]
[-0.0001703218035637999, 0.00045617240497575207]
[-0.00024343737491705486, -0.0005988126561286]
[-0.000987601221981077, 0.0005868853209225477]
[-0.0004932356361123102, -0.00017513677499188252]
[-0.0007856456375596177, -0.0006775082866153914]
[-0.0006123229596598501, -0.0002639339327049073]
[-0.00028524432908572095, -0.0004339732077378172]
[-0.0005143548867648506, 0.00038742813431646983]
[0.00034414840749474873, -0.00042395062909039716]
[-0.00030531516468390585, -3.907109166018108e-05]
[2.9099180006902925e-05, 0.0005200177712967324]
[-0.00010396696007061723, 0.00044152064155945914]
[-0.0004343254323684598, 0.00022610188170490986]
[4.5999312951072735e-05, -0.00030560646673677416]
[-0.0005538724925090444, 0.00020964128764608403]
[-0.00010695987516945449, -0.0002117154747665051]
[-0.0005976030277681788, -0.00041082791117219575]
[-0.0004955530742744019, -0.0005772424449902447]
[-0.00017196229335747493, -2.7781807333093766e-05]
[-0.0009128490457901532, 0.00013586288683982428]
[-0.00026318031126562613, -0.00042157935610308284]
[-0.0003433070566868923, 0.0003431383561789403]
[5.0430785061506e-05, 0.00010996826463366416]
[-6.645944144512139e-05, 0.0005603235015422259]
[-0.00011090817038528211, -3.015002975015335e-05]
[0.00046982178513399475, -0.0003584834566891515]
[-0.0001844743360879808, 0.00046434468939249296]
[-0.00032954007040425504, -0.0004453462091296434]
[-0.0007742328274600307, 8.4064147840332e-05]
[-0.0005880956782430002, -0.000516738269664363]
[-0.00048622932138542296, -0.00026484097795226313]
[-0.000864027992308003, 0.0003155386592786913]
[-0.00037323948095516896, -0.0006191038508656099]
[-0.00012742484205308102, 0.0004103415838323035]
[0.0005121297473111297, -0.00010825551900123243]
[-4.1841024398248106e-05, 0.00016967894535332984]
[-7.261621542470342e-05, 0.0003272690983274762]
[0.00025364788328749444, -0.00022695888465951164]
[-0.00030078823136425736, 0.000569915533037535]
[-0.0004821222180662055, -0.00034660104812622716]
[-0.0009657276710982737, -6.046290316230607e-05]
[-0.0002397974285244242, -0.00018101989322010653]
[-0.00033952784540500214, -0.0004999583259024942]
[-0.0006663458417486834, 1.8478281137601638e-05]
[-7.879402954230619e-05, -0.0003702172245778901]
[-0.0001974381254055968, 0.00013820037262957108]
[0.00034332354168403745, -2.9156163465327012e-05]
[-0.0003407220624633833, 0.00017575870368519153]
[-0.00031164797983343484, 0.00042176345694744377]
[0.00011370945078326145, 0.0001768491572143871]
[-0.0002411699098067155, 0.00010595251577556059]
[-6.257642015727871e-05, -0.00030299454976595586]
[-0.0006434790388228917, 1.3299520324916436e-05]
[-9.030349297869944e-05, -0.00026578715961911303]
[-0.00018086675110673411, -0.00024774950392902895]
[-0.000746532792788468, -0.0003869345160915638]
[-0.0003333390729567953, -0.00011374308807721167]
[-0.0004715153491534063, 0.00035304330951823476]
[-1.1293015127672446e-05, -0.0002632527211138824]
[-0.00030729684024405346, 0.00032713967520070497]
[-3.7986071347750894e-05, 0.00011359603066912749]
[0.0003331269116846336, 0.00024370966181830322]
[-1.309512427641324e-05, 5.871933795598139e-05]
[6.476267117816459e-05, -0.0004770389215372761]
[-0.00044822853250525707, 0.00046877827256402993]
[-0.0003598118343853818, -0.00034445995396342743]
[-0.0005382292230003416, -0.00021316449453147313]
[-0.0006573603659862093, -0.00024821920603612657]
[-0.0004668872629164378, -0.00026492896391583365]
[-0.00045118187129028486, 0.0004999320713724442]
[0.00012961254592137872, -0.0005218865011773488]
[-5.002565827855188e-05, 0.00010484702924545841]
[0.00024456462596966766, 0.0002136024203759912]
[0.00011132229830906892, 0.00015477278248415827]
[-0.00013516736002833207, 0.0003266641013841623]
[-7.491555645953996e-05, -0.00040134707461425556]
[-0.0005219119999794186, 0.000383519261765608]
[-0.00030192584143196033, -0.00010087416391257875]
[-0.0006721747633745417, -0.00038565405461055136]
[-0.0003306870022288799, -0.00019231919954053323]
[-0.00010505629531457061, -0.0002652995796088853]
[-0.0004533442933105647, 0.00013574631409274396]
[7.448348062083499e-05, -0.0003357361202394882]
[-0.0001619297846770923, 3.916016800253885e-05]
[0.00010485560964640372, 0.0003103710537731841]
[-0.00022251255632865785, 0.0003039127086210125]
[-0.0002928776753891027, 0.00012479943136201044]
[0.0001826684472159279, -0.0001246250187722231]
[-0.0002959210597475448, 0.00014535776861149263]
[-0.00011274308213116147, -0.00015579239398311184]
[-0.0004418583340115023, -0.00014182201497106584]
[-0.00024903132741893597, -0.00043501964359682344]
[-0.00012043926913823944, -9.818347284229478e-05]
[-0.0006655033445450709, 2.1920969286326475e-05]
[-0.00031322057367835776, -0.00022642301643072127]
[-0.00027932893946266274, 0.000300846908419021]
[0.00013874784136335555, -5.722737017489765e-05]
[-8.509954663732389e-05, 0.0003120352961857309]
[-0.00010450755758573127, 1.0569425059753224e-05]
[0.0003722445670679142, -8.789986351120938e-05]
[-3.335830003636797e-05, 0.0003148122435986389]
[-0.00024216591042597324, -0.00039850591864537543]
[-0.0005613640453652202, 0.00014095630142779703]
[-0.00030812499431764895, -0.00029195935178011334]
[-0.00038835599022767064, -0.00021371971186710803]
[-0.0006455773582570157, 0.00011284911043696333]
[-0.00026115568246110055, -0.0003678267568091864]
[-0.00010216133261847782, 0.0002942622164611164]
[0.0003250199511374563, -0.00022723409552460883]
[-5.447394278124129e-05, 0.00010323308117785035]
[-2.2602230047297223e-05, 0.0003231810855880979]
[0.00011598915852037428, -4.904283785206465e-05]
[-0.00015030934274851138, 0.00029964570204182167]
[-0.00023098779237522293, -0.00029724629556748816]
[-0.0006757604189768784, 7.013706159358923e-05]
[-0.00016020223464768835, -3.883573312468691e-05]
[-0.00025625200686565236, -0.0003612585416192804]
[-0.0004330740857124704, -0.00014828779628973943]
[-8.059912051755491e-05, -0.0002263653462709625]
[-0.00019318920891089886, 0.00015344194243824272]
[0.00016136143155581761, -8.953399361479042e-05]
[-0.00028076268844508256, 8.52442511224405e-05]
[-0.000111737367213538, 0.000291306935233715]
[6.04173349556536e-05, 0.00020524759183215835]
[-0.000206535496333482, 6.4443132282709925e-06]
[4.590566316214906e-05, -0.00019054334833687459]
[-0.0003545768219098411, 0.00014172148730448586]
[-0.00010479835262211523, -0.00020124457106796]
[-0.0002017449492100476, -0.00020793966466749192]
[-0.0004175839792306124, -0.00034414731329168724]
[-0.00025771911599187236, -3.0340315089416592e-05]
[-0.0004616255339835451, 0.0002738829850638669]
[-6.0714748895684956e-05, -0.0002557205262894713]
[-0.0001757266007357608, 0.00018626659207834212]
[4.268348056813559e-05, 3.825356909257366e-05]
[0.00016904505545062287, 0.00025503501651008564]
[-2.7574734091484476e-05, 6.650150141115918e-05]
[0.00010590895863554772, -0.0003355037483886436]
[-0.0002093639446407447, 0.0003471693421631672]
[-0.0002490685795334402, -0.0002489689438225917]
[-0.0005100710317913482, -0.00011178262942368455]
[-0.00040263187350988994, -0.0001705919569774672]
[-0.0002702108093968897, -0.00017036274266719886]
[-0.0004056393258180524, 0.00026567556840317863]
[-1.7919053900694593e-06, -0.0004230288954958916]
[1.7345410522229265e-05, 0.00011139661000725276]
[0.0002288576655461172, 0.00013003779579823238]
[-4.746914601133634e-05, 0.0001208651160532967]
[-9.583982149785619e-05, 0.00023534095971983193]
[4.349791621832688e-05, -0.00023569941276047057]
[-0.00031765940459035913, 0.000253977894892822]
[-0.00022762475764734336, -6.704147384462011e-05]
[-0.0005161856718029489, -0.00017601286209628642]
[-0.00017250537073504324, -0.00016170290883454896]
[-5.589347588397242e-05, -0.00024493384860158063]
[-0.00035405684832112705, 1.9366666775058605e-05]
[-5.7086571169373546e-05, -0.00019039386174088402]
[-0.00015739635772352156, 8.456098687900648e-05]
[0.00014670653639065057, 0.0001338570136068598]
[-0.00020635058786539623, 0.00016758073558964526]
[-0.00023047742376924862, 9.01109300351921e-05]
[0.00018981222014208265, 4.0505504504739775e-05]
[-0.00014594135535395125, 0.00010235354644849703]
[-9.403379498867936e-05, -0.00017960620835692082]
[-0.00031985474353958543, -2.1711510622787755e-05]
[-0.00010816327154819505, -0.0002934321168515108]
[-0.0001396039228704904, -0.00010023530658008484]
[-0.0005206736090746789, -5.35996543102879e-05]
[-0.0002485252114519665, -0.00011299870690351099]
[-0.0002315072948457786, 0.00023836720382930388]
[9.163228819084046e-05, -0.00017402298625512902]
[-6.363517063646268e-05, 0.0002114152399137273]
[-5.105886497432793e-05, 7.882295031632486e-05]
[0.00023035246477676186, 2.2008421737607087e-05]
[3.099188898314509e-05, 0.00017492927024501115]
[-0.00010695444204231186, -0.00035052135419222363]
[-0.00042461806574051186, 0.00018315392210954684]
[-0.00021887810906817684, -0.00013593110952903054]
[-0.0003156190557221106, -0.00016401864221088358]
[-0.0004576674285590651, -3.0975788417493544e-05]
[-0.00018935448879420225, -0.00025453551792790907]
[-0.00010091775854606522, 0.0002460523343715826]
[0.00017751347335653866, -0.00022585661939272805]
[-6.856679767752727e-05, 5.194221080973005e-05]
[6.324519738896972e-05, 0.00025685324983482083]
[4.879692165871141e-05, 1.8685304995713636e-05]
[-0.00014206024093743608, 0.00016023622573951846]
[-9.230641494839542e-05, -0.0001965870690313204]
[-0.0004318762135552823, 0.00014607989828922113]
[-0.00014784245776928995, -2.6051135987636975e-05]
[-0.0002285920598377178, -0.000292475467079667]
[-0.00022790726703147968, -0.00018056556332635143]
[-7.809424882164462e-05, -0.0001288722185459612]
[-0.0002428139312419808, 0.00013252693539925892]
[6.896643545761805e-05, -0.00010122440567533753]
[-0.00019568297491284747, 2.721677479008977e-05]
[-2.4968325691321347e-05, 0.00016899873829755163]
[5.133717563637896e-06, 0.0002200680592993054]
[-0.0001755899287737006, 1.16424343310495e-05]
[8.681130661430947e-05, -0.00012407357418137144]
[-0.00016240797201674817, 0.00012924625844079607]
[-7.600498432017155e-05, -0.00017280302486161192]
[-0.0002464050739007795, -0.00012235344694794953]
[-0.00025585970836372596, -0.00025410635977127227]
[-0.00015986556979996625, -7.710168263425077e-07]
[-0.00042459894158485, 0.00014339029008680892]
[-0.00011496529213933515, -0.00024065633316705526]
[-8.10277584555874e-05, 0.00016777365624776053]
[7.361820162821164e-05, -3.2746105987913054e-07]
[3.5257517233655555e-05, 0.00020466758999256734]
[-7.276158478952688e-06, 6.805637369673712e-05]
[0.00014743116211110574, -0.00022608558122783062]
[-0.00011085595980692142, 0.00024093723405904655]
[-0.00019083044804191207, -0.00018206404546594612]
[-0.000429531005381123, -2.9288585646769505e-06]
[-0.0002617774711008991, -0.0001297312861141542]
[-0.00017759046118687172, -0.00017380130992805665]
[-0.0003193001472196963, 0.00012860819557470454]
[-8.132458159468281e-05, -0.0002883238083526418]
[-6.31935342115808e-06, 0.00012910813895039563]
[0.00022829902152549097, 4.240626517382218e-05]
[-8.614674317519722e-05, 4.4111364496668415e-05]
[-8.735933133276197e-05, 0.00017761033303431706]
[7.81152474303437e-05, -7.464619443509068e-05]
[-0.00020063257919264443, 0.00018337204016372066]
[-0.00018185068270831772, -8.811450563420142e-05]
[-0.0003758224013970246, -6.918766902076073e-05]
[-6.694914926266837e-05, -0.00011508453172170974]
[-7.651790876639364e-05, -0.00021607760703801215]
[-0.0002869084466056715, -4.247369937071532e-05]
[-6.901150818960922e-05, -8.628109894803782e-05]
[-0.00016105575220526358, 7.955126211112162e-05]
[0.00010567925277377155, -3.045270568352576e-06]
[-0.00015604580790073985, 0.00011136444174210391]
[-0.00016249802118084578, 0.00010918683515725308]
[0.00012029255969644298, 0.00011466133829651781]
[-5.8159556966586035e-05, 3.839327824950445e-05]
[-1.6516616513861937e-05, -0.00019222501471560793]
[-0.00024504614489724574, 4.765116338012465e-05]
[-7.216134333370983e-05, -0.0001696815149396652]
[-0.00014389625609297074, -7.107316620352105e-05]
[-0.0003975493922300788, -0.00012529994556703672]
[-0.00018571827279373343, -7.658808077842805e-05]
[-0.00019515794379568185, 0.00020453744778980987]
[1.726353681696935e-05, -0.00019678220296059923]
[-5.95569230363302e-05, 0.00015347545219052128]
[3.131528311844933e-05, 8.605893561258737e-05]
[0.00013954498252287395, 5.068944599481012e-05]
[9.453340041085112e-06, 8.925654941937394e-05]
[-1.55452072615192e-05, -0.00025973571862975]
[-0.00028768891266833796, 0.00021598011746221113]
[-0.000198518507483203, -8.785750835815787e-05]
[-0.0002738055570432052, -0.00014606955054807802]
[-0.0002778568783708968, -8.167672066156095e-05]
[-0.00015436280275824, -0.00017748781145943138]
[-0.00014388025434968962, 0.0002041938298585448]
[9.875592983914216e-05, -0.0001906756556829814]
[-5.0728060917742956e-05, 5.715039047726744e-06]
[0.00010086604221359874, 0.00016376794608136125]
[4.5425867425397115e-06, 6.23849074239402e-05]
[-0.00014329886368963374, 0.00012385104151380055]
[-3.117727255291802e-05, -0.00012092934522998922]
[-0.0002485470241246901, 0.0001335884717806879]
[-0.00011265778291892625, -4.304400007056064e-05]
[-0.00024089332175536438, -0.00020926631119769223]
[-0.00011655618941175394, -0.000142724658316995]
[-3.945071557914792e-05, -7.340927615856474e-05]
[-0.00026260979421560693, 5.443711595098932e-05]
[-2.0480229738044364e-06, -0.00010983824312416068]
[-0.00011760456171922007, 3.8978939762589204e-05]
[5.444245296443162e-06, 9.628091922936344e-05]
[-6.318444101255372e-05, 0.00019373815392208227]
[-0.00012154830776012204, 2.4125564798818666e-05]
[0.00012262257008611999, -7.758441413618922e-05]
[-7.603202869971293e-05, 8.064777836208625e-05]
[-5.3207913088104686e-05, -0.00013915194310859524]
[-0.00023804568908912527, -2.0799984294717078e-05]
[-0.0001767616894492452, -0.0001942218664151632]
[-0.00010429650085087838, -3.012026761694403e-05]
[-0.00034715260535514436, 4.984546047165361e-05]
[-0.00015637898712328457, -0.00017914673192792607]
[-6.6348287053139e-05, 0.00017695480666390928]
[0.00010257668519569885, -4.3945015585744596e-05]
[-1.6155883491131284e-05, 0.00012085446239545883]
[-4.777670774697151e-06, 5.8271110842555984e-05]
[0.00015328808867884347, -0.00010555228526611116]
[-6.372069784708889e-05, 0.00018377380769604365]
[-0.0001612791451979234, -0.00016489288949744774]
[-0.0003273606559520692, 5.317974024383887e-05]
[-0.00015797943326886776, -9.391168657602034e-05]
[-0.00016429744015478143, -0.00017487168623631089]
[-0.00025188701644529576, 5.7254895440561615e-05]
[-8.398919775171043e-05, -0.0001742226894965726]
[-4.322986531270917e-05, 0.00011158988741020656]
[0.0001846918371628259, -4.337917678086389e-05]
[-6.874289545177881e-05, 9.650397777505315e-06]
[-6.814745517846887e-05, 0.00016781132862919712]
[4.121222020150861e-05, 2.1505257236209552e-05]
[-0.0001210712915377804, 0.00011432042916315055]
[-0.0001031054855597513, -0.00011071557465169857]
[-0.0002855785845257697, -1.0772481208815021e-05]
[-3.1736532977139076e-05, -5.243074728535774e-05]
[-9.089955911065206e-05, -0.00016282603712659827]
[-0.00022796730859020453, -0.00010191958938376988]
[-4.786178782417716e-05, -4.996389053507633e-05]
[-0.00014973231685216914, 7.390071853291547e-05]
[3.1421204514412576e-05, -6.128122967452576e-05]
[-0.0001291026144332741, 9.1159923714456e-05]
[-7.442929137352339e-05, 0.0001071443363634128]
[6.25720445109057e-05, 0.00012105737293087449]
[-4.3259746384333164e-05, -1.0991481022157995e-05]
[5.1963731593704376e-05, -0.00015370216854837526]
[-0.00016582129880943208, 0.00010088124341833815]
[-8.528653522660301e-05, -0.00011746609211149561]
[-0.00014255579366632964, -6.008047018707385e-05]
[-0.0002653978084922459, -0.00015009330435163462]
[-0.00015620576665670294, -5.543619656092624e-05]
[-0.0002005549346287272, 0.00017936949284766412]
[-2.042793298800971e-05, -0.0001735255730883692]
[-4.451061966824488e-05, 9.868357816822382e-05]
[7.990639857052839e-05, 4.1912785129438745e-05]
[8.63207887796813e-05, 6.825843075566884e-05]
[-2.3956954858683766e-05, 7.343511558460802e-05]
[1.7848631541264592e-05, -0.00017765264735954828]
[-0.00016421668945708345, 0.0001973467264594006]
[-0.00016541579627188385, -8.808296730583587e-05]
[-0.00026816373788879355, -0.00011343422328966013]
[-0.0001609985931292912, -6.458562732342132e-05]
[-0.00010866702839054665, -0.0001236848263360124]
[-0.00017516550633084327, 0.0001268388491880157]
[4.318483905993431e-05, -0.00016831200227335197]
[-1.617505421589241e-05, 6.6616828854997034e-06]
[9.823558777771399e-05, 0.0001005550559574353]
[-5.0591389882531645e-05, 7.244653655275046e-05]
[-0.00011135481739005249, 0.00011428457030712713]
[1.376125169988418e-05, -7.38140829156797e-05]
[-0.00015159804739203753, 8.258632367846852e-05]
[-7.604495000751443e-05, -4.102651329662699e-05]
[-0.00023009016973857266, -0.00010811957952108764]
[-7.262134294208633e-05, -0.00011024866206411563]
[-9.233412373035876e-06, -7.208450771754166e-05]
[-0.0002304077007359573, -1.686384909399541e-05]
[-6.0249384232935466e-05, -8.48074881562022e-05]
[-9.486725209173485e-05, 7.469943408211499e-05]
[3.10663407495082e-05, 4.046689951742177e-05]
[-9.112005217770669e-05, 0.00013159605304264438]
[-8.60959518867721e-05, 2.062465629093513e-05]
[0.00013698295157119067, -1.142790033412111e-05]
[-3.95931325717358e-05, 5.7553239681755464e-05]
[-4.8412023966618034e-05, -0.0001297084881373145]
[-0.00018561634503377888, 4.070492380697788e-05]
[-0.00011422947269640327, -0.00015270753478952015]
[-0.00010720952684170615, -5.9621123471576e-05]
[-0.0002775468366013334, 6.574394862852995e-06]
[-0.0001491033199795544, -0.00010573027805693691]
[-8.433509276756235e-05, 0.00015843105117147038]
[9.775517948806822e-05, -9.896925570983955e-05]
[-9.827582125351841e-06, 6.771578610420548e-05]
[-1.6009111007408983e-06, 6.842893901687352e-05]
[0.00010865942364629566, -1.8111735359399583e-05]
[-2.7795572040897887e-05, 0.00013427967258522466]
[-0.00010840212682367012, -0.00016621771618777204]
[-0.00025386825323858025, 7.497060874379208e-05]
[-0.00010465938953013731, -4.4276265821346916e-05]
[-0.00016220557805224356, -0.0001435685776699086]
[-0.00019977029037149263, -3.278276597518115e-06]
[-5.49526189213001e-05, -0.0001205597052011953]
[-5.660560158282646e-05, 9.04411220228607e-05]
[0.00010839467993836727, -8.326330700414442e-05]
[-5.939519719668114e-05, 8.814875632146002e-06]
[-1.889981380059219e-05, 0.0001583347537007819]
[-1.4952742850016243e-06, 4.8578439590274414e-05]
[-9.30464428701705e-05, 5.3510558364139316e-05]
[-2.3719522183190955e-05, -9.162767753118084e-05]
[-0.00020883939709960553, 3.588375563473578e-05]
[-4.341584302325341e-05, -2.4701370910096276e-05]
[-9.27696697370084e-05, -0.00012536902673634942]
[-0.00014998546746233798, -0.0001333789218324541]
[-4.358829457282165e-05, -3.5976042415092335e-05]
[-0.00015814149939660793, 7.242738977680796e-05]
[-1.4240126628040084e-05, -6.51306952525188e-05]
[-0.00010683250077908601, 6.5350773070183e-05]
[-1.0726002964794173e-05, 6.300497405598016e-05]
[3.329238970270487e-05, 0.00011817203464831519]
[-5.710586563528741e-05, -1.2642879186203215e-05]
[7.471185966270721e-05, -0.00010155828987203075]
[-8.015184383272644e-05, 0.00011257546733619769]
[-8.33568906820209e-05, -0.00011476592070169822]
[-0.00015766382874121687, -4.575214123492266e-05]
[-0.00016572120505498056, -0.00012233408566153514]
[-0.00012534486293785257, -3.490427551178232e-05]
[-0.00021451241495112905, 0.0001258340651579884]
[-4.0528698219965964e-05, -0.00015448846009380457]
[-1.4251081110527863e-05, 7.657567746818805e-05]
[8.674521682577874e-05, 3.94016173066794e-06]
[3.194409511630969e-05, 7.196430454653457e-05]
[-2.1946417165685794e-05, 8.106554424625045e-05]
[3.737733994890746e-05, -0.00012421171532506214]
[-9.477139059045625e-05, 0.0001430326614422217]
[-0.00012408910509753568, -7.929704037968471e-05]
[-0.00025539947220822035, -5.103931781420476e-05]
[-0.00010902701506257384, -4.194815822655684e-05]
[-6.559484665763504e-05, -0.00011087258937979294]
[-0.0001604801535275424, 4.811030984552822e-05]
[-7.663092580517672e-06, -0.00013598458106678368]
[-1.0984633591781812e-05, 3.7620981397257225e-05]
[9.506400491596234e-05, 5.745062719941796e-05]
[-8.346901800813933e-05, 4.3876377968831565e-05]
[-8.06620810947789e-05, 9.581818977848211e-05]
[4.399038099395236e-05, -1.9072955230348132e-05]
[-0.0001073729078626684, 5.112366463760898e-05]
[-5.8443897869853156e-05, -4.336494091455867e-05]
[-0.00018187632337179904, -3.5799240777067975e-05]
[-4.039637329378287e-05, -9.173797215787649e-05]
[-2.1253284869876543e-05, -8.576833308479581e-05]
[-0.0001873531153020469, -4.863070518446033e-05]
[-7.731998979962351e-05, -3.674199714188281e-05]
[-0.00010783153461965678, 8.256520365068631e-05]
[3.762031803417054e-05, -2.0524993372739164e-05]
[-7.235653894963057e-05, 8.34610780804379e-05]
[-6.567769402786652e-05, 2.6619216380863175e-05]
[0.00010833617270125662, 4.766180392123953e-05]
[-1.1810784267152208e-05, 4.1763160208041494e-05]
[-2.64169113705498e-05, -0.0001378761312866919]
[-0.00013951561182831695, 6.483957176540989e-05]
[-7.605030348687564e-05, -0.00010448179561978188]
[-0.0001223548043244871, -5.504167032349683e-05]
[-0.0002257721014559122, -2.675700505855305e-05]
[-0.00011278257039863682, -6.943328727937459e-05]
[-8.936925073196877e-05, 0.00013007756073511734]
[5.372193972291717e-05, -0.00012771627364784044]
[-3.2046501241833614e-06, 5.25722225037939e-05]
[2.7966010405444663e-05, 7.977369441711235e-05]
[5.5371274135768145e-05, 1.1900657522656566e-05]
[-1.817626197947453e-05, 8.332230045854372e-05]
[-4.286477744197548e-05, -0.00014155479116328973]
[-0.00019663872326698695, 9.35370490360854e-05]
[-9.814682945029352e-05, -1.4395274228501398e-05]
[-0.00014986796800045554, -0.00011247313613261742]
[-0.00013604030500233288, -4.671448565515823e-05]
[-4.057202852342234e-05, -9.856728021734318e-05]
[-7.239550408810747e-05, 7.905370043098658e-05]
[5.121270403163347e-05, -7.861246401957844e-05]
[-5.61946123707191e-05, 3.633220737014886e-06]
[2.510182868298294e-05, 0.00011648204910336135]
[-2.1112856513655354e-05, 5.534095714650883e-05]
[-9.664456619866771e-05, 3.2929744204966e-05]
[1.552929410955639e-05, -5.153258498030722e-05]
[-0.00012679962246364695, 5.5148435211677116e-05]
[-4.8324245315256587e-05, -3.6740078742381055e-05]
[-0.00010482255516171268, -9.864975418050204e-05]
[-8.112148853234302e-05, -0.00011828617961145982]
[-3.985822931926175e-05, -1.957279790404387e-05]
[-0.0001779753753565136, 4.701553064204167e-05]
[-3.481955270437376e-05, -6.172056104402496e-05]
[-7.373883493032307e-05, 5.202422718164623e-05]
[1.1655002951305171e-05, 1.764776929644163e-05]
[3.595352813495767e-06, 0.00011366300158682785]
[-5.004549728758467e-05, 8.338248693784411e-06]
[7.973084443915757e-05, -6.649362453555602e-05]
[-2.70582100699579e-05, 8.458032737468368e-05]
[-6.237963187305517e-05, -0.00010982587421239781]
[-0.0001667444860129763, -4.4259729581747065e-06]
[-0.00011855704767280845, -8.691532567067783e-05]
[-8.960075496683428e-05, -3.655302517702186e-05]
[-0.0001963435069867736, 6.072109063443021e-05]
[-6.485393166450956e-05, -0.0001328014617823503]
[-3.1382728445938923e-06, 8.830361223350833e-05]
[8.493429780248585e-05, -1.704908288760465e-05]
[-1.0116329366538501e-05, 4.6758653655609717e-05]
[-6.276603918525803e-06, 7.661216927412964e-05]
[5.4262366738559026e-05, -7.309512615494285e-05]
[-6.924216980455644e-05, 0.00010105970994145341]
[-9.786617603529946e-05, -6.871700136526493e-05]
[-0.0002118975907187265, 2.394622938495239e-06]
[-7.669200443749524e-05, -3.296520775314393e-05]
[-5.822232779287284e-05, -0.00011759559267458808]
[-0.00012694639702651167, 3.877416004355316e-06]
[-3.050927443587481e-05, -8.578125177616941e-05]
[-3.5438495516015855e-05, 5.1015040603119566e-05]
[8.779604335576452e-05, 9.406807389644722e-06]
[-7.472276584491455e-05, 1.4387048767272592e-05]
[-6.463638210035816e-05, 8.372433398462498e-05]
[3.723191023116343e-05, 3.592100379441396e-05]
[-7.476685362916777e-05, 3.570465461162978e-05]
[-3.636913823626409e-05, -5.9881308742820716e-05]
[-0.0001329383043499055, -2.3308406673361315e-06]
[-1.643893480218761e-05, -6.597274233322015e-05]
[-4.8709508763192244e-05, -7.66785388303104e-05]
[-0.00015557158796963844, -6.637035442538797e-05]
[-6.054022467885667e-05, -9.475200207414991e-06]
[-0.0001144310084974301, 6.976220054077248e-05]
[1.013068386365723e-05, -6.229848333194621e-05]
[-5.016209069280686e-05, 6.816329108305652e-05]
[-3.154571090185909e-05, 3.8222016094158207e-05]
[6.353448902185477e-05, 6.612421347640396e-05]
[-1.8739821203150875e-07, 1.677363477381455e-05]
[1.5374968663550703e-05, -0.00012662455161367714]
[-0.00010680885633324033, 8.168285605009151e-05]
[-7.383921871274846e-05, -6.769631058606285e-05]
[-0.00012243668365718996, -3.834595846487904e-05]
[-0.00016912755043371058, -5.591380023534098e-05]
[-8.74671899883106e-05, -6.242350068136338e-05]
[-9.16653387472155e-05, 0.00011172073832765861]
[1.2014085810974073e-05, -0.00011880982027689946]
[-6.729270362493267e-06, 4.2611831641822806e-05]
[6.214297345850939e-05, 6.193597832158948e-05]
[2.4581192143879882e-05, 1.6942581318707406e-05]
[-3.266598944118293e-05, 5.914927768162215e-05]
[-4.2442083750746096e-06, -9.631443791924266e-05]
[-0.00013306758672643193, 9.970647426965629e-05]
[-9.559981014661822e-05, -1.9934621224265703e-05]
[-0.00014542318054062975, -9.183224098163745e-05]
[-7.398574697084492e-05, -5.025477070718168e-05]
[-3.524992983305886e-05, -7.692616395255092e-05]
[-9.835331912647072e-05, 5.488095128869386e-05]
[2.3126568932579916e-05, -6.583992294015295e-05]
[-4.107020178507892e-05, -7.34856344664081e-07]
[3.7903338218597815e-05, 6.670866015251464e-05]
[-3.694488092748083e-05, 6.159218410456413e-05]
[-8.923785952111296e-05, 4.1190557793002736e-05]
[2.8664896372095766e-05, -2.2420360213333546e-05]
[-6.694538621649856e-05, 3.9298526724506136e-05]
[-3.268910112547152e-05, -4.944965333220086e-05]
[-0.0001166180268571404, -5.630495350981979e-05]
[-4.9535828520741454e-05, -8.778019288813166e-05]
[-2.560234765430769e-05, -1.6875105400437906e-05]
[-0.00017320736234127665, 3.186266527469006e-06]
[-5.580969312946049e-05, -5.695643898145919e-05]
[-5.29836076829035e-05, 6.507177602829012e-05]
[1.823249680573541e-05, -8.224175284732294e-06]
[-2.473231201942372e-05, 8.928428278121014e-05]
[-2.7218102983561643e-05, 1.7436660576214402e-05]
[8.64437260989781e-05, -3.511184838328463e-05]
[-1.2318537001287932e-05, 5.598153791269711e-05]
[-4.696862890174458e-05, -9.686980310173732e-05]
[-0.00014617741370903659, 3.9152894021482476e-05]
[-9.384955595018174e-05, -6.820820108512093e-05]
[-7.754410623736496e-05, -5.439412050340167e-05]
[-0.0001575478152703591, 1.9245346071006253e-05]
[-7.610142695441136e-05, -9.50467898557239e-05]
[-2.0602793990492918e-05, 9.480936509315141e-05]
[8.161216738037519e-05, -4.2678467678525234e-05]
[-1.6835362228351247e-05, 1.606909208008364e-05]
[-1.2958871578594433e-07, 6.951907241271871e-05]
[4.683813628175715e-05, -1.956333516857367e-05]
[-5.253989726036745e-05, 7.961338769625625e-05]
[-7.445573612621659e-05, -7.24745966408924e-05]
[-0.0001618185884360579, 2.4744682590838174e-05]
[-4.86272427964729e-05, -2.0133047276993388e-05]
[-7.402749314870671e-05, -0.00010879861266382962]
[-0.00010190655593059206, -1.911524363153172e-05]
[-2.1585313285082952e-05, -4.882208679011374e-05]
[-5.611928728957438e-05, 4.12241053681095e-05]
[5.7663479409303386e-05, -2.970834323912097e-05]
[-5.442626014900975e-05, 9.443382658957944e-06]
[-4.1046101428077186e-05, 8.171767123243967e-05]
[8.135366975303704e-06, 6.015930073949294e-05]
[-5.3196576212818925e-05, 1.519800312560493e-05]
[2.0643473145343094e-06, -6.31864182729161e-05]
[-9.927926604719542e-05, 1.850162963553184e-05]
[-1.799906652460992e-05, -4.171268033825726e-05]
[-6.10596740567293e-05, -5.3896845740725174e-05]
[-0.00012008022874360202, -8.461444457996681e-05]
[-4.534598854041838e-05, -9.815672356194849e-06]
[-0.00011329934319997959, 6.0643022060935525e-05]
[-2.3933188342983858e-05, -6.801068362896623e-05]
[-4.3132069731877803e-05, 6.204167908239501e-05]
[9.156033208383707e-06, 2.902471757294106e-05]
[3.503386746747661e-05, 5.9496810118908616e-05]
[-1.0083303018715295e-05, 3.846952741720644e-06]
[4.358912735807907e-05, -9.171135113644757e-05]
[-6.788690502530781e-05, 9.123928549803484e-05]
[-7.935430443120617e-05, -6.153097277283859e-05]
[-0.00012159868455210998, -2.8036087357713457e-05]
[-0.0001104771951655481, -5.809489001444568e-05]
[-7.613345713054775e-05, -5.485254649874316e-05]
[-0.00010493699021450753, 8.831617197274655e-05]
[-5.982373320501111e-06, -9.952036936666797e-05]
[-2.050926223989835e-06, 3.150056631007203e-05]
[7.206977041198867e-05, 2.7471978091331284e-05]
[4.479396313400441e-06, 2.2935539435608998e-05]
[-3.964938078512836e-05, 6.34239535972636e-05]
[7.274737055029679e-06, -5.9533000736841646e-05]
[-7.98155607990847e-05, 7.976357969678716e-05]
[-7.529210948168177e-05, -3.31159381181112e-05]
[-0.00014696501432878706, -6.125987465138705e-05]
[-4.089481782693083e-05, -3.1752737901125094e-05]
[-2.3218313289545545e-05, -6.344229784205346e-05]
[-0.00010710399165586582, 1.3817048040310614e-05]
[4.915916960168687e-07, -5.676586122527194e-05]
[-2.860617020986056e-05, 1.351110381109244e-05]
[3.48462540863681e-05, 3.465268612001804e-05]
[-5.545141380106089e-05, 5.2559089026849026e-05]
[-6.48259010902208e-05, 4.469939009149604e-05]
[4.005932383260857e-05, -3.736525841513405e-08]
[-4.368770757218199e-05, 1.640780779871287e-05]
[-1.7736890066503974e-05, -4.8661400335943406e-05]
[-0.00010487294010711606, -8.37137433618712e-06]
[-3.959783683854523e-05, -7.075659433503079e-05]
[-2.241334799754635e-05, -3.0916118499202394e-05]
[-0.00014378173321479004, -2.7647540309927443e-05]
[-7.02285698636479e-05, -3.774457073696391e-05]
[-5.908971932125362e-05, 7.844570025261621e-05]
[2.2906149062071335e-05, -3.149097495319664e-05]
[-2.9058991455270522e-05, 5.639065566661293e-05]
[-1.2375855881208153e-05, 1.7489781158737394e-05]
[7.877334328752761e-05, 2.0505525686331794e-06]
[-7.333687978422487e-06, 4.418640843401045e-05]
[-3.518066393140562e-05, -9.367523377967757e-05]
[-0.0001112997832434029, 5.7824182841170746e-05]
[-7.049186711652333e-05, -5.253755398717391e-05]
[-8.939264121271551e-05, -5.940778439414429e-05]
[-0.000125969812938026, -2.496013789057838e-07]
[-6.202725373126439e-05, -6.158510193523051e-05]
[-4.043938301916128e-05, 8.0172867272299e-05]
[6.093873046175702e-05, -6.85112531876031e-05]
[-5.555863375888981e-06, 6.344041853734161e-06]
[9.188999346178978e-06, 6.983594622916867e-05]
[1.776449179677342e-05, 1.170398277120302e-05]
[-3.8712197734519505e-05, 5.876721925165973e-05]
[-3.86163611104523e-05, -7.245393103447184e-05]
[-0.0001256679372384495, 3.379071361329922e-05]
[-3.973886805472629e-05, -4.129022787568992e-06]
[-8.167300076417083e-05, -8.467200748613068e-05]
[-7.718206097775959e-05, -4.017076239581918e-05]
[-9.115340091681023e-06, -3.955414373463251e-05]
[-6.444093657533012e-05, 3.128820632710555e-05]
[1.882467022930323e-05, -3.920522366748086e-05]
[-4.7321558323834556e-05, 1.4617404412733959e-05]
[-7.284138259122663e-06, 6.82993164935683e-05]
[-1.1828042457445731e-05, 5.713669234264085e-05]
[-5.134697231878871e-05, 5.890119370022262e-08]
[3.331908633502634e-05, -4.177876403738123e-05]
[-6.550983222149143e-05, 3.456485120351127e-05]
[-3.014603385194381e-05, -3.923917506445246e-05]
[-6.5537624274397e-05, -3.6985985952316114e-05]
[-7.771338097173341e-05, -8.6007729680454e-05]
[-4.255931468893914e-05, -1.232336131673506e-05]
[-0.00011970256165907966, 4.936153043372249e-05]
[-3.890399453919391e-05, -5.759569122770758e-05]
[-3.5360297739733815e-05, 5.275330242168752e-05]
[2.9527525342881722e-05, 1.2897931733757417e-06]
[1.91377606958143e-05, 5.4613950619654406e-05]
[-1.840988632960394e-05, 1.4275233955470673e-05]
[4.761875928700754e-05, -5.90041258374252e-05]
[-2.9831331736257516e-05, 7.913488910904487e-05]
[-6.769889804511542e-05, -6.846640604246668e-05]
[-0.00012633184409297643, -1.1738408238093356e-05]
[-7.372997147930827e-05, -3.821753616738838e-05]
[-6.261614598704335e-05, -4.724336932904194e-05]
[-0.00011056742031406719, 4.997124047544793e-05]
[-1.6612029560936215e-05, -8.592244063627616e-05]
[5.425650076607003e-06, 3.468853705068664e-05]
[6.455239062372331e-05, 3.452371551082578e-06]
[-1.6766219317898567e-05, 2.050681314336167e-05]
[-2.744136484223933e-05, 6.773914852342688e-05]
[1.4736444203272692e-05, -3.357031934299315e-05]
[-5.653622537717118e-05, 5.123569361538405e-05]
[-5.278333917019262e-05, -3.401017833123965e-05]
[-0.00013288981180387127, -2.1220335271548985e-05]
[-3.097186069547786e-05, -2.1298086920029657e-05]
[-1.6768966477981317e-05, -6.672668387086578e-05]
[-9.000097841518895e-05, -1.9363520036091986e-05]
[-1.921232568144471e-05, -3.938791330770908e-05]
[-3.6961790698106234e-05, 3.2054266265603426e-05]
[3.2252280573255576e-05, 1.0947783089007568e-05]
[-5.844359896139961e-05, 3.0717261955595654e-05]
[-4.4439990652012096e-05, 3.8265993139066645e-05]
[4.2324301047051704e-05, 2.7425663699010006e-05]
[-3.5318495617164825e-05, 7.6066842846778115e-06]
[-8.475178493061453e-06, -5.006876758278933e-05]
[-7.63845837978977e-05, 1.8888894099178266e-05]
[-2.9193389485225596e-05, -6.009287460922996e-05]
[-3.924927700329345e-05, -3.8055834904023034e-05]
[-0.00011591795724213982, -3.860388736048881e-05]
[-6.28916055951112e-05, -1.5685027341852398e-05]
[-7.29312284244582e-05, 7.155238362960281e-05]
[1.429470502585517e-05, -5.677650094121356e-05]
[-1.5121929527323053e-05, 4.0316926162436983e-05]
[-9.654131238046038e-07, 2.1752806301539307e-05]
[5.0957014590869223e-05, 2.6560009599543508e-05]
[-5.478682964521475e-07, 3.491463698991962e-05]
[-1.2459689840094157e-05, -9.217697456037621e-05]
[-8.479109968206888e-05, 6.07803105589777e-05]
[-5.864778796049741e-05, -3.365070929578495e-05]
[-9.816481169398761e-05, -4.6071747438314326e-05]
[-0.00010006728330577697, -1.6486798861223284e-05]
[-4.232147616295423e-05, -5.108477638485209e-05]
[-4.8541377291745624e-05, 6.242301476822032e-05]
[2.850334160003909e-05, -7.325101347033236e-05]
[-2.8747442440135718e-06, 1.0135011821454931e-05]
[3.028470344296208e-05, 6.286174936850908e-05]
[-5.892020789849406e-06, 1.581046604393066e-05]
[-3.865953274083053e-05, 3.9660422720244615e-05]
[-5.184669311236734e-06, -5.1865985094039224e-05]
[-9.40548951406106e-05, 4.21108067243936e-05]
[-4.505385833725173e-05, -3.3036839501981996e-06]
[-7.957443548933796e-05, -6.389065470761499e-05]
[-4.479593785338548e-05, -4.988768864516713e-05]
[-8.581894644477117e-06, -3.8426460295643006e-05]
[-7.445537409961345e-05, 2.3064878116957344e-05]
[-3.9543327385385685e-06, -3.0391508908544917e-05]
[-4.380641085485748e-05, 1.4915074555543056e-05]
[1.3358821604220195e-05, 3.835918504942887e-05]
[-1.9138338708812874e-05, 5.19778338933935e-05]
[-5.346410527609646e-05, 5.058405558602819e-06]
[4.191019769952953e-05, -1.646381588144008e-05]
[-3.0272494653066362e-05, 3.3072740344142204e-05]
[-2.777987524138492e-05, -5.0390336008621084e-05]
[-7.383274483918623e-05, -1.9933599639698762e-05]
[-4.872481386139493e-05, -6.661899928737947e-05]
[-3.889029600230576e-05, -1.026958364729047e-05]
[-0.00012398586099093833, 2.3732495837758272e-05]
[-4.343886184998702e-05, -5.065482356589324e-05]
[-2.373700886890151e-05, 5.211484390615917e-05]
[2.9270345642345985e-05, -2.0964984568661027e-05]
[2.411826776682613e-06, 4.849823115479768e-05]
[-9.695456419975268e-06, 2.7495792172399502e-05]
[4.568569522137456e-05, -3.729306939202065e-05]
[-1.3284587476208864e-05, 5.521635850617643e-05]
[-4.857574055253111e-05, -6.652745139484884e-05]
[-0.0001197637899252868, 1.5783240593675307e-05]
[-6.0329286891119827e-05, -2.3087325291826222e-05]
[-5.1501628084676954e-05, -5.1688990803766544e-05]
[-9.42414300150185e-05, 1.4933739786213152e-05]
[-2.8427865607902336e-05, -6.889143266849973e-05]
[-2.7729303407886263e-06, 4.632481139547548e-05]
[5.7201089246464165e-05, -1.0981527615895603e-05]
[-2.7065261769446125e-05, 5.010296582619311e-06]
[-1.3163412593608648e-05, 6.075008749284461e-05]
[1.8390420488234582e-05, -5.888649393048784e-06]
[-5.037794012456229e-05, 3.553696957253605e-05]
[-3.798463785556483e-05, -3.27843052097751e-05]
[-0.00010259350301781989, 5.2511910392794015e-06]
[-2.2934831219734164e-05, -1.9047240057690207e-05]
[-2.8089588659241382e-05, -6.930328761336688e-05]
[-6.859873663408664e-05, -3.303668901533108e-05]
[-2.130344422121566e-05, -1.7574415938026444e-05]
[-5.473545305678673e-05, 3.328369198854486e-05]
[2.255795922802284e-05, -1.441376071042999e-05]
[-4.395415105064304e-05, 1.8925728727664515e-05]
[-3.07681919028413e-05, 3.502296757838114e-05]
[2.546569356795536e-05, 4.8163704364820314e-05]
[-2.5212118572731645e-05, 4.215900880098072e-06]
[8.106204593211208e-06, -5.438663512097319e-05]
[-5.283006550260705e-05, 2.70010347477867e-05]
[-2.3036549518434812e-05, -4.5534926491813676e-05]
[-5.60996636993355e-05, -2.7577259666344833e-05]
[-9.535598538655543e-05, -4.534963577006168e-05]
[-4.589199550690537e-05, -1.026611508221642e-05]
[-7.718467033594745e-05, 5.6402459663984494e-05]
[-7.776113157609288e-06, -6.648085334073905e-05]
[-6.937863990530424e-06, 4.0100240810581056e-05]
[1.888313409074971e-05, 2.186095978012892e-05]
[2.4317520081112987e-05, 2.7932287394422106e-05]
[-2.2261159301206757e-06, 2.356288083096847e-05]
[1.2928844962995997e-05, -7.439810723710791e-05]
[-6.382016856129775e-05, 6.362965871441889e-05]
[-6.0777772108819295e-05, -2.6001222227040044e-05]
[-9.545061255517018e-05, -3.138714898812123e-05]
[-6.886866279345871e-05, -2.6687412997827842e-05]
[-3.487444501081016e-05, -5.1583102134933334e-05]
[-5.5262440820574854e-05, 4.948831880928484e-05]
[6.638114740387113e-06, -5.97780656419189e-05]
[-6.435263019508031e-06, 1.0851591108952674e-05]
[4.548668070049333e-05, 3.9859937850012656e-05]
[-1.5305936864620784e-05, 1.3567350280907498e-05]
[-4.414867651422738e-05, 3.678346968696844e-05]
[8.491292430551356e-06, -2.4348619950542716e-05]
[-6.062985487266179e-05, 3.950663917301478e-05]
[-4.1592460770484285e-05, -1.631662702472267e-05]
[-8.058633201593612e-05, -4.620320439777115e-05]
[-1.9892400974746982e-05, -3.99468878994752e-05]
[-9.88207887332726e-06, -3.284913881532528e-05]
[-8.405543634455725e-05, 3.868859263789215e-06]
[-1.2739546295520432e-05, -2.3787808450637105e-05]
[-3.54488251354812e-05, 1.81556007772532e-05]
[1.3767054492165587e-05, 1.0952582815471068e-05]
[-2.6897576761608644e-05, 4.861721092597193e-05]
[-4.226846238006288e-05, 1.7216815671017294e-05]
[4.068562014426791e-05, -1.0067023160920119e-06]
[-1.1033514030228675e-05, 1.7426426713523097e-05]
[-1.3993993555484752e-05, -5.4445474346520584e-05]
[-7.48550532108927e-05, 5.8620012614307715e-06]
[-4.031156952272186e-05, -4.791913886340038e-05]
[-3.377993650111044e-05, -1.551268266433703e-05]
[-0.00011032853918831881, -4.021057569338071e-06]
[-4.973071436001342e-05, -4.240006455266676e-05]
[-2.408401877337929e-05, 6.063463117922385e-05]
[2.5990615205251366e-05, -3.2382768509045534e-05]
[-8.252021669097331e-06, 3.219646699570422e-05]
[4.224892579882122e-06, 2.8234652762804124e-05]
[4.385173817325616e-05, -1.564406536570806e-05]
[-1.392867755346805e-05, 4.0371076864192945e-05]
[-3.572032296766253e-05, -5.9860613861040246e-05]
[-9.626599628867819e-05, 3.648871694496639e-05]
[-5.15693374363857e-05, -1.8923183986080394e-05]
[-5.536067896777519e-05, -5.82079138758268e-05]
[-7.060086002691479e-05, -2.13229962514605e-06]
[-2.9230656583098535e-05, -4.691695133302032e-05]
[-2.2079005863123724e-05, 4.611945260289685e-05]
[4.7042067443561764e-05, -2.713114993127541e-05]
[-2.0287366993700096e-05, -5.61346164373519e-06]
[-5.092427715805425e-06, 5.3970219877783054e-05]
[6.795026014638772e-06, 1.79147797760848e-05]
[-4.265224532712386e-05, 2.8792093719559597e-05]
[-2.046557954799022e-05, -3.546593033176837e-05]
[-7.508176331857963e-05, 1.2756604933494842e-05]
[-1.5806059814382767e-05, -1.3070722950446478e-05]
[-4.368241451407906e-05, -5.676283723640707e-05]
[-5.442148063521113e-05, -3.954672953248445e-05]
[-1.0733427247694438e-05, -8.62805751535023e-06]
[-6.377488131756315e-05, 2.2590025243574008e-05]
[1.1320568805150977e-06, -2.9226031312251655e-05]
[-3.175462895987913e-05, 2.244930742592577e-05]
[-1.2202616106724018e-05, 3.189501029271513e-05]
[4.510342070038198e-06, 4.9357455783615584e-05]
[-2.0311888266164035e-05, -2.04288721157575e-06]
[2.955688907058107e-05, -4.586130172937186e-05]
[-3.638668295138925e-05, 3.2398477917007507e-05]
[-2.7961722289750537e-05, -3.7280358674340874e-05]
[-6.032435499264688e-05, -1.3066080687323955e-05]
[-7.122198794470846e-05, -5.012849669619457e-05]
[-3.848665195081008e-05, -1.657762366646942e-05]
[-7.797407173851245e-05, 4.5407490122481575e-05]
[-2.4546865713181987e-05, -5.7236938024146644e-05]
[-8.03100318078065e-06, 3.9241635440584455e-05]
[3.6566859168502e-05, 7.212103513329349e-06]
[1.1935203812096784e-05, 2.1128712337115108e-05]
[-1.0452789299134069e-05, 2.254164597842445e-05]
[2.341030993319171e-05, -4.693335142288979e-05]
[-4.024170503674762e-05, 6.0652230039620614e-05]
[-5.860631034489486e-05, -3.2961527488051257e-05]
[-9.29637338028394e-05, -2.0157634656304754e-05]
[-4.157137903823549e-05, -2.0809453020964597e-05]
[-3.31079066658857e-05, -4.7953542767265045e-05]
[-6.33050141396474e-05, 3.034572069671171e-05]
[-9.336270837684291e-07, -4.737126802017988e-05]
[-5.407725177958289e-06, 1.1659653272565185e-05]
[4.281441845284395e-05, 1.5283782809072388e-05]
[-2.2382707700122073e-05, 1.4159659296564958e-05]
[-3.836756469115937e-05, 4.4137100939745794e-05]
[9.695911744600494e-06, -6.239645688577156e-06]
[-3.837296304712301e-05, 2.3609883268466136e-05]
[-2.5917309044692916e-05, -2.4790396184859453e-05]
[-7.929192046958813e-05, -2.2272809274359595e-05]
[-1.3250249041918405e-05, -2.5865574687505832e-05]
[-8.284773716199512e-06, -3.145354375777565e-05]
[-7.883303046869738e-05, -2.0420109219071447e-05]
[-2.0973725043393898e-05, -1.8852922469777406e-05]
[-3.4069928623689516e-05, 2.9085961954306017e-05]
[8.992389402495693e-06, -4.6212909387832735e-06]
[-3.2842022737455956e-05, 3.744375111325304e-05]
[-2.4355262804122424e-05, 1.905101685356625e-05]
[3.9816339229795106e-05, 1.2591800578217599e-05]
[-9.609733676640975e-06, 6.720406527528644e-06]
[-4.0169687133828624e-06, -5.075082615768611e-05]
[-5.9507132208230784e-05, 2.8328592636746308e-05]
[-3.763468436654947e-05, -4.0931164349222726e-05]
[-3.9027028018528975e-05, -2.4801606726604364e-05]
[-8.676756287950838e-05, -1.7381644832809018e-05]
[-5.003845404560198e-05, -2.8089594132557627e-05]
[-3.7441617765462953e-05, 6.142848878593413e-05]
[2.1793402757833147e-05, -4.350953079836767e-05]
[-4.296898115860315e-06, 1.7418480095870992e-05]
[1.2194063065101846e-05, 2.491904924328825e-05]
[3.179488465359509e-05, 5.1806102275286925e-06]
[-1.3695603188576544e-05, 3.551775459026407e-05]
[-2.288335292677246e-05, -5.70442564259005e-05]
[-7.173905512576628e-05, 4.0281528292440694e-05]
[-4.1990521971159434e-05, -1.3917984693082724e-05]
[-6.653338497809684e-05, -5.123926636968826e-05]
[-5.423651391227302e-05, -9.673737054821663e-06]
[-1.7662882862201634e-05, -3.424802976513541e-05]
[-3.474920147528149e-05, 3.329812226282591e-05]
[2.696728622589295e-05, -3.814360704712527e-05]
[-1.164531353509135e-05, -1.6295045769249006e-06]
[5.740877247223386e-06, 4.94384756713484e-05]
[-1.1798157828726147e-05, 2.484601695625782e-05]
[-3.612512994443512e-05, 2.072743493884005e-05]
[2.146422279108995e-06, -2.9917435423243433e-05]
[-5.6403546393773984e-05, 1.562918762740284e-05]
[-1.759579726956506e-05, -8.784203809342195e-06]
[-4.855224047097678e-05, -3.833978538297922e-05]
[-3.8857428544702977e-05, -4.512534019090325e-05]
[-6.1279551299697754e-06, -1.2707441767595418e-05]
[-6.633079150736299e-05, 1.4159656738975401e-05]
[-1.7795026999556374e-05, -2.5870408446159593e-05]
[-2.9861164063040013e-05, 2.6797307385417746e-05]
[6.831088332992508e-06, 1.7446405676829757e-05]
[-4.63510133663636e-06, 4.057317506536706e-05]
[-2.3311033222058603e-05, -2.3203426756102097e-06]
[3.980968226199866e-05, -2.520941869838325e-05]
[-1.843851952583464e-05, 3.472731379680627e-05]
[-3.142162017216732e-05, -4.235983310668656e-05]
[-6.078954738453213e-05, -2.816798038204199e-06]
[-4.7254320256996316e-05, -4.323193408678483e-05]
[-3.8665848685448534e-05, -1.9466157056668987e-05]
[-8.100930375784521e-05, 3.140666645909396e-05]
[-2.8147401276053252e-05, -4.5779108612670205e-05]
[-7.319336390698705e-06, 3.6502759472874236e-05]
[3.8234988431508354e-05, -1.2334674194477285e-05]
[4.636070716934615e-06, 1.8144544647186178e-05]
[-1.0048117140060153e-05, 3.172551748176211e-05]
[2.102766034164233e-05, -2.6814056719892676e-05]
[-2.2741562332687093e-05, 4.573971987112402e-05]
[-4.407627028504835e-05, -3.899346475381982e-05]
[-9.083381021360304e-05, -4.104142438593472e-06]
[-3.0649187974331193e-05, -8.233347770159744e-06]
[-2.9073455998210665e-05, -4.480458292451146e-05]
[-6.065371425924282e-05, 5.15729485234262e-06]
[-6.40860793710285e-06, -3.9659640437644805e-05]
[-6.7411225372349115e-06, 1.933445983759441e-05]
[3.3153081299308607e-05, 1.1403711212554235e-06]
[-2.9392856267990153e-05, 9.58241340674737e-06]
[-2.356352150416352e-05, 4.443057370306924e-05]
[1.043762313631541e-05, 6.872141875297749e-06]
[-3.3186531024534394e-05, 1.0099470299632096e-05]
[-1.2145743643859896e-05, -2.4061483222870272e-05]
[-6.468594255348847e-05, 9.994821667802523e-07]
[-1.404239856092615e-05, -2.1694476713934874e-05]
[-1.3503147841355256e-05, -3.5922250713749104e-05]
[-6.148325729934956e-05, -3.339153289682109e-05]
[-2.596508719300561e-05, -8.676635456450477e-06]
[-4.5243755191395896e-05, 3.5011407011786844e-05]
[5.3447113222554465e-06, -1.690432052334906e-05]
[-2.7473307033100414e-05, 2.4400457071194204e-05]
[-1.2006154352151022e-05, 1.4398879746635451e-05]
[3.212215311032551e-05, 2.7484890541551454e-05]
[-1.0097966391507326e-05, 6.059875688996241e-06]
[3.7022278535775444e-06, -4.875108232246621e-05]
[-3.962685767910923e-05, 3.5397627193518855e-05]
[-3.228480600521444e-05, -3.611277241968858e-05]
[-5.2078521815226986e-05, -2.328584401918403e-05]
[-6.886329262935191e-05, -2.037990822315039e-05]
[-3.9015642887108015e-05, -1.876930038913205e-05]
[-4.771370947645459e-05, 4.93944625001852e-05]
[8.96553393310573e-06, -5.252411199449525e-05]
[3.872721892853037e-06, 1.627518712804185e-05]
[2.0106112502631113e-05, 2.382379715893529e-05]
[1.1851536072179925e-05, 1.2945826548968475e-05]
[-1.0981608796922782e-05, 3.0225370431759963e-05]
[-4.536142968525336e-06, -5.01761067723816e-05]
[-5.568942371068919e-05, 3.783400613804888e-05]
[-3.904485558492432e-05, -8.354254574086117e-06]
[-6.971100548083808e-05, -3.559100856290187e-05]
[-3.98951822145506e-05, -1.6495014047962497e-05]
[-9.493973873564432e-06, -3.481598030460019e-05]
[-3.9007289281189905e-05, 2.1277037427686052e-05]
[6.77890015168825e-06, -3.4127096236458154e-05]
[-1.2142525610200905e-05, 5.568545715844975e-06]
[1.9350093828737758e-05, 3.664299152034145e-05]
[-2.1039052122556745e-05, 1.989122693046852e-05]
[-3.6721217335264345e-05, 1.618721733337436e-05]
[1.6404281961968775e-05, -1.2288714388951696e-05]
[-3.846643666141972e-05, 1.7987194118156136e-05]
[-2.0853969848688703e-05, -1.5367910718544486e-05]
[-4.746434777061492e-05, -2.4654938207260835e-05]
[-2.0939673635797518e-05, -4.198174207495353e-05]
[-1.0100110021345199e-05, -1.5820016877776677e-05]
[-7.008170931968594e-05, 5.346568526562456e-06]
[-2.4034833538688627e-05, -1.7117433806598803e-05]
[-2.8921322288939788e-05, 2.701331606100657e-05]
[1.269817680865648e-05, -3.218864405261923e-06]
[-7.102570012844367e-06, 3.5063001686264084e-05]
[-2.1580092376599636e-05, 7.008137207109577e-06]
[3.679329413225352e-05, -8.342887264339849e-06]
[-3.4706333640385084e-06, 2.6442638920265438e-05]
[-2.2911378378176472e-05, -4.897248062084476e-05]
[-6.202932947174666e-05, 9.791940550708811e-06]
[-3.624495851381471e-05, -2.8785790397230226e-05]
[-3.6933190699153795e-05, -1.9547095849540078e-05]
[-7.72314545543825e-05, 1.0627857845613153e-05]
[-2.836343663048524e-05, -3.980288959551381e-05]
[-6.67884216509762e-06, 3.9355451561723376e-05]
[3.0255655948732696e-05, -2.3438038142281625e-05]
[-3.502565471186214e-06, 1.3523540516785504e-05]
[7.401774495471858e-07, 3.616537706987652e-05]
[1.7742387318692154e-05, -1.3908761589923047e-05]
[-1.963744557242908e-05, 3.0435208914037643e-05]
[-2.8674049684991598e-05, -3.613999980495164e-05]
[-7.842303167340803e-05, 1.3914756268051942e-05]
[-2.9376103734185532e-05, -3.695718696419825e-06]
[-2.9516454035066753e-05, -4.71321793276136e-05]
[-4.576679957881552e-05, -1.1494532864083501e-05]
[-1.116779955296493e-05, -2.8914306057274686e-05]
[-1.8693368165789703e-05, 2.5092877525167978e-05]
[2.587431459169509e-05, -8.134128243290906e-06]
[-2.7475951500502416e-05, 9.832372799833955e-07]
[-1.2296726699792537e-05, 3.6846433820819646e-05]
[7.139754045842883e-06, 2.118100554052149e-05]
[-3.256948165186735e-05, 7.187045670958847e-06]
[-3.018983575932971e-06, -2.2938547352007593e-05]
[-4.3748629803549294e-05, 1.1178270385485412e-05]
[-1.1731135498682654e-05, -2.1597361004072058e-05]
[-2.6749960593847044e-05, -3.355886698198918e-05]
[-4.6859842515012406e-05, -3.489967236608438e-05]
[-2.0755109838788144e-05, -5.171140315951561e-07]
[-5.610943384282141e-05, 2.8204371344049683e-05]
[-4.258103181067896e-06, -2.8059443318850796e-05]
[-1.6694599380390196e-05, 2.2227664011118323e-05]
[-2.4513233101014498e-06, 1.1831054616891212e-05]
[1.5929225925415125e-05, 3.3246491624089325e-05]
[-6.7981775821734924e-06, 5.943542401465329e-06]
[1.6375533508361517e-05, -4.485246728339054e-05]
[-2.7125021257167273e-05, 3.389732957986835e-05]
[-3.03926529418852e-05, -2.951723089197368e-05]
[-5.895627737617648e-05, -1.1289698604394216e-05]
[-5.5377280273272156e-05, -2.3030767250631357e-05]
[-2.8560101945976357e-05, -2.1222807850629702e-05]
[-4.921475158704315e-05, 3.592743664043718e-05]
[-6.837873491233326e-06, -4.950970315209524e-05]
[4.004521971107122e-06, 2.1229066806321972e-05]
[3.1123015054028424e-05, 1.6881457986756e-05]
[-1.157942901952591e-06, 8.464970447367992e-06]
[-1.3118755581104091e-05, 2.587783925023235e-05]
[8.99124931738604e-06, -3.26807804231638e-05]
[-4.177338069005776e-05, 3.6431839212203165e-05]
[-3.955411163619055e-05, -1.1582674878302113e-05]
[-6.565285260706766e-05, -2.3268321354130705e-05]
[-2.3040103784177646e-05, -1.7272660348760516e-05]
[-1.1044582878663722e-05, -3.675904227673499e-05]
[-4.315471319776831e-05, 1.1440034400407584e-05]
[-2.0315502292436727e-06, -2.309691122209627e-05]
[-1.529884866859066e-05, 7.856774497161378e-06]
[2.3660024489863263e-05, 1.6508791414092394e-05]
[-2.1844640902352053e-05, 1.6429680698398785e-05]
[-3.5531536949989784e-05, 2.0694762183470772e-05]
[1.7067221162098134e-05, 4.3593287780280265e-06]
[-2.1989534007893496e-05, 1.2516191426337198e-05]
[-1.4211794869550473e-05, -2.5225666092764526e-05]
[-4.7353296455575344e-05, -1.1404028872796096e-05]
[-1.2154622391499781e-05, -3.046408912898979e-05]
[-1.3062804589958343e-05, -1.49037350083564e-05]
[-6.938244430253204e-05, -9.78340099627717e-06]
[-2.4752726768245692e-05, -1.3561752131907578e-05]
[-2.6763663558443396e-05, 3.0275713002132776e-05]
[7.30916617246169e-06, -1.6786302994453717e-05]
[-1.1107420094524922e-05, 3.0451941724390225e-05]
[-9.826127565441822e-06, 1.4132300675349235e-05]
[3.1539453926476835e-05, 6.533936718622346e-07]
[-5.019949252116351e-07, 1.4744269937416732e-05]
[-1.0476726844704798e-05, -4.699089545232016e-05]
[-5.552758661259323e-05, 2.5349340327968095e-05]
[-3.581835063558303e-05, -2.0553151125504016e-05]
[-3.6857567392717394e-05, -2.3344264831470785e-05]
[-6.216951899468137e-05, -5.228264158087248e-06]
[-2.9587255343549446e-05, -3.253827821226088e-05]
[-1.4871629403945263e-05, 4.278294401369176e-05]
[2.3812545011825392e-05, -2.854395723406178e-05]
[-5.306406181210255e-06, 4.8305218675881445e-06]
[1.0172828384294452e-05, 3.1400270578768597e-05]
[1.3215766836660592e-05, -5.808434081818609e-07]
[-2.2390551863066266e-05, 2.517686211981479e-05]
[-1.8734467078257433e-05, -3.1531930537953556e-05]
[-5.819771157472564e-05, 2.206445585671915e-05]
[-2.5939370882254592e-05, -5.166894104791098e-06]
[-3.824801035501313e-05, -4.5647417759892006e-05]
[-3.140329213840998e-05, -1.5758205976532103e-05]
[-8.14279942235735e-06, -1.8390428742326437e-05]
[-3.248726723537043e-05, 1.963536443760211e-05]
[1.5804218188728708e-05, -1.7167791161834187e-05]
[-1.873613198100088e-05, 1.276539858541259e-08]
[-5.0554171592276376e-06, 3.047854105935749e-05]
[-4.239471515649074e-06, 2.9179797778389194e-05]
[-2.7971196457338143e-05, 6.970917780013686e-06]
[8.93040856969618e-06, -2.1407247201024604e-05]
[-2.928826282010133e-05, 1.1348053251120094e-05]
[-1.035690994781284e-05, -1.8947259586149512e-05]
[-3.601847398650333e-05, -2.0723947351454497e-05]
[-3.7548289119060385e-05, -3.5225355743156994e-05]
[-1.3177392188645776e-05, -2.758974082972543e-06]
[-5.803519845971883e-05, 1.7444778925346238e-05]
[-1.820206046115186e-05, -2.963277333306591e-05]
[-1.2818091229882533e-05, 2.7682867056358362e-05]
[9.367060131035276e-06, 6.414204888408048e-06]
[3.479778290696456e-06, 2.720455735500879e-05]
[-6.454311638683097e-06, 4.696357871383783e-06]
[2.7326781141048806e-05, -3.160443952274217e-05]
[-1.8153393543551832e-05, 3.303314523100953e-05]
[-3.2287971074018706e-05, -2.9171553410395346e-05]
[-5.7229578318256785e-05, -7.08760751338966e-07]
[-3.999677408278446e-05, -2.2641025646885984e-05]
[-2.7632656396422983e-05, -2.6388224385734405e-05]
[-4.952319050512133e-05, 2.5718989327919162e-05]
[-1.3704106919920633e-05, -3.818741291409036e-05]
[-3.773144101534842e-07, 2.201982814742376e-05]
[3.574765934635793e-05, 1.6980366759067334e-06]
[-4.377188979193258e-06, 4.121573456306038e-06]
[-1.5362458521097494e-05, 2.8857895109091203e-05]
[9.960264418254483e-06, -1.402216469301859e-05]
[-2.7781555565924154e-05, 3.0378419721040217e-05]
[-3.26455934434311e-05, -2.0045053246847688e-05]
[-6.21091174072691e-05, -1.3049072530735978e-05]
[-1.241451833568219e-05, -9.643388001634445e-06]
[-1.3829573465740097e-05, -3.424037435958982e-05]
[-4.4894429419295445e-05, -2.7435630259448063e-06]
[-3.710800971029604e-06, -1.6857615261323122e-05]
[-1.630160099042738e-05, 1.0859204013970863e-05]
[1.6772864164581874e-05, 1.433058790165781e-06]
[-2.343693821478532e-05, 1.5174959293151602e-05]
[-2.494765517765951e-05, 2.5688073833518565e-05]
[1.3570470885571062e-05, 1.28073892456948e-05]
[-1.5529854463153248e-05, 2.1412737785109215e-06]
[-1.9529810570406703e-06, -2.7108567086917e-05]
[-4.250435952521392e-05, 4.681145310464485e-06]
[-1.4050578791751766e-05, -2.258879617554263e-05]
[-1.5249258786660669e-05, -1.6335103276709367e-05]
[-5.8138412010480534e-05, -2.314761069682758e-05]
[-2.6557196439236375e-05, -1.0596794548775601e-05]
[-3.118778781049936e-05, 3.5218140162884826e-05]
[1.996797708646303e-06, -2.2810953121482624e-05]
[-1.1915659572259152e-05, 2.2264292941158448e-05]
[2.165352279703825e-06, 1.1996302137717851e-05]
[2.663824991849112e-05, 9.175306465616928e-06]
[-4.588057868029627e-06, 1.1153838458854287e-05]
[-2.8303558465073153e-06, -4.141434723817228e-05]
[-4.0167349298042554e-05, 3.3576089864886804e-05]
[-3.415590771765897e-05, -1.9848322816262698e-05]
[-4.404116267752757e-05, -2.5310305985709602e-05]
[-4.589462038868952e-05, -9.274712385655762e-06]
[-2.5744354435447425e-05, -2.372053494517634e-05]
[-2.7114751906184842e-05, 3.6950348012668166e-05]
[1.6691243570593484e-05, -3.368862679257317e-05]
[3.7228253458448934e-07, 1.3569268193514006e-06]
[1.4799678902638336e-05, 2.574170892769012e-05]
[2.2846447384483604e-06, 9.035841374210873e-06]
[-2.109160179487521e-05, 2.4544857272879028e-05]
[-8.088830411062675e-06, -2.7882765258155362e-05]
[-4.259185415066841e-05, 2.0066080100480943e-05]
[-2.175069985987932e-05, -4.728826613648041e-06]
[-4.5606780096060784e-05, -3.412605175769426e-05]
[-2.300479008829348e-05, -1.7105219846547115e-05]
[-1.273087360018077e-06, -1.690442238999612e-05]
[-3.776909760738745e-05, 8.753873076389196e-06]
[1.2048517279844573e-06, -1.9492774108786914e-05]
[-1.4827474504611193e-05, 7.252312121008853e-06]
[3.879322455650758e-06, 2.380779051941624e-05]
[-1.4615077451693437e-05, 2.5740015017858275e-05]
[-2.4369275862412554e-05, 4.9999004758521925e-06]
[2.0889380877325836e-05, -1.2255010736705874e-05]
[-2.030172856620771e-05, 1.1249141634805948e-05]
[-1.276178705020281e-05, -1.9477997671976666e-05]
[-3.629900264441599e-05, -7.71788716116828e-06]
[-2.7102395781077385e-05, -3.459257529609197e-05]
[-1.3526019933038542e-05, -9.267897896963681e-06]
[-5.6920943241695054e-05, 9.750542058512002e-06]
[-2.5380297362015414e-05, -2.1970697277370888e-05]
[-1.5132541177048653e-05, 2.9923687859784165e-05]
[1.6853040697012434e-05, -6.635286826095488e-06]
[6.330022016276526e-07, 1.9979758312339835e-05]
[-7.982174616533166e-06, 8.635422371866541e-06]
[2.7380940642918183e-05, -1.5017212027328836e-05]
[-8.277055384260656e-06, 2.9648236054259647e-05]
[-2.859841472804131e-05, -3.513392742499066e-05]
[-5.445361073522226e-05, 6.4840385874953554e-06]
[-2.820055996273496e-05, -1.4971269688635047e-05]
[-3.0022766197124184e-05, -2.6630732901017362e-05]
[-4.940031962578917e-05, 1.3067792048623156e-05]
[-1.277062219824654e-05, -3.0246480787879393e-05]
[-2.872315190485808e-06, 2.174188094161006e-05]
[2.951267057278717e-05, -1.1113681626574723e-05]
[-6.6580910996968945e-06, 3.2565460938993596e-06]
[-9.182672558366578e-06, 3.386598161411736e-05]
[5.447264720515044e-06, -3.276864972034943e-06]
[-2.118512130337008e-05, 1.9135506652528944e-05]
[-1.9257599475963616e-05, -2.2352089376370676e-05]
[-5.634874552178093e-05, -1.059172580544776e-07]
[-1.2419047655892745e-05, -3.334707644173096e-06]
[-1.4856586910153013e-05, -3.258451329125542e-05]
[-3.7412462668095364e-05, -1.6959025912338666e-05]
[-6.14166844790931e-06, -1.3506786685296701e-05]
[-2.117536688733823e-05, 1.6247310006156646e-05]
[8.761832096804145e-06, -5.3147533592423635e-06]
[-2.4140130580802e-05, 1.0876931382866606e-05]
[-1.2141854615496661e-05, 2.2576295503758462e-05]
[1.0989578708278658e-05, 1.9058815420733288e-05]
[-1.721377571162197e-05, -2.041546915534931e-06]
[6.348366329997357e-06, -2.3478595819997894e-05]
[-2.9269652170121896e-05, 1.551105267375008e-05]
[-1.5951624869309233e-05, -2.2432400431093846e-05]
[-2.297325409877926e-05, -1.780695212910688e-05]
[-4.3670209613683175e-05, -2.6064046703997562e-05]
[-2.5150107779267974e-05, -5.160264088956146e-06]
[-4.0918197862699346e-05, 3.251278957763781e-05]
[-2.349689714964409e-06, -2.800116116125073e-05]
[-5.845185775496531e-06, 1.7056693030176318e-05]
[8.533106320991746e-06, 7.076759374724517e-06]
[1.692990008839157e-05, 1.6378687284351878e-05]
[-5.458918366188503e-06, 1.3337129902812883e-05]
[3.874242837580838e-06, -3.7098264865888936e-05]
[-2.6868156926290743e-05, 3.156703444978301e-05]
[-2.9954767846382402e-05, -1.8723573300211127e-05]
[-5.166163658967826e-05, -1.806116094295318e-05]
[-3.5769649648575985e-05, -9.002334005997481e-06]
[-1.759122132782842e-05, -2.1637081708464345e-05]
[-3.254601091258469e-05, 2.470418098094937e-05]
[5.072522350879627e-06, -3.467619224163665e-05]
[3.366986378573744e-06, 6.436160551667736e-06]
[2.0167219610664477e-05, 2.088461605115853e-05]
[-9.227193388361421e-06, 8.372960979025068e-06]
[-1.8513769799749502e-05, 2.2049357003034453e-05]
[3.7358339143034325e-06, -1.8898602329092684e-05]
[-3.3640911159045495e-05, 1.7111984120604662e-05]
[-2.1224356956284218e-05, -5.241342549752032e-06]
[-4.4600995657513576e-05, -2.045049589990272e-05]
[-1.4971620122636309e-05, -1.8632010581595693e-05]
[-7.453299503967781e-07, -2.1291979006972384e-05]
[-3.7998918635267706e-05, 6.879467955578367e-07]
[-8.657616533208623e-06, -1.2917320595939863e-05]
[-1.7753043377671807e-05, 1.2601324639274769e-05]
[1.063133236145486e-05, 1.0967430809472045e-05]
[-1.6308529186249976e-05, 1.920892822298431e-05]
[-2.3531480420967144e-05, 6.58155347717411e-06]
[2.3552882609620407e-05, 1.6179518024378448e-06]
[-1.0907051247815991e-05, 1.0345050111677107e-05]
[-1.1516105510242514e-05, -2.6036526669132032e-05]
[-3.410104477158393e-05, 7.404627490603666e-07]
[-1.787469459643698e-05, -2.791224165084316e-05]
[-1.849895074203245e-05, -1.1264299939306444e-05]
[-5.621623079429816e-05, 1.0945683222400582e-06]
[-2.4073016532403374e-05, -1.5637179327846612e-05]
[-1.656430874895365e-05, 2.921350655074595e-05]
[1.4062667934328088e-05, -1.937550680891631e-05]
[1.4938580387979794e-07, 1.7122229436589143e-05]
[-3.106416247837529e-06, 1.5443240205109676e-05]
[2.081925284827535e-05, -4.9325521184750976e-06]
[-3.2164836945153263e-06, 2.1023778766601775e-05]
[-1.767535414327892e-05, -3.7051093556910233e-05]
[-5.072111622208414e-05, 1.5624099006530945e-05]
[-2.6079906204373726e-05, -7.093191239343488e-06]
[-3.032159024457526e-05, -2.579391991218427e-05]
[-4.2152727390595834e-05, -8.645038680477057e-07]
[-1.2287923034148829e-05, -2.66503045270039e-05]
[-7.2422648572101345e-06, 2.4204144399433275e-05]
[2.056557262787584e-05, -1.577837808268423e-05]
[-9.391688819276878e-06, 6.166906118890148e-07]
[1.2215954039995758e-06, 3.1861705595612536e-05]
[2.3190656261613818e-06, 3.417883127937449e-06]
[-2.2813241474628487e-05, 1.2212571415731732e-05]
[-8.701114246112418e-06, -1.81098543186875e-05]
[-4.3442650115490394e-05, 9.966660389132409e-06]
[-1.436987556928393e-05, -4.387773662547015e-06]
[-1.9897011423686273e-05, -3.212276858006319e-05]
[-2.519746496787434e-05, -2.2139765470240158e-05]
[-7.063265343179581e-06, -8.14879667095092e-06]
[-3.135636384201529e-05, 1.5983767186394937e-05]
[3.134788766484542e-06, -1.0218074149637157e-05]
[-1.8906141735247628e-05, 7.433272349657849e-06]
[-4.803738957039061e-06, 1.5488200571900368e-05]
[4.969871168158946e-06, 2.5143893382749763e-05]
[-1.7163832930038037e-05, 6.282718477777088e-07]
[1.1978113565472293e-05, -2.0610128999967725e-05]
[-1.613496609054188e-05, 1.6215774617377166e-05]
[-1.3964851895337249e-05, -2.3044248679743307e-05]
[-3.243012802947587e-05, -1.1824737885551828e-05]
[-3.455195095833363e-05, -2.3373743775242928e-05]
[-1.905706363321269e-05, -4.005688847119604e-06]
[-4.581877065315196e-05, 2.2330542106398926e-05]
[-1.0403903150995805e-05, -3.061923114618462e-05]
[-7.931940213534716e-07, 1.9904447069230002e-05]
[1.396086120761253e-05, 3.453212573306663e-06]
[5.3722690071256185e-06, 1.536826987910689e-05]
[-3.5221884872871367e-06, 1.3768551087700587e-05]
[1.2419786592055004e-05, -2.9309762806760398e-05]
[-2.0379189350105964e-05, 2.7402800709688813e-05]
[-2.840095764194278e-05, -1.7220251979879753e-05]
[-5.1556167381297535e-05, -6.722127316373394e-06]
[-2.766048260033349e-05, -9.801800979231112e-06]
[-1.4235207741769562e-05, -2.6077586455022783e-05]
[-3.177144713505109e-05, 1.4695457070973417e-05]
[-4.2153229863201025e-06, -2.7676907004059448e-05]
[-6.684679434848517e-07, 1.156291317792879e-05]
[2.4976101289111985e-05, 1.1230803851888793e-05]
[-1.2992405191626644e-05, 3.014263035876902e-06]
[-1.835306086896832e-05, 2.1341947094893204e-05]
[8.37237185304096e-06, -4.825279442594033e-06]
[-2.5148577700750963e-05, 1.495583101213116e-05]
[-1.914013975401474e-05, -1.1096788832820614e-05]
[-4.011425823324116e-05, -1.1406716287687413e-05]
[-6.937969678488809e-06, -1.5401780451444747e-05]
[-6.032513245532445e-06, -2.2340385386884765e-05]
[-3.8528840240067974e-05, -6.671697005751487e-06]
[-9.669359299011027e-06, -6.133453804204464e-06]
[-2.063916891894245e-05, 1.3620693440630216e-05]
[8.528823631490101e-06, -3.1247498309960875e-06]
[-1.4340452867384057e-05, 1.691835724171309e-05]
[-1.847223259061892e-05, 1.1884973310394287e-05]
[1.835031816117827e-05, 1.0600427265463827e-05]
[-4.477142344236351e-06, 4.817379748485104e-06]
[-2.9914457638502423e-06, -3.0298020056579444e-05]
[-3.178807011940121e-05, 9.499646463635714e-06]
[-1.6497196152938376e-05, -1.9557307192968887e-05]
[-2.1386054482916417e-05, -1.0700957524839572e-05]
[-5.032164451099219e-05, -9.663315438182551e-06]
[-2.217780748764442e-05, -1.4113770793244829e-05]
[-1.85290483951904e-05, 3.052783804707512e-05]
[6.93773080046034e-06, -2.4329860805891862e-05]
[-1.795272441068585e-06, 1.4062463032107897e-05]
[6.984665078924035e-06, 1.6398601709474714e-05]
[1.5593723412477e-05, 3.717492078059159e-08]
[-5.937072484321626e-06, 1.4509739204027206e-05]
[-7.889178164327548e-06, -3.1870160546038084e-05]
[-4.0960293381395174e-05, 2.383549804933771e-05]
[-2.7559928978118306e-05, -6.212908705983955e-06]
[-3.2850357095520755e-05, -2.6269841057965232e-05]
[-2.9471244920545314e-05, -7.655935191613894e-06]
[-1.2095482576190975e-05, -2.1898746653370438e-05]
[-1.6614272685455678e-05, 2.331625931631387e-05]
[1.4408160746902376e-05, -1.7692232646249195e-05]
[-7.365455651275887e-06, -2.4240669611180765e-06]
[7.205930956905027e-06, 2.4674066056565302e-05]
[-2.4774472528535374e-06, 1.0119200582978452e-05]
[-2.389408742058119e-05, 1.2776049474361173e-05]
[-2.111592148940078e-06, -1.4051047093066593e-05]
[-2.9155577337042216e-05, 1.0926410543399268e-05]
[-1.2198541412947184e-05, -7.376195193337098e-06]
[-2.792331746101495e-05, -2.6095781087337455e-05]
[-1.727426394075582e-05, -2.037398668368849e-05]
[-3.495631510280761e-06, -5.246806668454673e-06]
[-3.8333462253167805e-05, 7.838478463043086e-06]
[-4.598946889255995e-06, -1.3877721831534462e-05]
[-1.298621734543981e-05, 1.077594615023214e-05]
[1.214189383341724e-07, 9.92318456694008e-06]
[-3.922212637980094e-06, 2.4999211220899653e-05]
[-1.3557325018440092e-05, 2.544602613924196e-06]
[1.904361765575624e-05, -1.57715448444503e-05]
[-9.691946908044202e-06, 1.3313247107269582e-05]
[-1.3113606641565467e-05, -2.218678999782453e-05]
[-3.507979671762973e-05, -7.66605000389331e-07]
[-2.8513390012075562e-05, -2.196079348890101e-05]
[-1.5842619886907716e-05, -9.402040776762544e-06]
[-4.386935780670287e-05, 1.310512937960362e-05]
[-1.8073080245054052e-05, -2.6060979489567204e-05]
[-2.8413343204913843e-06, 2.4434012571832725e-05]
[1.9517647655592496e-05, -3.3389103923564187e-06]
[1.5970095383621707e-07, 8.794516125648633e-06]
[-3.381683092412713e-06, 1.4019918957546007e-05]
[1.6167656916400708e-05, -1.6273968437341413e-05]
[-1.527256215741457e-05, 2.4819859076097295e-05]
[-2.6746346213107897e-05, -2.0137746329126904e-05]
[-4.671275560869104e-05, 7.948696209847395e-07]
[-1.9147107589531642e-05, -7.70429891254129e-06]
[-1.7477541391128226e-05, -2.8304356677484252e-05]
[-3.09413672481898e-05, 6.821880613544495e-06]
[-5.315577404380045e-06, -1.922748141322539e-05]
[-5.7188966872123714e-06, 1.2067621090322556e-05]
[2.25613274276934e-05, -1.0958393539539646e-06]
[-1.1731980809670528e-05, 1.3261834398113626e-06]
[-1.5578151772832616e-05, 2.4598244884849185e-05]
[4.594534560024843e-06, 5.695427256834085e-06]
[-1.7990630282495312e-05, 9.502653646622714e-06]
[-1.0480500129930737e-05, -1.6425173951645222e-05]
[-3.618562495752431e-05, -3.569464178621029e-06]
[-5.032858817616281e-06, -9.19445085675874e-06]
[-1.00961291343276e-05, -1.9872046796404197e-05]
[-3.5593383462512174e-05, -1.603439830856132e-05]
[-8.612367030376433e-06, -4.411386617282631e-06]
[-2.2755530091324305e-05, 1.53706284282476e-05]
[1.1812463263233264e-06, -1.023252529280469e-05]
[-1.4159559428463322e-05, 1.5660789510513196e-05]
[-7.883435435299124e-06, 1.3042367083770934e-05]
[1.3541158579793988e-05, 1.3781600009657446e-05]
[-5.333461704594422e-06, -3.7942974331905965e-07]
[5.909911370075016e-06, -2.717900803757972e-05]
[-2.4837427623200514e-05, 1.832460466985597e-05]
[-1.965528683220419e-05, -1.726525285371261e-05]
[-2.4537446747352476e-05, -1.1334101614267345e-05]
[-3.85143204456595e-05, -1.5421063245590894e-05]
[-2.1696597185913435e-05, -1.2326362347853115e-05]
[-2.4988487824534333e-05, 3.021674951364517e-05]
[2.2389490899887843e-06, -2.5209688006289088e-05]
[-7.447558668348397e-07, 9.952216361304445e-06]
[1.3778814744919848e-05, 1.1196666497344937e-05]
[1.0410959140380593e-05, 4.94070680281955e-06]
[-9.275596905250483e-06, 1.5084906364946915e-05]
[-2.470716506358661e-06, -2.5883687663597055e-05]
[-2.8431302704828854e-05, 2.4331286765849613e-05]
[-2.5241151089927527e-05, -8.663467602587627e-06]
[-3.889412305937978e-05, -2.2626059160466006e-05]
[-2.0075400934327012e-05, -6.864955973356554e-06]
[-8.33754490280926e-06, -1.8005122681817587e-05]
[-2.4455931503304662e-05, 1.4955437682179218e-05]
[7.579434563809162e-06, -1.9500916264278412e-05]
[-3.1552238077964256e-06, 1.0771749545113174e-07]
[9.695322971292608e-06, 1.8486257089195268e-05]
[-1.0357058841531375e-05, 1.2371438996107431e-05]
[-2.074969403538518e-05, 1.4063599970901008e-05]
[4.981599808738524e-06, -9.60926345902266e-06]
[-2.099187674933778e-05, 7.277276661955476e-06]
[-9.829359025124995e-06, -8.347105609846084e-06]
[-3.077938524628787e-05, -1.455311414644278e-05]
[-1.3337635277457793e-05, -1.9139443149740476e-05]
[-1.148399780293366e-06, -8.703066937759685e-06]
[-3.8081001196663133e-05, -6.822798033455368e-07]
[-1.2963227814188905e-05, -1.1573809968488946e-05]
[-1.3504539974146246e-05, 1.682354719682172e-05]
[5.534473286439301e-06, 2.9914036456298726e-06]
[-8.20543237536192e-06, 1.870118632668616e-05]
[-1.1097614607713524e-05, 2.9698496847307965e-06]
[2.3114558331677193e-05, -5.794568344888451e-06]
[-5.976651153594137e-06, 1.2121414492555216e-05]
[-1.309537832977492e-05, -2.4287296279464077e-05]
[-3.181502420457338e-05, 7.3434524561453995e-06]
[-2.1826396437288342e-05, -1.950829081760752e-05]
[-1.912685620339416e-05, -1.3867325821988186e-05]
[-4.1040847927859e-05, 6.76017734163592e-06]
[-1.870738632261948e-05, -1.8707352101188235e-05]
[-7.371440390452344e-06, 2.4535349049947808e-05]
[1.926102311161637e-05, -1.3481199090142892e-05]
[7.68984997814165e-07, 5.149347154804335e-06]
[-2.0865485963819652e-06, 1.7636288881059392e-05]
[1.1802409757247223e-05, -5.248040384875363e-06]
[-1.0151322058102319e-05, 2.0157902314091314e-05]
[-1.932311508934248e-05, -2.4069527693404424e-05]
[-4.236360561321595e-05, 5.972031502793351e-06]
[-1.5206954051244503e-05, -2.155616029154983e-06]
[-2.0774542647303273e-05, -2.606867321916506e-05]
[-2.8440377114408513e-05, -2.4854240330916127e-06]
[-3.18539570036587e-06, -1.571427270862999e-05]
[-9.124099090596083e-06, 1.2144349743586913e-05]
[1.4314309885493648e-05, -7.989914707698387e-06]
[-1.1730807223761519e-05, 1.9006948752953168e-06]
[-7.20213809476955e-06, 2.5374486653712003e-05]
[5.131101221689249e-08, 9.850637914490812e-06]
[-1.7053261600660785e-05, 3.37984597535701e-06]
[-3.195382417449377e-07, -1.4883263293088977e-05]
[-2.928756174812308e-05, 4.9036703239305895e-06]
[-8.346689828346576e-06, -7.603682871143436e-06]
[-1.3111503526286317e-05, -1.8331230923873676e-05]
[-2.665798795974117e-05, -2.2044528525499985e-05]
[-9.447885045331395e-06, -3.698040317134943e-06]
[-2.828021341659548e-05, 1.6673129930021638e-05]
[-4.144530666300161e-06, -1.1988791407610555e-05]
[-1.2726590533598814e-05, 1.2839328894464347e-05]
[7.149626667229958e-07, 7.791110817154112e-06]
[9.90077857369702e-06, 1.6387801434009086e-05]
[-8.252221105786717e-06, 6.720178533647925e-07]
[1.037435571943357e-05, -2.1785086612477467e-05]
[-1.4334781680953868e-05, 2.0801166667555604e-05]
[-1.9578637975220525e-05, -1.933079704729418e-05]
[-3.082850585354319e-05, -9.32843395190161e-06]
[-2.857412833669193e-05, -1.3721285100624925e-05]
[-1.8637013985953188e-05, -1.0085671205349936e-05]
[-3.1466779739221934e-05, 2.309245002460325e-05]
[-2.0148939427200308e-06, -2.6291738539657716e-05]
[3.127651448608937e-06, 1.0196708970983126e-05]
[1.603059042504934e-05, 6.065362629092963e-06]
[2.446834352652638e-06, 7.214132585989241e-06]
[-8.07101459277676e-06, 1.7557992940583564e-05]
[2.6283828785250707e-06, -2.0674215003527174e-05]
[-2.077766009861426e-05, 1.9401143493358308e-05]
[-2.136395510249356e-05, -9.291989293058744e-06]
[-4.147881473248738e-05, -1.3158267037211013e-05]
[-1.557554604508793e-05, -5.6324340598212785e-06]
[-4.686616658040876e-06, -1.9632413578121732e-05]
[-2.5388553235278222e-05, 5.06488280280562e-06]
[-5.094477619925139e-07, -1.6996927603582512e-05]
[-4.091192492471085e-06, 6.253358762656203e-06]
[1.2700623828965085e-05, 1.2196056456068027e-05]
[-1.5086722483140247e-05, 8.319036877424413e-06]
[-1.7656164167885458e-05, 1.3226079418809933e-05]
[1.0370897559258685e-05, -8.487892900754801e-07]
[-1.6830616693108702e-05, 5.361727239541758e-06]
[-9.018445849370837e-06, -1.0793216107674551e-05]
[-2.7204218673797242e-05, -4.911624870597778e-06]
[-8.949012628059472e-06, -1.814729724378128e-05]
[-4.8528206094689e-06, -1.2822096250267312e-05]
[-3.567137354427985e-05, -5.83732890599431e-06]
[-1.5476228997862718e-05, -5.546679678170019e-06]
[-1.772133900408701e-05, 1.8814128909279762e-05]
[6.757036200018274e-06, -7.139807792266861e-06]
[-6.4591997496060705e-06, 1.4065365148651504e-05]
[-8.786126492688062e-06, 5.940589724447512e-06]
[1.964524931928266e-05, 3.770667193286892e-06]
[-1.7821628394976141e-06, 9.922659377686882e-06]
[-8.331325330721007e-06, -2.8165498826004942e-05]
[-2.8468832549994466e-05, 1.2023701486368887e-05]
[-1.8027500010620034e-05, -1.3727190362852054e-05]
[-2.3475977071550636e-05, -1.3326335543337176e-05]
[-3.786484935261458e-05, -4.541079676456672e-07]
[-1.5118127309671214e-05, -1.551752422298408e-05]
[-1.0112273614703432e-05, 2.3010384424621e-05]
[1.2624284769002792e-05, -1.980652529937066e-05]
[8.304447795537406e-07, 5.004439136910288e-06]
[4.288225122162093e-06, 2.006710989521654e-05]
[5.600400145161499e-06, -5.816186171275078e-07]
[-9.652718708341723e-06, 1.4058199780857608e-05]
[-9.232677913528775e-06, -2.224991334347226e-05]
[-3.637580514560812e-05, 1.1954018855411808e-05]
[-1.6809032785475297e-05, 1.4626581887333678e-07]
[-2.2325519291127582e-05, -2.3883835012200594e-05]
[-2.065294535405493e-05, -9.745832006344268e-06]
[-3.2017569008141455e-06, -1.445797023952311e-05]
[-1.4680710215647132e-05, 1.2688699907226209e-05]
[7.435334341478628e-06, -8.912052506476406e-06]
[-1.1694136999494675e-05, 9.222228623817497e-07]
[7.597582815377368e-07, 1.9819251292192697e-05]
[-2.4914555984412168e-06, 1.2462500728227521e-05]
[-1.9289739238759207e-05, 2.6493678315919755e-06]
[5.476203614004915e-06, -9.832815444317522e-06]
[-1.8728797625128246e-05, 8.681159779672099e-06]
[-9.497402644272762e-06, -1.0936179955596884e-05]
[-1.8636921071263357e-05, -1.563602456301251e-05]
[-1.7988483488572127e-05, -2.0909386481610115e-05]
[-8.746641916551612e-06, -2.011412278943303e-06]
[-3.4773794803363844e-05, 1.214130589122231e-05]
[-7.853038876392063e-06, -1.3624482619795097e-05]
[-8.426157628971254e-06, 1.2836321662448857e-05]
[4.166602794238028e-06, 1.8086451586407648e-06]
[3.930199620881536e-06, 1.7756967864653722e-05]
[-7.016516912206061e-06, 4.637403983176816e-06]
[1.3560377261627454e-05, -1.7550970321300596e-05]
[-7.401491454089859e-06, 1.7089227373812133e-05]
[-1.6615332331396115e-05, -1.9986562669077612e-05]
[-3.505020720770413e-05, -1.71050884892332e-06]
[-2.3902961873670248e-05, -1.0680442296035625e-05]
[-1.4667196398900073e-05, -1.2008672368942624e-05]
[-3.1873676271602924e-05, 1.3169134857528297e-05]
[-7.827822409739449e-06, -2.452890039035885e-05]
[3.1461643717600046e-06, 1.4720303788323674e-05]
[1.8106821193394906e-05, 1.6565256153733277e-06]
[-3.693042405938929e-06, 3.7887953418386244e-06]
[-5.698359872775838e-06, 1.7542582775115223e-05]
[7.118305574815853e-06, -1.2292958170581625e-05]
[-1.7800867701023987e-05, 1.582813180225906e-05]
[-1.9163309842765153e-05, -1.0279798311016441e-05]
[-3.749340955029601e-05, -4.24270429791318e-06]
[-1.1370354112805181e-05, -5.611301389790713e-06]
[-6.5916764513812565e-06, -2.3169075074186418e-05]
[-2.3096129049701708e-05, -1.1860531468621538e-06]
[-4.209523417314509e-06, -1.0418144912968663e-05]
[-9.509200047832025e-06, 9.185839437503979e-06]
[1.3214297700976391e-05, 3.054375228805223e-06]
[-1.3697445390356555e-05, 4.456037083530595e-06]
[-1.5393487262135852e-05, 1.3959106081172512e-05]
[9.086296430788066e-06, 8.651992887048765e-06]
[-1.2353712957491325e-05, 3.729237491839621e-06]
[-4.938668306267435e-06, -1.530622317849617e-05]
[-2.291477512228468e-05, 5.95148935564338e-07]
[-6.028760761785101e-06, -1.418981452467813e-05]
[-1.05840554781092e-05, -1.2164533550622358e-05]
[-3.347570072070177e-05, -1.0997227859799175e-05]
[-1.2872572974609309e-05, -2.7568033146990745e-06]
[-2.032549215597035e-05, 1.7968142374202856e-05]
[1.5776630444327283e-06, -1.4765124997095924e-05]
[-4.560753975174636e-06, 1.3586232537698625e-05]
[-2.394540970444836e-06, 8.957934758260788e-06]
[1.3148556898094632e-05, 7.4667338430187136e-06]
[-7.474500342413704e-07, 5.753326489419536e-06]
[7.30697743145381e-08, -2.7400840216379452e-05]
[-2.4544629776121485e-05, 1.6981010082531278e-05]
[-1.944892255295594e-05, -9.840801324545456e-06]
[-2.5572412015346935e-05, -1.168912391960597e-05]
[-3.0484781631229252e-05, -6.876809356001767e-06]
[-1.3425231149999384e-05, -1.5383547541731463e-05]
[-1.3912091616087585e-05, 2.2274728895939344e-05]
[6.263751204382828e-06, -1.9922485247961946e-05]
[-7.054495573984021e-08, 3.971387871254395e-06]
[1.1498099501502934e-05, 1.640374288350288e-05]
[1.9286127762724314e-06, 1.661938076449876e-06]
[-1.2869426502970516e-05, 1.2191721670107292e-05]
[-2.9118578908568504e-06, -1.610837084554083e-05]
[-2.678171701478438e-05, 1.495831895599424e-05]
[-1.751785639807213e-05, -2.9052082223951503e-06]
[-2.5600412360105018e-05, -2.151742339853019e-05]
[-1.1914143079543027e-05, -1.042618078664348e-05]
[-3.0429249248120627e-06, -1.2221431409803474e-05]
[-2.1807722599187507e-05, 8.83781553552565e-06]
[3.097118689995848e-06, -9.230084538097705e-06]
[-8.960436294315477e-06, 1.3263592749529485e-06]
[3.7150747933855158e-06, 1.2602519138000395e-05]
[-6.488479481966958e-06, 1.459270733771001e-05]
[-1.805464271231738e-05, 5.791377956219923e-06]
[8.877376666646675e-06, -5.941656377378424e-06]
[-1.063483766709783e-05, 6.087279838584703e-06]
[-7.0059321141957565e-06, -1.3401746305811979e-05]
[-2.3404013916282496e-05, -8.037224419332745e-06]
[-1.4421739585039617e-05, -1.7379402990102752e-05]
[-6.339140241888586e-06, -3.2557525803042497e-06]
[-3.6041097454392323e-05, 3.746932165954453e-06]
[-1.2806157434902543e-05, -1.3680780704045103e-05]
[-6.685041297305183e-06, 1.7190390521421017e-05]
[6.435446738381478e-06, -2.6979391477000014e-06]
[-1.5903320727123083e-06, 1.4344246407404365e-05]
[-3.6703478249813792e-06, 6.239209059469286e-06]
[1.673956279901745e-05, -1.1250526073008915e-05]
[-5.5341989954882376e-06, 1.3788666794028667e-05]
[-1.477208122061674e-05, -1.993592342069972e-05]
[-3.2812339929730316e-05, 6.509362243209416e-06]
[-2.0347164924133798e-05, -9.528380380569024e-06]
[-1.5346477655428514e-05, -1.652309547944819e-05]
[-2.8304800659614826e-05, 6.532896370640973e-06]
[-1.0788923791048288e-05, -1.8542723956196938e-05]
[-1.91643892565041e-06, 1.712752842349119e-05]
[1.8890659684092648e-05, -5.093205167928938e-06]
[-3.91643671926456e-06, -5.636066568448506e-07]
[-4.425382746128803e-06, 1.7797648276779432e-05]
[6.218146044720263e-06, -2.323599127912468e-06]
[-1.4819159272275173e-05, 1.3688914251269724e-05]
[-1.5134650882452083e-05, -1.3472940134935663e-05]
[-3.190102226598851e-05, 4.5736227980916477e-07]
[-7.69140669101831e-06, -3.430852992494793e-06]
[-1.1561084660660637e-05, -2.251224762509635e-05]
[-2.12392388793739e-05, -6.280394603819239e-06]
[-2.470179383373683e-06, -6.170189628423861e-06]
[-1.3749821078906654e-05, 8.516550128179201e-06]
[7.872010000617435e-06, -4.860878759879728e-06]
[-1.1183108947689091e-05, 4.824465735133246e-06]
[-9.993627605762306e-06, 1.5705165839711294e-05]
[3.776627319256043e-06, 1.2878251651332606e-05]
[-9.765822994764473e-06, 1.8201225868152981e-07]
[3.147860873610464e-06, -1.6316178831798922e-05]
[-1.908212491896072e-05, 5.567422757896123e-06]
[-7.731243855599312e-06, -1.071683776691229e-05]
[-1.3959756200103424e-05, -9.439361539631541e-06]
[-2.8132217148941346e-05, -1.6217904027756094e-05]
[-1.131979125199023e-05, -3.6750764012462994e-06]
[-2.2819012189055632e-05, 1.7623998101956584e-05]
[-4.39462744016017e-06, -1.617368186124235e-05]
[-4.442144708335927e-06, 1.3050540023817891e-05]
[5.616616991312162e-06, 6.6485594975573825e-06]
[9.048988275223158e-06, 7.998861687185527e-06]
[-3.7146032366916493e-06, 4.486362117528397e-06]
[5.6716018526914436e-06, -2.1659090263127095e-05]
[-1.730637034347976e-05, 2.0188992819459434e-05]
[-2.0973006303267455e-05, -1.1358841524450325e-05]
[-2.8287362904000357e-05, -1.0434154399080464e-05]
[-2.12402992353089e-05, -7.726377275085738e-06]
[-1.2804431117700507e-05, -1.436900864518198e-05]
[-1.9736724339566858e-05, 1.8539296431582114e-05]
[2.858302434696758e-06, -1.8659701057750777e-05]
[1.1522680475328784e-06, 3.2665963181216506e-06]
[1.4142932864877333e-05, 9.952155451558448e-06]
[-1.9797962502628164e-06, 3.936052158731718e-06]
[-1.341727606310461e-05, 1.4695267705450155e-05]
[1.7627548144771854e-07, -1.0839043032742635e-05]
[-1.8438353830869947e-05, 1.200694734601604e-05]
[-1.4345507593237217e-05, -6.041816116165999e-06]
[-2.9162476237035162e-05, -1.5026639043409784e-05]
[-7.898858572830125e-06, -7.751888783713579e-06]
[-1.0155490214047713e-06, -1.1813258429090034e-05]
[-2.468926938014454e-05, 6.753784352608871e-07]
[-1.8897634772863103e-06, -9.180599680247425e-06]
[-7.431496839224727e-06, 5.838462593221738e-06]
[4.629030961184055e-06, 7.254132258271984e-06]
[-1.1023374361825156e-05, 1.2832683228776454e-05]
[-1.3828030917848594e-05, 7.232811828790202e-06]
[1.2333638043093842e-05, -1.200163894168882e-06]
[-7.8551826682427e-06, 2.887101078444254e-06]
[-4.914824640024629e-06, -1.4169305958017242e-05]
[-2.2379561455433683e-05, 1.0220041709863015e-06]
[-1.2793908106142893e-05, -1.5823695527356074e-05]
[-7.3649559151067745e-06, -7.5430450573593655e-06]
[-3.261684565367996e-05, -2.163972181803281e-06]
[-1.6052524968123566e-05, -9.698390367907095e-06]
[-1.0213563629492273e-05, 2.0396483761939144e-05]
[8.175063384741055e-06, -8.649715554864823e-06]
[-1.932935458304197e-06, 9.139034473859553e-06]
[-1.5576059633586048e-06, 6.927333843331773e-06]
[1.5800414676650498e-05, -2.7151091312807574e-06]
[-4.25237753060026e-06, 1.2603852448000996e-05]
[-1.2185521657215315e-05, -2.1824708953274707e-05]
[-2.7840111637728038e-05, 1.0660142904869371e-05]
[-1.6560981766902683e-05, -7.340551496509695e-06]
[-1.979457843072352e-05, -1.7572392678119608e-05]
[-2.514867554165301e-05, 2.0300819504326384e-06]
[-8.521979628035858e-06, -1.3724767374656555e-05]
[-6.70388622638074e-06, 1.5543475292634917e-05]
[1.4536544149082453e-05, -1.172562465041882e-05]
