[417.60731037840094, 2.2594669695446914]
[2.8909003106832927, -7.054207076616109]
[20.20144817013096, -25.801299872741776]
[0.3141946283261774, -0.40524186427858666]
[4.116282608302896, -1.1488879375059042]
[-0.7502808135775894, 0.3807935397552811]
[-2.7538028470663285, 1.1292837090405854]
[0.2810502180758405, 0.08983545054835673]
[-0.4943152412816838, -0.1444737106309475]
[-0.4442484918118552, -0.24188540639255862]
[0.004222192684263604, -0.4232509157679445]
[-0.31162920738433897, -0.331753297401745]
[0.1777338898419938, -0.09383348697246241]
[-0.11488202855142315, -0.1211475185333446]
[-0.1659300947274165, -0.29684785807378744]
[0.07286912832360537, -0.18580953336224293]
[-0.26783510015155576, -0.24464331776054526]
[0.0791598798292732, -0.06441271272747251]
[-0.18366768498447605, -0.16531969892052167]
[-0.0205615197889486, 0.02001126751290272]
[-0.18214440498992435, 0.029294640576509323]
[-0.0264200342325962, 0.07621775743457349]
[-0.10566534627900559, 0.06483052343579665]
[-0.07696648599495459, 0.027530245983262702]
[-0.046794544063806676, 0.013764312466864936]
[-0.08409785642653933, -0.04181082774396039]
[0.031678939761116354, -0.012328936267423707]
[-0.07482398186279537, -0.04786276554174984]
[0.010086109582784886, -0.047488223106709304]
[-0.017919770179461003, -0.05457759432413967]
[-0.03861158219228211, -0.05571289931692633]
[0.019566722603192588, -0.03377558349399512]
[-0.05880514001375925, -0.06380116613958164]
[0.00951453269926894, -0.014275477295428551]
[-0.061548837616521634, -0.02007448114738386]
[-0.004361312922929184, 0.01918100068442552]
[-0.044866774244348484, 0.015216084412837283]
[-0.024428693122880873, 0.023201386661150458]
[-0.032096202409652275, 0.019385481554356154]
[-0.031185608091958805, -0.0001294004138960858]
[2.3315842146320875e-05, 0.005070661601656035]
[-0.03865033706220489, -0.017649146203273958]
[0.010508411630581804, -0.01305918627043079]
[-0.023609284244319406, -0.026126492697084003]
[-0.0015626493329130575, -0.019510803230920692]
[-0.0009705888199995627, -0.019778311275361643]
[-0.020705984836066005, -0.029527683581991274]
[0.007803371387574032, -0.01455662217954723]
[-0.029863059679839044, -0.020556290805014754]
[0.0034978939030274603, 0.0011084321849796908]
[-0.02518412218103805, -0.0028491790637277248]
[-0.008505262135840796, 0.011705929708476503]
[-0.021417731772379822, 0.010540988022166964]
[-0.013713763570630588, 0.00811568011220043]
[-0.008118289405354195, 0.008565095158448166]
[-0.020441539605549952, -0.00367132248099189]
[0.002861637638296166, -0.002076218072234237]
[-0.018632469823168574, -0.013543763301942846]
[0.004995453551011497, -0.007758726242998115]
[-0.008538644387958039, -0.012899037757980528]
[-0.005012919919384462, -0.014501542587850726]
[0.002172901707652386, -0.01133508919249765]
[-0.01502563170733362, -0.014748719731975446]
[0.004825469086822576, -0.0044339033143612205]
[-0.016039531022590925, -0.008546173523534373]
[-0.0015877198162617123, 0.0035245287138829795]
[-0.01481037037972932, 0.002623792226344346]
[-0.006216439415440533, 0.0072737331679242345]
[-0.00912207424322535, 0.007051566197402437]
[-0.011080041826006415, 0.0025766079075504322]
[-0.0023091480560122335, 0.0025000387707199145]
[-0.012708152336412981, -0.00582137863898291]
[0.0036674870982431607, -0.0024787401367607487]
[-0.00997979784289793, -0.008534387898174178]
[0.001140553280715162, -0.007291997278960682]
[-0.002477172961343088, -0.00857854179813592]
[-0.006276202275768097, -0.009314011491315846]
[0.003097105084977514, -0.005439514974036719]
[-0.010236068261360032, -0.008783996481190215]
[0.0014294209058347551, -0.0009771657411614676]
[-0.01071710901162537, -0.002341625166186301]
[-0.002174341392931156, 0.004045601085835848]
[-0.008046733345389079, 0.0037096306646722255]
[-0.006059650124403904, 0.004291673063123724]
[-0.004597240205383768, 0.0038569304381512737]
[-0.008067374076343503, -0.0008844767604991866]
[0.0007841445336533859, 0.0004942913390983961]
[-0.008620143116116141, -0.004993649615553153]
[0.0024165464906280576, -0.0034691063814933365]
[-0.004980631469347796, -0.00646811676829348]
[-0.0012109078864527278, -0.005494250033608067]
[0.00038889059969304807, -0.005018787941700978]
[-0.005758173143362466, -0.006949107651235409]
[0.0020145375188735937, -0.002857221226941098]
[-0.007806173600132693, -0.0044626133107776855]
[0.00020358252157581802, 0.0010281310029203183]
[-0.006685456897493003, 0.0003765903667787285]
[-0.003065059247847557, 0.0035143870052940507]
[-0.005054824441608319, 0.0031912386976982177]
[-0.0049344484969283675, 0.0017235101417605314]
[-0.0014809773996776743, 0.0020813416961575903]
[-0.0064283728112590754, -0.0019775681135325573]
[0.0014474897698111278, -0.001099089938595199]
[-0.005521155600887506, -0.004577065498318822]
[0.0010717670359015052, -0.0030522368844850822]
[-0.0019466510715836771, -0.004295418471781762]
[-0.002312695979747814, -0.00480570175275867]
[0.00110755274042873, -0.0033023068803575417]
[-0.005291828376265628, -0.004593306858446999]
[0.0013096202363567233, -0.0009160571562412123]
[-0.005451626028650347, -0.001933991648145783]
[-0.0010595286708434681, 0.0018043956687066043]
[-0.004707569875807893, 0.0015050708717527783]
[-0.0028704289264228217, 0.0024234781873513356]
[-0.002653062122611516, 0.0024496512734586418]
[-0.004415428447019254, 0.0002559676932145649]
[-9.101763230123794e-05, 0.0004897400936418883]
[-0.00483867404012317, -0.0026877158126101808]
[0.0014003973262335379, -0.001422765376010604]
[-0.0032599633173034936, -0.0034790461543538764]
[-7.736001018354699e-05, -0.0030626387243938014]
[-0.0003759089530755433, -0.0031578541113347625]
[-0.0029777936128845273, -0.0037390755687750424]
[0.0013100446759275464, -0.0018259193379728256]
[-0.004234113625096514, -0.0029524989564058135]
[0.00023969075502527915, 0.00019156820701149435]
[-0.004140657358233435, -0.00028039010484426363]
[-0.0014021053080678358, 0.0018827406387722512]
[-0.0029911810984635245, 0.0018294859047771617]
[-0.002879856115405477, 0.0014520033213782924]
[-0.0013083700036981005, 0.0013727367042895011]
[-0.003704378618375359, -0.0009299253833512378]
[0.0006865919665690612, -0.00021431497711432712]
[-0.003527595968149, -0.0024997079906989295]
[0.0008943874980436028, -0.0017887113805438726]
[-0.0016759594743463446, -0.0028084077718218275]
[-0.0010595085784050329, -0.0026616921438481905]
[0.0005430288564116648, -0.0020859944139670905]
[-0.002906990476149174, -0.0029492638089040346]
[0.0008182573348729516, -0.0008721053447127147]
[-0.003508454393725602, -0.001537293890461977]
[-0.00030092897541811325, 0.0008460471430769001]
[-0.0029077676801315677, 0.0006765292535126921]
[-0.001734460064110821, 0.0016424469862073021]
[-0.001952690784926825, 0.0015110066351282647]
[-0.0026133206200117387, 0.0003941603631911761]
[-0.00028058526945562434, 0.0006626362796851026]
[-0.003104083594317353, -0.0013693142105689615]
[0.0008582313500995475, -0.0008151425482478825]
[-0.002380298966482619, -0.0023110053841697564]
[0.00018911867479465272, -0.0017265964883670382]
[-0.0004971323879155998, -0.0020443148994039075]
[-0.0015462282945639255, -0.0024101026587237083]
[0.0007062360104772569, -0.0013827488308132407]
[-0.0027554656666468613, -0.002056954859668614]
[0.0004205579449070296, -0.00011780373012193479]
[-0.002660908203641954, -0.00047996702598274155]
[-0.0008238240822041609, 0.0011495716880149942]
[-0.002147513100822951, 0.001021797762562171]
[-0.001728841387129948, 0.0010624657764271017]
[-0.0010276679396046262, 0.001116441683044922]
[-0.0024145007416280784, -0.000274223110289018]
[0.0002773170962881988, -2.43160201933712e-05]
[-0.0024589387975979538, -0.0016314121601480602]
[0.0006676455564258443, -0.0009828424625330512]
[-0.0013544142812552395, -0.0018541653077823322]
[-0.00039155177107014216, -0.0017441993181417093]
[0.0001170224556650834, -0.0015379082757591839]
[-0.0018529943077842947, -0.0019798430973791137]
[0.0006749178688975066, -0.0007484142064533295]
[-0.002303342132602637, -0.0012579522790371334]
[-0.00010497066694659107, 0.00040717324264272214]
[-0.002105982493315728, 0.00021066404926450844]
[-0.0010131355032000633, 0.0010837576136735194]
[-0.0014232660682394344, 0.0010776535694245748]
[-0.0017390140078288874, 0.0005291962495843627]
[-0.00039635016794414835, 0.0005550001560419293]
[-0.002128116099617161, -0.0008213820200264621]
[0.0005252271252359497, -0.00035910339720546247]
[-0.0017838748313696584, -0.0015168556777198083]
[0.0003240067290416482, -0.001148208885437818]
[-0.0006114977086918993, -0.0015147101458201466]
[-0.0009104323394235163, -0.0015952149504253714]
[0.0004694844682194832, -0.0010505154120942772]
[-0.0017967501647756512, -0.0015405320699603542]
[0.000349008542294027, -0.00024331921095799292]
[-0.0019501777211742288, -0.0005622650284027308]
[-0.0004051715950876833, 0.0006790014189224092]
[-0.0015503291204584935, 0.0006298903093941988]
[-0.0011641900406021144, 0.0008764884268972484]
[-0.000890641130991382, 0.0008192000493465468]
[-0.0016491513456167173, -5.091734981688134e-05]
[6.638069280617831e-05, 0.00017149234377900058]
[-0.0017897728082389985, -0.0010159165878912413]
[0.0005244508964774575, -0.0006413182548746232]
[-0.0011724945836730227, -0.001375083638800241]
[-0.00013159676749768812, -0.0011454470966017066]
[-3.4525551961206435e-05, -0.0011440592036447601]
[-0.0011510569045352637, -0.0014372627701011442]
[0.0004567677358514599, -0.0006561916155984893]
[-0.0016860591814152892, -0.0010466165394510951]
[7.73821853483625e-05, 0.00014334163153928436]
[-0.0015328533531843158, -1.5718781387619174e-08]
[-0.0006662432419316522, 0.0007856919793824968]
[-0.0011453128959791892, 0.0007192463429424034]
[-0.001185628470014466, 0.0004813658591591441]
[-0.0004137676937578383, 0.0005453504306034418]
[-0.001532209567395193, -0.00041734972204088283]
[0.000323847933000998, -0.00018800665019991225]
[-0.0014152195827965564, -0.0011025280968342543]
[0.0003113156494765068, -0.0007370492820147345]
[-0.0005888006666060694, -0.0011238435055375105]
[-0.0004803724716969937, -0.0011461690405615808]
[0.00023486419870716313, -0.0008521650738978204]
[-0.0012854169027702866, -0.0011821500947500063]
[0.0003526847788961618, -0.00030110541392724954]
[-0.001427282631293214, -0.0005556308815011235]
[-0.000225711016580199, 0.00042711539786899344]
[-0.0012267299825654554, 0.0003355643256037766]
[-0.0007780289809821914, 0.0006657499584201698]
[-0.0007488057074843124, 0.0006709794016614978]
[-0.001187335133061851, 0.00012986150161031773]
[-5.732893363785685e-05, 0.00020165027030527582]
[-0.0013644808923226615, -0.0006950034323159882]
[0.0003788426494384378, -0.00037143719980303747]
[-0.00098104536354654, -0.0010079433226715812]
[4.667694577520365e-05, -0.0008211889154104146]
[-0.00017933260116020922, -0.0009134662580969587]
[-0.0007764603369507517, -0.0010621288046212922]
[0.00035888342591183786, -0.0005722717610091577]
[-0.0012201248720337121, -0.0008730564274780916]
[0.00011608858253220333, 1.2771263908750718e-05]
[-0.0012116816563108035, -0.00014878820123920278]
[-0.0004083007551198836, 0.0005364336498507871]
[-0.0009160712638948132, 0.000521539995960163]
[-0.0008545351689783209, 0.0004733076803369318]
[-0.0004174334652137235, 0.00045725961018638905]
[-0.001144677148952833, -0.0002241764930909218]
[0.0001736028220232777, -3.2027681029389576e-05]
[-0.0011228608596485223, -0.0007758764500140347]
[0.0003058536650120125, -0.0005201308590959686]
[-0.0005935726046035067, -0.00089189204726761]
[-0.0002675544962258414, -0.0008286658394769005]
[0.00012485917785831635, -0.0006973663952741793]
[-0.0008940089985455257, -0.0009312282692088558]
[0.00028353878330167337, -0.0003104769272431751]
[-0.0011226316987975604, -0.0005436317599950558]
[-7.798444214568434e-05, 0.00023475898461400302]
[-0.0009686452823123304, 0.00017712474467912465]
[-0.0005506877378568392, 0.0005444868464095087]
[-0.0006552842474246423, 0.0005061189432546964]
[-0.0008773019756990186, 0.00018145329657826004]
[-0.00013402573551618557, 0.00025370003460933876]
[-0.001052855108467754, -0.0004371450879849803]
[0.00028561403144578, -0.00023760159840413575]
[-0.0008579966273750128, -0.0007854933664370456]
[0.00010479737477903095, -0.0005807083587567319]
[-0.00022794050885627248, -0.0007331093033801639]
[-0.0004883735515295931, -0.0008136346999494323]
[0.0002351473093924472, -0.0005005688145371667]
[-0.0009401604172934452, -0.0007416846265264898]
[0.00016377885249363455, -8.10544845258887e-05]
[-0.0009530631941344625, -0.00021096360318739737]
[-0.0002645575145035495, 0.0003892149656404831]
[-0.0007703140992704194, 0.00034152395294473337]
[-0.000621415497231409, 0.0004066561508335731]
[-0.0004017783857612478, 0.000418554359476353]
[-0.0008712131765297171, -6.45216285724004e-05]
[8.057015525797517e-05, 2.9548969614712206e-05]
[-0.0009247908311142972, -0.0005774406408900479]
[0.0002547529454768327, -0.0003471490358201712]
[-0.0005479665400612566, -0.0007047810112972529]
[-0.00010316000513205248, -0.0006258310987513754]
[1.0208563100910784e-05, -0.0005871750656163133]
[-0.0006578688666697696, -0.0007460187816767799]
[0.0002531241866111644, -0.0003130766823287723]
[-0.0008724932930833651, -0.0005006895798444488]
[-1.1017167488580615e-05, 0.0001271281824811732]
[-0.0008051539702386146, 4.3443875422766176e-05]
[-0.0003808892613689774, 0.00041400488465104246]
[-0.0005691900858060539, 0.0004086486004117873]
[-0.0006632068097884858, 0.00023265158379159878]
[-0.0001749940737186817, 0.00024497461002426224]
[-0.0008390131948192714, -0.0002873630224785595]
[0.00019176143896826314, -0.00012081127219054633]
[-0.0007301739472740931, -0.0006008423706435062]
[0.00015247241770705022, -0.00043178265392093684]
[-0.0002828034693371992, -0.0006094340995018918]
[-0.0003223257898923651, -0.0006303666666810301]
[0.00016714637953718636, -0.000443427097376492]
[-0.0007075763377594746, -0.000624827725001248]
[0.0001593066043870106, -0.00012261736683016888]
[-0.0007866678131950855, -0.0002615054113717097]
[-0.00015065984424000867, 0.00025661454381631366]
[-0.0006469280747457007, 0.00023341013945088473]
[-0.0004629549078754777, 0.00036934388084275405]
[-0.00038067511020070666, 0.00034851304506755554]
[-0.0006812897290693898, 1.3037295218398803e-05]
[3.4873198803131444e-06, 9.194447110627557e-05]
[-0.0007543508624525685, -0.00041031403803037936]
[0.00022250779591426184, -0.0002441675137204169]
[-0.0005239119443812834, -0.0005766581007792954]
[-2.3892557432125816e-05, -0.00047312366290063607]
[-4.7167163991668204e-05, -0.000500233382881507]
[-0.00046162056228982173, -0.0006017875398286812]
[0.0001951461925243092, -0.00029615554386203113]
[-0.0007079854249339435, -0.00046741689526996755]
[4.6512000844767254e-05, 3.6306734547242314e-05]
[-0.0006676484398987492, -2.890465021476718e-05]
[-0.0002687414341550065, 0.0003313331035335043]
[-0.0005031059961246864, 0.00030325266219111136]
[-0.0005107743874167847, 0.0002317332841114128]
[-0.00020322733903077594, 0.000251307584946292]
[-0.0006676089866858304, -0.0001604022415810924]
[0.000130865546136949, -5.77133620257575e-05]
[-0.0006412338009940122, -0.0004744308195042679]
[0.00015169797728986634, -0.00031433441255160344]
[-0.000293108941069653, -0.0005089421566276103]
[-0.00018500924686118414, -0.000496032918198306]
[8.896546127840077e-05, -0.00039060009253197303]
[-0.0005534927048874705, -0.0005354488960717801]
[0.00016265426187822563, -0.00015727660681968958]
[-0.0006442880008831753, -0.00027255747824489474]
[-8.183780944936991e-05, 0.0001752044183750412]
[-0.0005583838804396057, 0.00013079738298349408]
[-0.00034547556000549817, 0.0003081364046431112]
[-0.0003581449968021941, 0.00030616584758436094]
[-0.0005344822347215228, 8.050046910434983e-05]
[-4.238335827416728e-05, 0.0001137928666905541]
[-0.0006331141522140649, -0.00029890262619797214]
[0.00017169006818867905, -0.0001574669499408432]
[-0.00047624479551675036, -0.00046875112760638715]
[4.2244293373183694e-05, -0.0003655110108607973]
[-0.00010772760232613532, -0.00043073768738717023]
[-0.00033512772713122085, -0.0004927228093411454]
[0.00015925199143385083, -0.0002842096952475892]
[-0.0005649888086002308, -0.00041992592812914453]
[7.009059859497402e-05, -1.28781245022358e-05]
[-0.000570466209319942, -9.403950263919825e-05]
[-0.00018195423896769092, 0.0002449410518291506]
[-0.00044558255488083565, 0.000234635717866305]
[-0.00039519504467694366, 0.0002365191276008094]
[-0.00021270351005686639, 0.00023002340148314815]
[-0.0005454945494912655, -8.305769869454416e-05]
[6.945776686234639e-05, -5.031741584504701e-07]
[-0.0005496933360098488, -0.00036572265286130556]
[0.00015468370144372523, -0.00023417371462908232]
[-0.00030976019760595164, -0.0004316275626190663]
[-0.00010484179390560233, -0.00039432163775895285]
[4.144377186157677e-05, -0.0003502459359160798]
[-0.00041924650584679313, -0.00045261011306076127]
[0.0001436492500231923, -0.00016635379837076636]
[-0.000542882805232181, -0.0002838144709899071]
[-2.699103886699694e-05, 9.904923486281358e-05]
[-0.00048298471771635043, 6.721237839568683e-05]
[-0.0002578612273094194, 0.00026722162797521154]
[-0.0003323779074680053, 0.00024936417235765784]
[-0.00042916413490964866, 0.00010928435757762145]
[-8.30924387673071e-05, 0.0001375810984228787]
[-0.0005239738342703859, -0.00020285879220383052]
[0.00013765795419101723, -0.00010116778294977369]
[-0.00044407291816836447, -0.0003867056243803263]
[6.782277143907445e-05, -0.0002821200253555062]
[-0.00013717091178290508, -0.00037565302171820025]
[-0.00022590133651706132, -0.0004020408460923292]
[0.0001120950084803618, -0.0002622888462210926]
[-0.0004624504028258314, -0.00038340130683028883]
[8.947931163932887e-05, -5.756628211855963e-05]
[-0.000486483440667429, -0.0001261016251065672]
[-0.00011990614794879506, 0.00018751925702342742]
[-0.0003972642485596811, 0.00016260252381106177]
[-0.0003103773205033744, 0.0002169252682617806]
[-0.00021990348776712576, 0.0002183148990667627]
[-0.0004417648782515382, -1.6794055005764363e-05]
[3.0101952484706818e-05, 3.1451381001246226e-05]
[-0.00048286631102101296, -0.00028477865777137845]
[0.00013477894858482387, -0.0001691125670152671]
[-0.00030258329340066004, -0.0003674624911632479]
[-3.6334542671045966e-05, -0.0003142599053952387]
[-9.644347007786713e-06, -0.0003109073308438688]
[-0.00032454751677968297, -0.00038894295515082625]
[0.00013006737768406218, -0.0001766844436658921]
[-0.0004532308111967476, -0.00027407516674810006]
[7.126665555745593e-06, 5.240914889170778e-05]
[-0.0004238555831457269, 6.066303681606655e-06]
[-0.00019144485426027258, 0.00021575381932337212]
[-0.0003100806637894443, 0.00020974852665367472]
[-0.00034212646936762625, 0.0001344840253273416]
[-0.00010463442113337051, 0.00014114436744172565]
[-0.0004442736141447301, -0.00013522059017168075]
[9.51575541687788e-05, -5.301881169145206e-05]
[-0.00039963678697924054, -0.0003162157878844052]
[9.05081338340441e-05, -0.00021861715771398504]
[-0.00016819199505664975, -0.000327601145934317]
[-0.000153452239690266, -0.0003330214364823652]
[7.882552736265813e-05, -0.00024730331039918285]
[-0.00037087102680841144, -0.0003395266470018199]
[9.284818186111599e-05, -7.895078453101778e-05]
[-0.00042168105625361996, -0.0001562853314509005]
[-7.19644251623297e-05, 0.00012894675647501241]
[-0.00035656881463977386, 0.00011330107089413399]
[-0.00024114980325838295, 0.00020329066241042693]
[-0.00021597308167441154, 0.00019271948241761372]
[-0.0003664636272587285, 2.3357413635460844e-05]
[-9.658215933017189e-06, 6.0117518514091195e-05]
[-0.00041488633717212675, -0.00021455354647570424]
[0.00012151273994009948, -0.00012103258454376764]
[-0.0003005233349108738, -0.0003134777093858204]
[1.53156184970471e-06, -0.00025310428409896363]
[-4.189879359155213e-05, -0.00028128286437089506]
[-0.0002405486231786269, -0.0003286478646171362]
[0.00010647572749522549, -0.00017286437055069603]
[-0.0003840544302583515, -0.0002677601726231438]
[3.283599564729567e-05, 7.824715463733423e-06]
[-0.00037345013063061483, -3.12752243752934e-05]
[-0.00013825870597306, 0.0001787735367816401]
[-0.0002855327984989525, 0.00016342037010874666]
[-0.0002785935986651389, 0.00013949768567333987]
[-0.00012506385028546174, 0.00014586052933818205]
[-0.000370610155842388, -7.723271113935226e-05]
[6.61543531331743e-05, -1.9772824519981302e-05]
[-0.00036664871223052176, -0.0002583627127544508]
[9.174712328441359e-05, -0.0001688005149323435]
[-0.00018063251522899837, -0.00028921459770172957]
[-9.031276505262753e-05, -0.0002729791337584449]
[4.149936176461866e-05, -0.00022641361203037946]
[-0.00030099734797997546, -0.00030550625606351467]
[9.369404255449298e-05, -0.0001000901518830033]
[-0.0003647882367122657, -0.00016680129014029488]
[-3.5892441937024344e-05, 8.937068351255739e-05]
[-0.0003202004833740002, 6.315789078314982e-05]
[-0.0001895664034209793, 0.00017764903755479455]
[-0.00021346713696143715, 0.0001734458981395015]
[-0.0002997293353130537, 5.681537270252335e-05]
[-3.402640308008964e-05, 7.545311654044706e-05]
[-0.00036383940265188874, -0.00015930821094162217]
[9.671049728826597e-05, -8.174462975779617e-05]
[-0.00028484495321576264, -0.0002680511059417745]
[3.397730982285241e-05, -0.0002020933653313281]
[-7.460543795831387e-05, -0.00025117634352480635]
[-0.0001790774714986107, -0.00028235249826211346]
[8.676426651121893e-05, -0.0001725958667290195]
[-0.0003219463095411601, -0.000249451210211582]
[4.809555599166737e-05, -1.8364860663533378e-05]
[-0.00033093501737130326, -6.706345579721162e-05]
[-9.793601076693581e-05, 0.00013739438665516523]
[-0.000265631355774093, 0.00012874441931709502]
[-0.0002231292830974646, 0.00014322621903284372]
[-0.00013300983377570463, 0.0001396480273949674]
[-0.00031605714726279377, -3.541850488864018e-05]
[3.324413400579429e-05, 8.136986012763359e-06]
[-0.00032718215359917036, -0.00020842853700100972]
[9.360549102932492e-05, -0.00012820485099326873]
[-0.00019372156352200076, -0.00025332555580398833]
[-4.8681266983624516e-05, -0.00022736544099349366]
[1.3661572714956938e-05, -0.00021199992434983023]
[-0.00023817383949928383, -0.00026758682517599025]
[8.673455204133429e-05, -0.00010724153747995735]
[-0.0003175482266364327, -0.00017740126918575072]
[-9.128291064086635e-06, 4.9891812390567836e-05]
[-0.00029013873623051634, 2.829362863859819e-05]
[-0.00014484967741254517, 0.00015731472926150403]
[-0.00020394683742147243, 0.00014711154905744372]
[-0.0002507762332830399, 7.538797418527032e-05]
[-5.877250100366771e-05, 8.813705864507693e-05]
[-0.0003125664696671526, -0.00011188125543298844]
[7.868148618395132e-05, -5.076277823062858e-05]
[-0.0002733086934604556, -0.00022718858267424535]
[4.870434741441332e-05, -0.00016307372931402553]
[-9.492128033133929e-05, -0.00022842642682192882]
[-0.00012474583670076152, -0.00023795748107820723]
[6.304001068049847e-05, -0.0001639175949667282]
[-0.00027099466989211063, -0.0002353975036050171]
[5.747316437820782e-05, -4.384867207557486e-05]
[-0.0002945827844522131, -8.732453544535446e-05]
[-6.39187979041278e-05, 0.00010673408612993374]
[-0.00024402077584112503, 9.146453034558633e-05]
[-0.00018219667090202396, 0.00013603266639317102]
[-0.00014159331656737884, 0.00013393406685957565]
[-0.00026476158471983036, -6.93042132071664e-07]
[1.0966348122587455e-05, 2.8038828648990766e-05]
[-0.000296494004231207, -0.00016528697938414383]
[8.365885042632693e-05, -9.628590106511292e-05]
[-0.00019520936535848132, -0.00022425879816923358]
[-1.2967129312507764e-05, -0.00018622192754127673]
[-1.467933327423121e-05, -0.0001936809045270313]
[-0.00018823456216045253, -0.0002380616237330161]
[7.810482342074376e-05, -0.00011574971470168505]
[-0.00027568176693287816, -0.00017576030315227809]
[1.1455041728281046e-05, 2.343862357573334e-05]
[-0.0002619141024922944, -5.959613231298899e-06]
[-0.00011138799876342365, 0.00013130742954914343]
[-0.00019716757624838044, 0.00012529944438355312]
[-0.00020584853561694816, 8.94040922855277e-05]
[-7.256116187562278e-05, 9.325431967566189e-05]
[-0.00027343937616369773, -7.340992213616948e-05]
[5.489310691947358e-05, -2.579952865267021e-05]
[-0.00025390454923807093, -0.00019252806405888057]
[6.0788353468455014e-05, -0.00012877720411663685]
[-0.00011424841838422739, -0.00020448512737184996]
[-8.444104332536173e-05, -0.00020402921539179695]
[4.2359911230249736e-05, -0.00015917651614828082]
[-0.0002251423344710457, -0.00021436806709078382]
[6.139705407809393e-05, -5.7417668598847005e-05]
[-0.00026194624848951964, -0.00010643367177876062]
[-3.873317839761525e-05, 7.477229218960657e-05]
[-0.00022696231837210368, 6.267643430513115e-05]
[-0.00014474704621009193, 0.000128633174056203]
[-0.0001418432432691713, 0.00012222583330923076]
[-0.0002264576502045701, 2.411970148713527e-05]
[-1.2985420180383622e-05, 4.3733459541062114e-05]
[-0.0002625802111578257, -0.00012834908486430985]
[7.568801117668889e-05, -6.868351371638881e-05]
[-0.00019697445272884306, -0.00019563257072715418]
[9.365333114685903e-06, -0.00015510520080043444]
[-3.6133166014473694e-05, -0.00018077263361103695]
[-0.00014374277758014836, -0.00020653508220290669]
[6.59864927742837e-05, -0.00011556395521064577]
[-0.00023883231715138287, -0.00017508641954178117]
[2.519036514364581e-05, -2.3937370581261774e-06]
[-0.00023872350119566454, -2.9401089081504406e-05]
[-8.099531661776016e-05, 0.00010992571813595031]
[-0.0001858154901539094, 0.00010028116614946292]
[-0.0001726140487103428, 9.466626991827543e-05]
[-8.680898327961817e-05, 9.597478508194257e-05]
[-0.0002346027904676362, -4.1308339168710795e-05]
[3.727426793825872e-05, -5.158826841100694e-06]
[-0.000238001823106182, -0.000159938818047628]
[6.233535690469694e-05, -0.00010256587307741483]
[-0.00012514765916109977, -0.00018605275523905264]
[-4.961447168226607e-05, -0.00017117996319861856]
[2.0890085636771083e-05, -0.00014917859105627318]
[-0.000185894863014735, -0.00019764310665957435]
[6.095320126203729e-05, -7.097992351728921e-05]
[-0.00023385058770730716, -0.00011510578480128375]
[-1.678150680367585e-05, 5.091370325133182e-05]
[-0.00020848506956608337, 3.361811311408669e-05]
[-0.00011689250228430481, 0.00011551756834915494]
[-0.0001435388768685191, 0.00011074492186269325]
[-0.00018994640399216944, 4.333333462103184e-05]
[-2.8656094973905644e-05, 5.4794214240982964e-05]
[-0.00023557207728575058, -9.548608914039525e-05]
[6.133211583497777e-05, -4.713839878320303e-05]
[-0.00019147079190437455, -0.0001720523968178067]
[2.7583571777289873e-05, -0.0001260866956798723]
[-5.63021876672995e-05, -0.00016501919716257335]
[-0.00010759059586341185, -0.00018199420525240144]
[5.286676170934701e-05, -0.000117296646178211]
[-0.00020606069358902745, -0.0001667432153752424]
[3.5537573443711334e-05, -1.913265934005981e-05]
[-0.00021599629939125786, -5.150738308890013e-05]
[-5.844653695211144e-05, 8.63745482707623e-05]
[-0.00017752623058631123, 7.881618141886149e-05]
[-0.00014115179745781414, 9.673478148974901e-05]
[-9.324552192517543e-05, 9.428825331775359e-05]
[-0.00020467740780535926, -1.50307202841371e-05]
[1.7045799121262473e-05, 1.0811729035442585e-05]
[-0.0002177425002307387, -0.00013227814099803226]
[6.274294455382856e-05, -7.838739809370998e-05]
[-0.0001345241864468827, -0.00016613052476470262]
[-2.4059145664903636e-05, -0.00014621364254666785]
[2.019252388657522e-06, -0.00014279979307829302]
[-0.0001508889874915348, -0.0001769553582194501]
[5.7813982335064296e-05, -7.673295380003498e-05]
[-0.00020731031843185255, -0.00012297560532481544]
[-1.4578814707122412e-06, 2.7316130214449785e-05]
[-0.00019400141703346252, 1.1065306904589622e-05]
[-9.042044855506193e-05, 0.00010284948441979802]
[-0.0001396388289200759, 9.6222515481581e-05]
[-0.0001624780538163617, 5.6246867168041614e-05]
[-4.492301787742403e-05, 6.22351934901344e-05]
[-0.0002072267473477163, -6.792098562918847e-05]
[4.948666329024354e-05, -2.7602089372247285e-05]
[-0.0001862179311147849, -0.00014805551871359401]
[3.7270523378540865e-05, -0.00010420434960514702]
[-7.131038378302597e-05, -0.00015354418886252483]
[-7.612713702754431e-05, -0.0001565023419834461]
[3.8770595721021595e-05, -0.0001135390490576288]
[-0.00017600777235346476, -0.0001598354461209428]
[4.057326082240742e-05, -3.51410704246824e-05]
[-0.0001972063081787656, -6.578790374539567e-05]
[-3.73204706141661e-05, 6.683503594878681e-05]
[-0.00016616180038264705, 5.649352078490599e-05]
[-0.00011765011618159425, 9.377378675584636e-05]
[-0.00010028768953512096, 9.04895395780203e-05]
[-0.000175259708716069, 5.8004676699585644e-06]
[2.1683220829127325e-06, 2.4358554573888913e-05]
[-0.00020054356520926575, -0.00010565503912604579]
[5.700172276745796e-05, -5.994574437312439e-05]
[-0.00013816885796945344, -0.00015033483802897804]
[-2.9795699281187638e-06, -0.00012178815261386366]
[-1.5840764354971282e-05, -0.0001329713571519408]
[-0.00012017850931377028, -0.0001603068898660947]
[5.145031157383073e-05, -8.288605345782574e-05]
[-0.00018426802676854703, -0.00012383506135055233]
[1.2058761685390662e-05, 9.864199433551324e-06]
[-0.00017823545072448432, -1.0444920998053941e-05]
[-7.06644585027616e-05, 8.761055376893534e-05]
[-0.00013752268894332703, 8.19554318189919e-05]
[-0.0001359536478292428, 6.4677401963531e-05]
[-5.4849751064872665e-05, 6.686335638389496e-05]
[-0.0001843612788438309, -4.312709687537275e-05]
[3.4494722419203816e-05, -1.2673495885795472e-05]
[-0.00017658445077220475, -0.00012799986930078777]
[4.404701263452382e-05, -8.312134292061402e-05]
[-8.422605169740305e-05, -0.00013982796657222062]
[-5.045199411543577e-05, -0.00013670644499958135]
[2.4271263306729907e-05, -0.00011177833303832596]
[-0.00014937564473324616, -0.0001482524953869413]
[4.376697760727355e-05, -4.4824222174250083e-05]
[-0.00017811503570908105, -7.850051622998455e-05]
[-2.208123930533268e-05, 4.710219694670226e-05]
[-0.000157713358696826, 3.71850613052338e-05]
[-9.480054428933488e-05, 8.866447974092972e-05]
[-0.00010182971630554039, 8.42409945450151e-05]
[-0.00015241254521769498, 2.2626200911701755e-05]
[-1.3586033351858928e-05, 3.3979217106405724e-05]
[-0.00018120743173016818, -8.32538849078468e-05]
[5.106753966763189e-05, -4.222164606385026e-05]
[-0.00014026968542035778, -0.00013301169164498666]
[1.1792413380812272e-05, -0.00010328281329438638]
[-3.1387456398093705e-05, -0.00012618239157012948]
[-9.332017306621157e-05, -0.00014154887200572546]
[4.410035373361709e-05, -8.395429088003947e-05]
[-0.00016170456087954976, -0.00012426675433202528]
[2.0327955304960676e-05, -6.618926258750157e-06]
[-0.00016576408354623817, -2.6851936729022086e-05]
[-5.139471932333328e-05, 7.325456859430535e-05]
[-0.00013165525265147748, 6.657229938578091e-05]
[-0.00011579173529793763, 6.913764203203554e-05]
[-6.49177383238303e-05, 6.832762229408429e-05]
[-0.00016122798122450432, -2.3057286106742403e-05]
[2.215519593656845e-05, 1.2923537133779917e-06]
[-0.0001673417341879202, -0.00010730603834718799]
[4.5466326194509854e-05, -6.720913412282259e-05]
[-9.327291650573777e-05, -0.00012937821266512713]
[-2.898243739736517e-05, -0.00011650438475175467]
[1.0343141016000423e-05, -0.00010651527671039912]
[-0.00012437011452992586, -0.00013835383520723402]
[4.280627083153021e-05, -5.388480651183358e-05]
[-0.00016208658324615155, -8.557134926559518e-05]
[-7.600309358479773e-06, 3.0797723417907985e-05]
[-0.00014710370162079878, 1.847833512030883e-05]
[-7.754110188062241e-05, 8.09651734852701e-05]
[-0.00010412753863924158, 7.627630500578464e-05]
[-0.0001300988179998852, 3.476636084187579e-05]
[-2.4871179917729247e-05, 4.211481726673627e-05]
[-0.00016456872211312312, -6.155948531330613e-05]
[4.182756054962877e-05, -2.8786073214714936e-05]
[-0.00013860995940886967, -0.00011883229541113233]
[2.288348604015389e-05, -8.494210301038946e-05]
[-4.4961669045655295e-05, -0.0001169985150621675]
[-6.954803969329466e-05, -0.00012640485663445097]
[3.449862919918667e-05, -8.56453094003895e-05]
[-0.0001419953673552632, -0.00012012914962843124]
[2.7510738095121168e-05, -1.8510930712867246e-05]
[-0.00015207100636546733, -4.156117659404046e-05]
[-3.710217336996835e-05, 5.8281540644189445e-05]
[-0.0001276281519576039, 5.1639071090903155e-05]
[-9.607456712780807e-05, 7.009324336681999e-05]
[-7.025722366191256e-05, 6.809471880653284e-05]
[-0.00014241020232558244, -5.091138071844359e-06]
[8.634230342613458e-06, 1.1493630991676884e-05]
[-0.00015570988341465086, -8.988972856049937e-05]
[4.491685278881774e-05, -5.1411004220264234e-05]
[-0.00010000993565381644, -0.00011708098453929068]
[-1.1712555084197884e-05, -0.00010083935248055183]
[-3.4780933642480916e-06, -0.00010307291365699474]
[-0.00010247069990905466, -0.0001257872493951543]
[4.099307344707093e-05, -5.864030840077583e-05]
[-0.00014537861636262916, -9.116308904405512e-05]
[2.2105504746405824e-06, 1.5362068885527158e-05]
[-0.0001390359707501565, 2.430767544525647e-06]
[-6.043608186903637e-05, 7.197471088787877e-05]
[-0.00010263535017558667, 6.721072360521552e-05]
[-0.00011259463389347302, 4.4109103651435166e-05]
[-3.613359895776602e-05, 4.6830753799853575e-05]
[-0.0001471846609874261, -4.366956892876139e-05]
[3.30252481719473e-05, -1.5496754833727033e-05]
[-0.00013565963490677624, -0.00010327617956835955]
[2.970930512083414e-05, -7.101734804164372e-05]
[-5.648707879499053e-05, -0.00011020899012305525]
[-4.9405602667799975e-05, -0.00011027035258023409]
[2.5062395255071035e-05, -8.408486732897763e-05]
[-0.0001223169713090999, -0.00011593550703828392]
[3.045681239949305e-05, -2.92192597087515e-05]
[-0.00014098870779841177, -5.2279840110552867e-05]
[-2.3004993303987753e-05, 4.4454269749472086e-05]
[-0.0001210812305655895, 3.6897366895050077e-05]
[-8.08646295874689e-05, 6.872384515660412e-05]
[-7.561578759741894e-05, 6.517034559960777e-05]
[-0.00012387885572590074, 8.622466117158556e-06]
[-2.3305549756991173e-06, 2.1156495794705243e-05]
[-0.0001446469785519322, -7.195665518369698e-05]
[4.122285959662353e-05, -3.9443407545636244e-05]
[-0.00010394065751113957, -0.00010723004222975771]
[1.79435200226008e-06, -8.501169605579922e-05]
[-1.5779411487157335e-05, -9.735919590821412e-05]
[-8.174063846541624e-05, -0.00011499072861252159]
[3.601500225400289e-05, -6.296486687737413e-05]
[-0.0001310908578910086, -9.280977093500953e-05]
[1.1496933136956322e-05, 2.769270352753761e-06]
[-0.00012935309131426043, -1.2152397532438908e-05]
[-4.740074675695094e-05, 6.205314649287974e-05]
[-0.00010200019099920743, 5.691179391148493e-05]
[-9.555369215578924e-05, 4.950386321922462e-05]
[-4.38112036132976e-05, 5.057322595181102e-05]
[-0.0001321402391663007, -2.6470401093270368e-05]
[2.279740247077e-05, -5.596973545907158e-06]
[-0.0001304439223605569, -9.021116840535193e-05]
[3.359562591018217e-05, -5.701086172607561e-05]
[-6.562602914646914e-05, -0.0001016544893792451]
[-3.166993118696587e-05, -9.72340725071321e-05]
[1.4220258874847458e-05, -8.322307168902657e-05]
[-0.00010512950952606959, -0.00010895149353627731]
[3.2755924803618e-05, -3.66086397678711e-05]
[-0.0001287350468913151, -6.109127118991697e-05]
[-1.2800316723737826e-05, 3.1196153718215935e-05]
[-0.00011624507223209624, 2.2848791682239522e-05]
[-6.583769994521552e-05, 6.475095122548957e-05]
[-7.75715050167769e-05, 6.134115550898711e-05]
[-0.00010867503622047359, 2.064292679615498e-05]
[-1.3323969612427655e-05, 2.7591164537155155e-05]
[-0.00013256465015126784, -5.691879242444853e-05]
[3.6340347542407336e-05, -2.7289702179772446e-05]
[-0.00010570354794496584, -9.585155752716429e-05]
[1.2221949264312748e-05, -7.270479986618006e-05]
[-2.7591365436313575e-05, -9.31550541662567e-05]
[-6.396842831504768e-05, -0.00010285693947585054]
[3.090961182999896e-05, -6.446833724568779e-05]
[-0.00011601742652694869, -9.325350349437267e-05]
[1.695979862162411e-05, -8.470772589086462e-06]
[-0.00012174722727495424, -2.4389555992293532e-05]
[-3.4382409999700325e-05, 5.153054627310416e-05]
[-9.881981111885263e-05, 4.650744237211235e-05]
[-8.198525247868349e-05, 5.301874122276562e-05]
[-5.1071090471047076e-05, 5.1340571777913624e-05]
[-0.00011717916924997018, -1.2779122622208483e-05]
[1.340413362441173e-05, 4.320122877876642e-06]
[-0.00012430592282078323, -7.605651890857379e-05]
[3.473961442279627e-05, -4.628574192537538e-05]
[-7.302612684850773e-05, -9.488846397144243e-05]
[-1.7354431968097384e-05, -8.384433162937112e-05]
[4.343606858636662e-06, -8.032790055966313e-05]
[-8.789505087034022e-05, -0.00010223141889957599]
[3.1669526153410565e-05, -4.2870822116874985e-05]
[-0.00011850639881444414, -6.687260130708306e-05]
[-2.78881761961447e-06, 1.918467247302713e-05]
[-0.00010968752003279181, 9.866624289311954e-06]
[-5.4042000779075394e-05, 5.967991381455873e-05]
[-7.957943116449102e-05, 5.5346559796887185e-05]
[-9.399346497472594e-05, 2.8891104074002527e-05]
[-2.2021985269238264e-05, 3.3628505128668884e-05]
[-0.00012118645390402083, -4.165068843345332e-05]
[2.9900548751238265e-05, -1.806949054533602e-05]
[-0.0001055758154651365, -8.631219842148569e-05]
[1.9377042447310533e-05, -6.031660669483796e-05]
[-3.735784947461046e-05, -8.742952468045358e-05]
[-4.7222288812692054e-05, -9.243964313276204e-05]
[2.3530198635740573e-05, -6.572713976998185e-05]
[-0.00010293764137112027, -9.110461966444633e-05]
[2.1979542155325937e-05, -1.7460207145991724e-05]
[-0.00011285288936915827, -3.4733529393315976e-05]
[-2.446142844228505e-05, 4.119824218740131e-05]
[-9.65172943501319e-05, 3.5380712799848446e-05]
[-6.878968992240359e-05, 5.3336393649627833e-05]
[-5.5590527678305024e-05, 5.148147172334694e-05]
[-0.00010417732444642502, 1.377259652435292e-07]
[3.8045337153735925e-06, 1.141388010122979e-05]
[-0.00011703730001236257, -6.399740781065644e-05]
[3.366293710627133e-05, -3.535547344823975e-05]
[-7.799941908062658e-05, -8.676202402902594e-05]
[-4.995484151060214e-06, -7.299714232191987e-05]
[-6.230529673828533e-06, -7.808608358111663e-05]
[-7.297213699317129e-05, -9.400629760824078e-05]
[3.0284950369385832e-05, -4.685429821540965e-05]
[-0.00010719491102076373, -7.083445046102144e-05]
[4.046541571461892e-06, 8.39802210911289e-06]
[-0.00010459299921208864, -2.2183534948982953e-06]
[-4.234453849066844e-05, 5.282137507284235e-05]
[-7.924563317902866e-05, 4.9082207944473044e-05]
[-8.179893928422777e-05, 3.5784171195207826e-05]
[-3.0137498934532103e-05, 3.684100614348429e-05]
[-0.00010969480026570833, -2.9054569268854857e-05]
[2.2906066969974326e-05, -8.611386024509615e-06]
[-0.00010362320365592259, -7.556356375681972e-05]
[2.4341853658654822e-05, -5.059119752699737e-05]
[-4.640677955974025e-05, -8.284844495477046e-05]
[-3.333592577441091e-05, -8.152917581595413e-05]
[1.6597472935697688e-05, -6.523362994279719e-05]
[-8.916184174927178e-05, -8.81082940208458e-05]
[2.3852689679443317e-05, -2.497843407039957e-05]
[-0.00010556963314495293, -4.307327806701844e-05]
[-1.4621589457086692e-05, 3.078105789966479e-05]
[-9.254359428663428e-05, 2.489379938802605e-05]
[-5.806907570540809e-05, 5.2537666193563926e-05]
[-5.9592266614984235e-05, 4.9108417672028004e-05]
[-9.170001009907447e-05, 9.827037256271431e-06]
[-4.762268645291945e-06, 1.8482973826561278e-05]
[-0.00010922151837403082, -5.122090481995967e-05]
[3.1030087384642524e-05, -2.6880716091748358e-05]
[-8.160478209082167e-05, -7.991834997354147e-05]
[4.215722172920544e-06, -6.212301472039577e-05]
[-1.5306197446079972e-05, -7.459294467134642e-05]
[-5.812653672280371e-05, -8.627394611757187e-05]
[2.6295223466171747e-05, -4.9891503555138383e-05]
[-9.746152966205734e-05, -7.262549993425349e-05]
[1.0585262097351222e-05, -1.1875002137173851e-06]
[-9.827572910794946e-05, -1.2701648684276812e-05]
[-3.302312690775522e-05, 4.578873012056617e-05]
[-7.904037712803957e-05, 4.121651190869269e-05]
[-7.018306491370085e-05, 3.943701759551166e-05]
[-3.632815686910318e-05, 3.970212313220145e-05]
[-9.89590700572196e-05, -1.6559840525648406e-05]
[1.548332470407976e-05, -1.5026233252390941e-06]
[-0.00010056935153959778, -6.625113520064563e-05]
[2.658710968789224e-05, -4.080134462745855e-05]
[-5.3206495520645436e-05, -7.71995597251109e-05]
[-2.045439868098714e-05, -7.216765539287164e-05]
[8.187422452052284e-06, -6.46248298360741e-05]
[-7.713383054003264e-05, -8.359005165719038e-05]
[2.5351252751104614e-05, -3.0825968270253856e-05]
[-9.721298894738162e-05, -4.941286894247221e-05]
[-7.255018742852171e-06, 2.1269522162303822e-05]
[-8.938094014793174e-05, 1.4160724659817436e-05]
[-4.766229795630586e-05, 4.929159988031895e-05]
[-6.161884139876516e-05, 4.641418894324456e-05]
[-8.078393604792067e-05, 1.8678261563098708e-05]
[-1.2797553568782982e-05, 2.310948826350634e-05]
[-0.00010110822410630549, -4.0325781563377294e-05]
[2.685250996314892e-05, -1.819185310125704e-05]
[-8.299157056389228e-05, -7.201819526200803e-05]
[1.1847329653036365e-05, -5.324298819271017e-05]
[-2.4530518030599358e-05, -7.161858097344802e-05]
[-4.551281072024023e-05, -7.793078559106045e-05]
[2.2337593207910622e-05, -5.1477239210478976e-05]
[-8.679892992155547e-05, -7.286458494773496e-05]
[1.4473975294526653e-05, -9.26703947795593e-06]
[-9.311520455831945e-05, -2.2177236014081503e-05]
[-2.3844222437299778e-05, 3.766990760734057e-05]
[-7.730637194272583e-05, 3.361789008365923e-05]
[-6.035906111858877e-05, 4.207900191310898e-05]
[-4.1684634712803315e-05, 4.010972270040991e-05]
[-8.866124061279734e-05, -6.57802641323979e-06]
[7.984425874490997e-06, 5.7458337635873935e-06]
[-9.611757653088526e-05, -5.607422921539984e-05]
[2.7402971794071584e-05, -3.2986653426950174e-05]
[-5.9218712278347185e-05, -7.233851344550131e-05]
[-1.0308145583545758e-05, -6.280669107473595e-05]
[6.778324697920279e-07, -6.300077087863232e-05]
[-6.462995846798214e-05, -7.857653571454251e-05]
[2.4314832476918236e-05, -3.529919154315886e-05]
[-9.006162734370715e-05, -5.413922500499546e-05]
[-1.2566529392077364e-07, 1.2011773267123216e-05]
[-8.513004976909433e-05, 4.599873766719664e-06]
[-3.901575967389659e-05, 4.558359398876277e-05]
[-6.31793256392274e-05, 4.170587958252092e-05]
[-7.057736390783664e-05, 2.4625141673784157e-05]
[-1.9771269204701958e-05, 2.759470597690772e-05]
[-9.276141250161296e-05, -2.9116925859024034e-05]
[2.2046169533357363e-05, -1.1386954094999568e-05]
[-8.342463831796654e-05, -6.502678289733999e-05]
[1.669270134063705e-05, -4.447826579435238e-05]
[-3.19521115336981e-05, -6.787164410837921e-05]
[-3.318347416915446e-05, -7.019923760173859e-05]
[1.6507338701121643e-05, -5.2324544281959207e-05]
[-7.741641652421472e-05, -7.169602887330956e-05]
[1.7965245465212387e-05, -1.630763643023503e-05]
[-8.703755783745493e-05, -2.979563544236452e-05]
[-1.6488522723442922e-05, 3.0048134176785535e-05]
[-7.575459480833879e-05, 2.498018942653779e-05]
[-5.109036161057151e-05, 4.206488655134066e-05]
[-4.554380159811633e-05, 4.021813204707625e-05]
[-7.908047986780742e-05, 3.008284299998998e-06]
[8.220338611197864e-07, 1.1020820918195007e-05]
[-9.122093394520192e-05, -4.7104623400101575e-05]
[2.6090581362131493e-05, -2.512427104678361e-05]
[-6.30242304057449e-05, -6.669696082042473e-05]
[-1.1533047098860605e-06, -5.474804792406085e-05]
[-7.627445547671308e-06, -6.131421402380804e-05]
[-5.375961431483556e-05, -7.285946799742704e-05]
[2.3019848050948033e-05, -3.863811351588475e-05]
[-8.201611933161823e-05, -5.698756118861781e-05]
[4.948500263612932e-06, 4.055618653048265e-06]
[-8.154991945935608e-05, -4.817968706605225e-06]
[-3.0681203347551755e-05, 4.0140807148869584e-05]
[-6.341769934410657e-05, 3.698432046927991e-05]
[-6.154084659150405e-05, 2.9749001248691176e-05]
[-2.5830553777736465e-05, 2.993557101743649e-05]
[-8.4688016441542e-05, -1.9682577680341096e-05]
[1.6291895090392305e-05, -4.4538096801716165e-06]
[-8.199465102054493e-05, -5.725555816468719e-05]
[2.0332730381295017e-05, -3.720917309990579e-05]
[-3.9147073593551185e-05, -6.445914552601767e-05]
[-2.3034553173754968e-05, -6.243740005905992e-05]
[1.1031226443164455e-05, -5.234528357773299e-05]
[-6.732783627362571e-05, -6.932672845541554e-05]
[1.9252432056693358e-05, -2.1817143506935865e-05]
[-8.180573829594251e-05, -3.641169989673787e-05]
[-9.400738702480815e-06, 2.1899005295811236e-05]
[-7.326085928197057e-05, 1.7055212862659985e-05]
[-4.306843643891306e-05, 4.14081404902511e-05]
[-4.854139984559677e-05, 3.826384727689813e-05]
[-7.022365694188404e-05, 1.024572565011539e-05]
[-6.099135109766118e-06, 1.6266410063470182e-05]
[-8.53516085835282e-05, -3.7639025175645324e-05]
[2.4013706468650753e-05, -1.8721270095084508e-05]
[-6.611189011081209e-05, -6.154246663154367e-05]
[5.461204750298321e-06, -4.694227699199305e-05]
[-1.4701396353671015e-05, -5.9088218758586875e-05]
[-4.270177801471778e-05, -6.693961441079114e-05]
[1.978016742587574e-05, -4.080431602158929e-05]
[-7.486720741128883e-05, -5.865045723253692e-05]
[9.617199086181527e-06, -3.47441319617503e-06]
[-7.724791891466909e-05, -1.2729661050481234e-05]
[-2.3625120675857536e-05, 3.4783278770877946e-05]
[-6.329505059894658e-05, 3.077476475266128e-05]
[-5.324601046175631e-05, 3.2357616962852553e-05]
[-3.093244935420403e-05, 3.202845522937148e-05]
[-7.659884819011253e-05, -1.0317040294499646e-05]
[1.0609103781145102e-05, 9.689035768145615e-07]
[-8.003291865224527e-05, -5.0157758196417435e-05]
[2.1629300610698232e-05, -3.0106862911438714e-05]
[-4.443705903864337e-05, -6.055530037503941e-05]
[-1.3374250610653782e-05, -5.5299259047313955e-05]
[4.355514022905127e-06, -5.180322258284756e-05]
[-5.8356049723179426e-05, -6.620179434035922e-05]
[2.0102769572316603e-05, -2.6525223445983404e-05]
[-7.585520905423193e-05, -4.114216468607823e-05]
[-3.7880703885606604e-06, 1.4691837956992693e-05]
[-7.095045295943403e-05, 8.605263326633139e-06]
[-3.556575854499894e-05, 3.8705416106787904e-05]
[-5.0475075642974e-05, 3.6113999732745317e-05]
[-6.197126300758193e-05, 1.6883183285076875e-05]
[-1.2217227389532681e-05, 1.9792868664825214e-05]
[-7.954816566016487e-05, -2.92810513504993e-05]
[2.0396397852201487e-05, -1.2322043013102135e-05]
[-6.721287053439162e-05, -5.581884132309367e-05]
[1.1150646758592564e-05, -4.01548126132828e-05]
[-2.2029018938798245e-05, -5.6781520253004845e-05]
[-3.32392985122696e-05, -6.0903742975173744e-05]
[1.645691717305775e-05, -4.229725098250925e-05]
[-6.701428713618007e-05, -5.870309899690118e-05]
[1.2545131743979532e-05, -9.554951925561106e-06]
[-7.34321036736929e-05, -2.022987683877875e-05]
[-1.6938631938967497e-05, 2.8325106628368513e-05]
[-6.236936066975063e-05, 2.486224488990052e-05]
[-4.57679609794058e-05, 3.4253221814439794e-05]
[-3.498993433651704e-05, 3.226058231770024e-05]
[-6.9130015915006e-05, -2.6598643231845465e-06]
[4.462963310386536e-06, 6.370421159862527e-06]
[-7.66264342784706e-05, -4.2564171771272696e-05]
[2.2110042699502452e-05, -2.408488060216818e-05]
[-4.9296232624659875e-05, -5.6793933294139315e-05]
[-5.81616769954052e-06, -4.846726358018541e-05]
[-1.6719804599996113e-06, -5.0872388882411065e-05]
[-4.895551398308856e-05, -6.22355005985252e-05]
[1.917603360385156e-05, -2.983599844499918e-05]
[-7.047964010417629e-05, -4.498644512417049e-05]
[1.3987252646951998e-06, 7.359088191022378e-06]
[-6.80906998847125e-05, 1.2086940487099351e-06]
[-2.8914460105222695e-05, 3.573612242846469e-05]
[-5.164052172698316e-05, 3.2327065622062e-05]
[-5.454324341612471e-05, 2.1383789594597857e-05]
[-1.793009480619001e-05, 2.3113983790179482e-05]
[-7.313809474171484e-05, -2.0796441665554832e-05]
[1.65807469065804e-05, -7.025603195820462e-06]
[-6.776925096002584e-05, -5.0367684621459297e-05]
[1.4580527911201013e-05, -3.372154100611535e-05]
[-2.7927309935293215e-05, -5.421660394735583e-05]
[-2.3887707787429574e-05, -5.486795499800223e-05]
[1.1763211256232697e-05, -4.284436576784678e-05]
[-5.98605504580213e-05, -5.800403215023425e-05]
[1.4942554167451938e-05, -1.5176270132033487e-05]
[-6.911450664004448e-05, -2.6075370404221587e-05]
[-1.1230280791349467e-05, 2.2378772144060477e-05]
[-6.117921939392812e-05, 1.7982375521419236e-05]
[-3.8991043989720225e-05, 3.408349618383433e-05]
[-3.828284845470292e-05, 3.2196930692340864e-05]
[-6.176101181280813e-05, 4.612143967797078e-06]
[-1.1221550597351193e-06, 1.0495660910297966e-05]
[-7.307765992037307e-05, -3.5533591888375904e-05]
[2.0741516946504168e-05, -1.8255343015249892e-05]
[-5.231959110638118e-05, -5.270972389755102e-05]
[1.108720542555841e-06, -4.218572964335282e-05]
[-8.311753110432085e-06, -4.9494698964730466e-05]
[-4.061148794311242e-05, -5.803649273697234e-05]
[1.785655933159158e-05, -3.261223059070062e-05]
[-6.454134061387173e-05, -4.708876394811379e-05]
[5.33591733062333e-06, 1.2113962455650995e-06]
[-6.536036524394662e-05, -6.2877535184913125e-06]
[-2.277163972511098e-05, 3.131786123988789e-05]
[-5.213669162895673e-05, 2.8506603292788313e-05]
[-4.756431142250578e-05, 2.519411912454972e-05]
[-2.2612720012554766e-05, 2.4917957340941932e-05]
[-6.715306210650085e-05, -1.3397196403752698e-05]
[1.1764112819473427e-05, -1.8284457080630645e-06]
[-6.666980312595994e-05, -4.454005099258085e-05]
[1.7225936726428248e-05, -2.8027054473231394e-05]
[-3.369255755066025e-05, -5.1504611178886973e-05]
[-1.6115541322317406e-05, -4.909881554584789e-05]
[7.201975966736329e-06, -4.308035824971204e-05]
[-5.2224212372525836e-05, -5.603342644789483e-05]
[1.587946896594583e-05, -1.938115490004999e-05]
[-6.509018633768515e-05, -3.137352685622652e-05]
[-5.992366642379454e-06, 1.5853616579936114e-05]
[-5.956468249204705e-05, 1.1689042770157698e-05]
[-3.274317035362878e-05, 3.3392537497289876e-05]
[-4.056668191101346e-05, 3.0578989825835734e-05]
[-5.517870787422052e-05, 1.0254195402070732e-05]
[-6.8179321054545605e-06, 1.4425004300600008e-05]
[-6.849783189075143e-05, -2.830411444598724e-05]
[1.894889362491492e-05, -1.319294401125326e-05]
[-5.485895563307752e-05, -4.86062266336143e-05]
[6.0712472568918985e-06, -3.636965277374962e-05]
[-1.4066766305852185e-05, -4.8003936016704704e-05]
[-3.2140735451147845e-05, -5.331022374961518e-05]
[1.5192727018817354e-05, -3.420403001781064e-05]
[-5.897809695364076e-05, -4.850627649557321e-05]
[8.701700620894481e-06, -4.814116515150513e-06]
[-6.232051838858665e-05, -1.2511090601158292e-05]
[-1.722301353399014e-05, 2.6985491802689054e-05]
[-5.2001874308933715e-05, 2.3498848573666464e-05]
[-4.139584231904747e-05, 2.7145241298875966e-05]
[-2.6856460087529288e-05, 2.6381551780696455e-05]
[-6.083737928910815e-05, -6.209245875549163e-06]
[7.201372277609863e-06, 2.489735531296944e-06]
[-6.525723672846928e-05, -3.8868298397568e-05]
[1.796984022839343e-05, -2.2709886776120514e-05]
[-3.796651234450055e-05, -4.868463464971669e-05]
[-8.713108620238275e-06, -4.343712680758734e-05]
[1.8109311202274547e-06, -4.257143641062458e-05]
[-4.51944791722142e-05, -5.3713917689979934e-05]
[1.6236244640754904e-05, -2.3194085268740672e-05]
[-6.070067552046976e-05, -3.503195574344753e-05]
[-1.5597840122005824e-06, 1.0134244468079645e-05]
[-5.7742222969767165e-05, 4.905184593284595e-06]
[-2.7140282875204313e-05, 3.112210014288852e-05]
[-4.23201973247609e-05, 2.8695739350659277e-05]
[-4.872465196296971e-05, 1.5292694460211642e-05]
[-1.1656151696848305e-05, 1.7229999616313885e-05]
[-6.409781809652015e-05, -2.1622517399289e-05]
[1.5811492558998053e-05, -8.361323556749234e-06]
[-5.576399679742272e-05, -4.4299909679794414e-05]
[1.0345764333397067e-05, -3.097828005452219e-05]
[-1.9959156448329067e-05, -4.612019610717019e-05]
[-2.472757524630241e-05, -4.873480780797279e-05]
[1.2258533777620428e-05, -3.551489131998348e-05]
[-5.300834800871235e-05, -4.8439470550706853e-05]
[1.0987119033772919e-05, -9.582176369149487e-06]
[-5.931762681440911e-05, -1.8525651736739368e-05]
[-1.2210299360715382e-05, 2.1747089202883707e-05]
[-5.152110663324272e-05, 1.8660204595788432e-05]
[-3.551397575115266e-05, 2.8430154289715848e-05]
[-3.002341850842638e-05, 2.65272969980912e-05]
[-5.516088558379928e-05, -1.1087352794203476e-07]
[2.0912366325009923e-06, 6.579508480875074e-06]
[-6.256803523427279e-05, -3.3022606753002615e-05]
[1.81369636245432e-05, -1.7891560397303996e-05]
[-4.1876689394343414e-05, -4.563429170138626e-05]
[-2.85161650179222e-06, -3.825438939228723e-05]
[-3.223329942889097e-06, -4.200475155079772e-05]
[-3.793302539670251e-05, -5.047008535266455e-05]
[1.5418955085860775e-05, -2.5740327844692157e-05]
[-5.643764118108685e-05, -3.813092737173229e-05]
[2.2858966461647423e-06, 4.2259626445995124e-06]
[-5.574321876389288e-05, -1.053827884012204e-06]
[-2.1861255970735682e-05, 2.857275134737769e-05]
[-4.319076567002589e-05, 2.559888573505642e-05]
[-4.3091569263763174e-05, 1.882688687102063e-05]
[-1.6386519831670943e-05, 1.967787931048126e-05]
[-5.902778515980145e-05, -1.5037420409758084e-05]
[1.2616017199901242e-05, -4.0883352180054455e-06]
[-5.6248432767941337e-05, -3.9870076512980857e-05]
[1.2873079472910942e-05, -2.609749495235264e-05]
[-2.4813923417773068e-05, -4.427158680473959e-05]
[-1.7478331479241216e-05, -4.38703766137403e-05]
[8.4163455019437e-06, -3.5871588618601596e-05]
[-4.729889441149049e-05, -4.793700965926781e-05]
[1.2603826313989375e-05, -1.4114529215972227e-05]
[-5.61389248877886e-05, -2.3175566699673578e-05]
[-7.649262673353752e-06, 1.689028794216174e-05]
[-5.0538933564339694e-05, 1.3081641446782699e-05]
[-3.0374297857898615e-05, 2.8194536045245133e-05]
[-3.2813382245880374e-05, 2.6267874202123842e-05]
[-4.9332390238160384e-05, 5.501959918330357e-06]
[-2.4399154993914873e-06, 9.917756582628057e-06]
[-5.980913680193878e-05, -2.7308063256639703e-05]
[1.681183224305771e-05, -1.3449164354820131e-05]
[-4.4359956328468564e-05, -4.255257288740544e-05]
[2.4568102958977267e-06, -3.3204254306109376e-05]
[-8.60781697432228e-06, -4.084219322085395e-05]
[-3.1267668457891223e-05, -4.721634407612099e-05]
[1.4057515342405513e-05, -2.8018355228073832e-05]
[-5.1913241555581746e-05, -3.973598199019657e-05]
[5.424369108802951e-06, -7.169892791702992e-07]
[-5.354583133836133e-05, -7.105458029427192e-06]
[-1.71898353866079e-05, 2.4930080532614696e-05]
[-4.3763230930998764e-05, 2.2341005705805994e-05]
[-3.755605577342169e-05, 2.1651911841114035e-05]
[-2.012984531756662e-05, 2.1121324829898036e-05]
[-5.436977208954363e-05, -9.04156735848094e-06]
[8.548004582581425e-06, -1.1208971534282242e-07]
[-5.5386485823621934e-05, -3.5351871837896454e-05]
[1.4753380252779946e-05, -2.149933758274769e-05]
[-2.946151965754068e-05, -4.203706445919187e-05]
[-1.1305656840369938e-05, -3.9403597269001105e-05]
[4.480524997893531e-06, -3.615499167747803e-05]
[-4.13602167498861e-05, -4.626473113053878e-05]
[1.3301348371047572e-05, -1.7448529318883632e-05]
[-5.2892565001377845e-05, -2.743454520520716e-05]
[-3.6831214318688854e-06, 1.158233951426002e-05]
[-4.944577983928555e-05, 7.884420080789267e-06]
[-2.538320213852502e-05, 2.7411788885045585e-05]
[-3.4601994066957645e-05, 2.4915991696849993e-05]
[-4.423214595843106e-05, 1.0037400351381454e-05]
[-7.174264312501122e-06, 1.288779812480545e-05]
[-5.614748025443983e-05, -2.1637157630705062e-05]
[1.515923464390223e-05, -9.328191001536923e-06]
[-4.638924511012055e-05, -3.91714859757572e-05]
[6.315581858554187e-06, -2.871674237347327e-05]
[-1.3438884625172759e-05, -3.977165886417163e-05]
[-2.4633071694850177e-05, -4.334762558526068e-05]
[1.1829625853179704e-05, -2.9237731159419134e-05]
[-4.740068542552489e-05, -4.08678089582476e-05]
[7.87490446216288e-06, -5.593347368354484e-06]
[-5.131218883187849e-05, -1.217166577691109e-05]
[-1.2722702964346189e-05, 2.126250832454324e-05]
[-4.3610396224261216e-05, 1.8235144788353308e-05]
[-3.279314713958842e-05, 2.31607190730454e-05]
[-2.366652979050171e-05, 2.2092359582698284e-05]
[-4.932266333598778e-05, -3.4112123815377426e-06]
[4.731816692457591e-06, 3.4221557264901836e-06]
[-5.424124011751963e-05, -3.067646346484321e-05]
[1.5170904864830748e-05, -1.739760123352363e-05]
[-3.301708755789473e-05, -3.989875006732077e-05]
[-5.541248709162172e-06, -3.4801127461093e-05]
[5.765299783411226e-08, -3.5689828187406014e-05]
[-3.564941129929888e-05, -4.441317209558787e-05]
[1.3303266236996958e-05, -2.0535391398124325e-05]
[-4.9543950197156184e-05, -3.035932700289068e-05]
[-1.0805732200691587e-07, 6.869446997348483e-06]
[-4.794524163199976e-05, 2.3591589167204496e-06]
[-2.1056896901273936e-05, 2.5486805152852288e-05]
[-3.613070110222022e-05, 2.3174579524665173e-05]
[-3.907269578025396e-05, 1.3901313639513857e-05]
[-1.1134996567921385e-05, 1.5178018072742328e-05]
[-5.263191614808538e-05, -1.6143632777548822e-05]
[1.243888944332805e-05, -5.590761680940304e-06]
[-4.7159278006483896e-05, -3.580869668507597e-05]
[9.532558326780238e-06, -2.433046170394887e-05]
[-1.8228632271785616e-05, -3.819800948358593e-05]
[-1.8633187263460485e-05, -3.972213236553461e-05]
[9.170262373556226e-06, -3.0327481618824814e-05]
[-4.273284912584274e-05, -4.07411718371109e-05]
[9.688346741310028e-06, -9.46762503190035e-06]
[-4.885349515965087e-05, -1.7036032726264194e-05]
[-8.857907061843306e-06, 1.6950539959786903e-05]
[-4.335585529234576e-05, 1.4124764309036975e-05]
[-2.80708495112008e-05, 2.3964558001160485e-05]
[-2.6218761271720736e-05, 2.218501692344277e-05]
[-4.482274318474977e-05, 1.5726777675140191e-06]
[4.4723202141661034e-07, 6.5699335405899895e-06]
[-5.2076290753350074e-05, -2.6043450886178987e-05]
[1.5064607388537432e-05, -1.345229124921632e-05]
[-3.6155422219262545e-05, -3.735952095798058e-05]
[-8.52420307548285e-07, -3.072241543366182e-05]
[-4.261551547653231e-06, -3.5294460939687845e-05]
[-2.9909142742718525e-05, -4.1712409970836965e-05]
[1.256777146238508e-05, -2.2570279100242452e-05]
[-4.603878352665847e-05, -3.282998610593113e-05]
[2.8008636790283203e-06, 2.0511702453207548e-06]
[-4.647951053989019e-05, -2.5970461282887047e-06]
[-1.6787202458103112e-05, 2.3196467763386686e-05]
[-3.6800634423489464e-05, 2.060084636412718e-05]
[-3.4635724955531244e-05, 1.6745870925816142e-05]
[-1.5070915427004006e-05, 1.6977172989263156e-05]
[-4.85418574414781e-05, -1.091452525853187e-05]
[9.647958394226608e-06, -2.0680596410360685e-06]
[-4.749679616450342e-05, -3.2116060128553614e-05]
[1.1456980236745906e-05, -2.0506370208381308e-05]
[-2.2326200279983166e-05, -3.678095945532827e-05]
[-1.2911548913859677e-05, -3.572517603788296e-05]
[5.968038849640811e-06, -3.0576776039834e-05]
[-3.802768132957213e-05, -4.029039232086862e-05]
[1.075539418546323e-05, -1.3140589637472555e-05]
[-4.642319300328379e-05, -2.084772632572618e-05]
[-5.152652741799435e-06, 1.2841964374316062e-05]
[-4.252340947541455e-05, 9.533997009203432e-06]
[-2.4035146181475286e-05, 2.369928884560224e-05]
[-2.8558100687308893e-05, 2.1756827233765375e-05]
[-4.012678721607155e-05, 5.975187975154617e-06]
[-3.355734735976945e-06, 9.32489591540242e-06]
[-4.979554398713837e-05, -2.128785447587378e-05]
[1.3827804127647392e-05, -9.972532436605674e-06]
[-3.824581602288046e-05, -3.493099582467865e-05]
[3.257106461457271e-06, -2.658502491875714e-05]
[-8.6889947352696e-06, -3.430918003145909e-05]
[-2.4429438961082184e-05, -3.906011309964298e-05]
[1.118658464571709e-05, -2.4410549679450277e-05]
[-4.248413071794577e-05, -3.409905136562974e-05]
[5.3341856040278746e-06, -2.053342390173629e-06]
[-4.4657438179593334e-05, -7.5359328917667945e-06]
[-1.3124051904248035e-05, 2.0150601638180277e-05]
[-3.7343936673650546e-05, 1.7726309332805057e-05]
[-3.0170173578467074e-05, 1.883307796324285e-05]
[-1.8159441700693613e-05, 1.815077881445193e-05]
[-4.4758634203126424e-05, -5.949713517583444e-06]
[6.191257979640263e-06, 1.0402866355563312e-06]
[-4.681287980498605e-05, -2.8496865399185722e-05]
[1.2746944115640813e-05, -1.672618940956605e-05]
[-2.6097831250897208e-05, -3.4908674352481135e-05]
[-7.876302115954192e-06, -3.2130886771821344e-05]
[2.500523348505923e-06, -3.081672049051569e-05]
[-3.329335585391252e-05, -3.8861879895702583e-05]
[1.1263103321723644e-05, -1.5873764668231094e-05]
[-4.372582042744266e-05, -2.4276487066793306e-05]
[-2.072738122374518e-06, 8.46885211930326e-06]
[-4.172961613811699e-05, 5.116298582602541e-06]
[-1.998684893526545e-05, 2.2824579498564868e-05]
[-3.000682381717329e-05, 2.0605246510430053e-05]
[-3.602401594744731e-05, 9.693685073031144e-06]
[-7.31458180594502e-06, 1.159632137515132e-05]
[-4.6816978359218164e-05, -1.6724995301725665e-05]
[1.2245426926182912e-05, -6.561459912790557e-06]
[-3.983265452237039e-05, -3.2090857198463496e-05]
[6.33858515285135e-06, -2.300354865406376e-05]
[-1.2830143555644935e-05, -3.346878947794573e-05]
[-1.9129245999480442e-05, -3.5846044671981794e-05]
[9.279973001680153e-06, -2.538851952033766e-05]
[-3.872210216508687e-05, -3.494769150012844e-05]
[7.142243245772395e-06, -6.032190253274505e-06]
[-4.293993817597319e-05, -1.1771591280851368e-05]
[-9.48005947602748e-06, 1.694602622223651e-05]
[-3.719192187692094e-05, 1.4305992095370312e-05]
[-2.636184202230163e-05, 2.0018150298006798e-05]
[-2.11021648694118e-05, 1.875238972262605e-05]
[-4.0659429658321256e-05, -1.4518812131436576e-06]
[2.894518808471691e-06, 3.9760173897729345e-06]
[-4.579251716742283e-05, -2.4568668741120625e-05]
[1.2963417715269876e-05, -1.3465367033560494e-05]
[-2.9114980105694743e-05, -3.319937255263916e-05]
[-3.3240269004114475e-06, -2.8333134169201968e-05]
[-1.1890914845130718e-06, -3.0410325434374573e-05]
[-2.853711806072995e-05, -3.728283378537454e-05]
[1.1026202119679418e-05, -1.8365865989189434e-05]
[-4.108028394948782e-05, -2.6680108907703448e-05]
[8.390709772959637e-07, 4.472734983329563e-06]
[-4.0471605769087926e-05, 5.587921003691321e-07]
[-1.6537029486098087e-05, 2.1168729535003816e-05]
[-3.129503345578044e-05, 1.8957944512926206e-05]
[-3.183901876697981e-05, 1.268931270442808e-05]
[-1.0654318408145902e-05, 1.3487125408356837e-05]
[-4.388220318106428e-05, -1.212703354422362e-05]
[9.882008851214152e-06, -3.5958729763529984e-06]
[-4.04999150387525e-05, -2.936432672822481e-05]
[8.757619396171368e-06, -1.938465466133632e-05]
[-1.6768844120415398e-05, -3.2145722243027454e-05]
[-1.4160613380949372e-05, -3.285410570529968e-05]
[6.845653085396641e-06, -2.625097594852882e-05]
[-3.497065580596037e-05, -3.4799306684818454e-05]
[8.579917312095953e-06, -9.271219429063393e-06]
[-4.088224225624881e-05, -1.5733508350823655e-05]
[-6.414849332780914e-06, 1.334754377324554e-05]
[-3.703107122501881e-05, 1.072581288374952e-05]
[-2.2522079142248824e-05, 2.0457610067359244e-05]
[-2.3223078986441686e-05, 1.8795582192615568e-05]
[-3.696010420350948e-05, 2.687288275293742e-06]
[-7.21065655379105e-07, 6.445410772881743e-06]
[-4.402108900740387e-05, -2.079102846450076e-05]
[1.2634718224380226e-05, -1.019360700831029e-05]
[-3.163492911536364e-05, -3.10583147429197e-05]
[5.094878968853189e-07, -2.5010163687232828e-05]
[-4.955409383139431e-06, -3.0075823467232404e-05]
[-2.389945845415742e-05, -3.501057925425592e-05]
[1.0336761141177542e-05, -2.004774484487548e-05]
[-3.813367567745418e-05, -2.86276439018171e-05]
[3.0896978228667216e-06, 5.021217547029888e-07]
[-3.9331017237603794e-05, -3.6599966321548827e-06]
[-1.3046778972111706e-05, 1.906090992870313e-05]
[-3.1836184885197794e-05, 1.677779337225238e-05]
[-2.8223614397443475e-05, 1.5008119677223375e-05]
[-1.3937629312371635e-05, 1.4811906929729224e-05]
[-4.053265061398914e-05, -7.880784389319162e-06]
[7.372776747921472e-06, -6.596912004164235e-07]
[-4.067764771983895e-05, -2.6241194300995196e-05]
[1.025486145186938e-05, -1.629229813318589e-05]
[-2.0282897097712027e-05, -3.098448893453865e-05]
[-9.56792530092121e-06, -2.953001836361298e-05]
[4.121573208490381e-06, -2.6445882060729953e-05]
[-3.101127861526026e-05, -3.4329662665991134e-05]
[9.267826958189729e-06, -1.2259000111244922e-05]
[-3.894552843214383e-05, -1.892990497656677e-05]
[-3.3812180041392637e-06, 9.785779484405843e-06]
[-3.632541403941758e-05, 6.89262497119425e-06]
[-1.9249240953797542e-05, 2.016878038280101e-05]
[-2.5162674730830684e-05, 1.824451564566565e-05]
[-3.3125887875906646e-05, 6.198682515751175e-06]
[-3.999334006465904e-06, 8.737120077317861e-06]
[-4.2044991744219495e-05, -1.6776380415139958e-05]
[1.1495975820410842e-05, -7.389713809174969e-06]
[-3.3418944744137424e-05, -2.905833348038067e-05]
[3.7204378541128014e-06, -2.1582151717373932e-05]
[-8.651004005474916e-06, -2.924633500768362e-05]
[-1.9306418561401e-05, -3.2751523080527594e-05]
[8.969896178753767e-06, -2.1511419818501243e-05]
[-3.525203296739221e-05, -2.9660030036772478e-05]
[5.137556253684283e-06, -2.988902517653269e-06]
[-3.779960845703978e-05, -7.732729320503173e-06]
[-1.0087541856357296e-05, 1.6473599145999662e-05]
[-3.2293718068995836e-05, 1.4193192728467752e-05]
[-2.458030479780826e-05, 1.6547880391099e-05]
[-1.6555236265231033e-05, 1.5761568194605502e-05]
[-3.735106280587652e-05, -3.7154279543261115e-06]
[4.41615903649939e-06, 1.8283591760037687e-06]
[-4.012342772431732e-05, -2.3247902325870817e-05]
[1.1094756815419049e-05, -1.3153922619940639e-05]
[-2.3370736208082332e-05, -2.940564384165331e-05]
[-5.385739668510581e-06, -2.6535531774300215e-05]
[1.0351871944855318e-06, -2.660022234267801e-05]
[-2.714424949894212e-05, -3.310428704282435e-05]
[9.60785211456816e-06, -1.4558572909426082e-05]
[-3.666720969520976e-05, -2.169495096829288e-05]
[-9.259099640335222e-07, 6.137600569805501e-06]
[-3.5692948089235954e-05, 3.0639985042213436e-06]
[-1.5935634730044473e-05, 1.92276964277871e-05]
[-2.6375822372290414e-05, 1.7233386734066825e-05]
[-2.9718636761773276e-05, 9.279453811461558e-06]
[-7.326659088313647e-06, 1.0502626756225819e-05]
[-3.9584731681141516e-05, -1.3012818008528715e-05]
[9.957936994306471e-06, -4.543350600377805e-06]
[-3.464071191436324e-05, -2.6648346439832327e-05]
[6.222872889094511e-06, -1.8631430874452293e-05]
[-1.2244552487071514e-05, -2.8523938677199687e-05]
[-1.4990117726025425e-05, -3.005434463087533e-05]
[7.292662904945235e-06, -2.2327529759804537e-05]
[-3.206278543826935e-05, -3.0252577045447593e-05]
[6.496131323863175e-06, -6.261286997058524e-06]
[-3.641028564529969e-05, -1.1341215206808752e-05]
[-7.09554519635891e-06, 1.3619465092207239e-05]
[-3.216069554605461e-05, 1.1294154458357797e-05]
[-2.1439592099254876e-05, 1.7474379735538115e-05]
[-1.8998400571602903e-05, 1.6098055165725267e-05]
[-3.3977763288742246e-05, -5.013223108862874e-08]
[1.5020839138485398e-06, 4.28054553805457e-06]
[-3.916257376931909e-05, -1.9910765399824837e-05]
[1.1175383566736086e-05, -1.0483496355156996e-05]
[-2.5958844997509e-05, -2.7966458544982295e-05]
[-1.739802848815808e-06, -2.337149030906538e-05]
[-2.099483031078875e-06, -2.6258768721381612e-05]
[-2.3119220524139145e-05, -3.168782220110784e-05]
[9.223399360810958e-06, -1.6565992297254417e-05]
[-3.449942483599311e-05, -2.370909021201517e-05]
[1.4506257054458516e-06, 2.6819263635735613e-06]
[-3.463382051135944e-05, -7.443153620945164e-07]
[-1.3101837442311415e-05, 1.777321583062985e-05]
[-2.742905664546852e-05, 1.5669685629965402e-05]
[-2.628673043615637e-05, 1.163265341602715e-05]
[-1.0207983401656906e-05, 1.2061983438477197e-05]
[-3.705264435435729e-05, -9.123519296189153e-06]
[7.891485645047935e-06, -2.126946316877154e-06]
[-3.521671469490506e-05, -2.435625790207091e-05]
[8.040656650595834e-06, -1.5621408383792446e-05]
[-1.5526916665424204e-05, -2.7411251321391404e-05]
[-1.0813833201846201e-05, -2.749890149902033e-05]
[5.063043182595983e-06, -2.2978288775597072e-05]
[-2.8963840542656216e-05, -3.0099450383940657e-05]
[7.618359740030334e-06, -9.024923098913118e-06]
[-3.46699583363419e-05, -1.459300964457011e-05]
[-4.596784932989206e-06, 1.0571455555191678e-05]
[-3.201688764314925e-05, 8.129249472993427e-06]
[-1.8290565314755744e-05, 1.764942231555211e-05]
[-2.080648926573725e-05, 1.6082818446089275e-05]
[-3.0846854346192054e-05, 3.417437234393139e-06]
[-1.5705285958955706e-06, 6.261025650905472e-06]
[-3.768609237148057e-05, -1.6745474531454363e-05]
[1.0679154830314785e-05, -7.753441346430856e-06]
[-2.799155543945636e-05, -2.6150009318052364e-05]
[1.4365780798691885e-06, -2.057960334888101e-05]
[-5.4112029602079725e-06, -2.5927350373206384e-05]
[-1.929088003507079e-05, -2.9759265913552324e-05]
[8.547381515622288e-06, -1.7990651905969157e-05]
[-3.199116832504345e-05, -2.5229431473747232e-05]
[3.2353219838882064e-06, -6.264141261258516e-07]
[-3.36866795542512e-05, -4.390457838926443e-06]
[-1.0231536906560312e-05, 1.581580718795772e-05]
[-2.788858535512223e-05, 1.378051880940312e-05]
[-2.3256149284573563e-05, 1.3527107756011736e-05]
[-1.295473813812259e-05, 1.3045967262953484e-05]
[-3.4270777682213205e-05, -5.598779871829329e-06]
[5.597352998987226e-06, 3.299545663359993e-07]
[-3.52527498981986e-05, -2.1693110559099782e-05]
[9.213867008112109e-06, -1.3045948118295403e-05]
[-1.8565640309595177e-05, -2.6400097465028444e-05]
[-7.064025494760151e-06, -2.4709583998001362e-05]
[2.693525380660644e-06, -2.3146248905385816e-05]
[-2.5589326638167376e-05, -2.958489805696997e-05]
[8.050453554467318e-06, -1.1467397322176276e-05]
[-3.305899299832493e-05, -1.731364707104055e-05]
[-2.106823837499938e-06, 7.43651183807148e-06]
[-3.1424334987734115e-05, 4.878209802355871e-06]
[-1.556078821858542e-05, 1.7329030275792245e-05]
[-2.2398974577735216e-05, 1.545685798773344e-05]
[-2.7680078718138323e-05, 6.268500998968252e-06]
[-4.450079663320672e-06, 8.166471959308863e-06]
[-3.592083361486642e-05, -1.3327725513143096e-05]
[9.627736281270227e-06, -5.430531288444507e-06]
[-2.9518813146223177e-05, -2.443484022241968e-05]
[3.972004410046637e-06, -1.771812470876058e-05]
[-8.547172949333048e-06, -2.523330680112481e-05]
[-1.539411827621625e-05, -2.7769326326958048e-05]
[7.2266687391048245e-06, -1.913961036566214e-05]
[-2.9580783611024564e-05, -2.608242513818526e-05]
[4.880366525156221e-06, -3.6431064878161834e-06]
[-3.2393232975852504e-05, -7.787270693351833e-06]
[-7.775424911288242e-06, 1.3577126966174413e-05]
[-2.8236889937353904e-05, 1.1437762533150764e-05]
[-2.02568979943904e-05, 1.4665574321615082e-05]
[-1.5218087145732473e-05, 1.3796528134907282e-05]
[-3.1525283532646275e-05, -2.0788096215251795e-06]
[3.045791961656108e-06, 2.371695562830567e-06]
[-3.478507293645794e-05, -1.9142954148357316e-05]
[9.718156124063904e-06, -1.0426391879411745e-05]
[-2.1123156975291768e-05, -2.5064600304568196e-05]
[-3.5526657405429707e-06, -2.2141911034554915e-05]
[-6.341255658071088e-08, -2.32041702355381e-05]
[-2.2354091290727185e-05, -2.852493542118001e-05]
[8.2356694935809e-06, -1.343547275954593e-05]
[-3.11181994535753e-05, -1.9551827425925983e-05]
[-9.881080595408598e-08, 4.351046124978497e-06]
[-3.087067600657245e-05, 1.521498998985349e-06]
[-1.2831365714865983e-05, 1.635520530396395e-05]
[-2.3441939626025338e-05, 1.4535438060514494e-05]
[-2.4779109466105398e-05, 8.829513816560608e-06]
[-7.264314936916705e-06, 9.567286065326197e-06]
[-3.3854621890344605e-05, -1.0149621702301714e-05]
[8.132677548622347e-06, -3.048147250175881e-06]
[-3.0451471143277953e-05, -2.2377786411849343e-05]
[6.019064232642979e-06, -1.5218627994660616e-05]
[-1.1683813874596369e-05, -2.4567372423933784e-05]
[-1.1810852600756608e-05, -2.5485017215601345e-05]
[5.708670195864185e-06, -1.983770822251013e-05]
[-2.68507177483418e-05, -2.6458865957947747e-05]
[5.92411928980463e-06, -6.360096211924238e-06]
[-3.121158762454945e-05, -1.0897169890514147e-05]
[-5.310889974324828e-06, 1.1010559952978616e-05]
[-2.813180093444445e-05, 8.933153315543452e-06]
[-1.760072616298434e-05, 1.537103256740724e-05]
[-1.7245478311486706e-05, 1.3951221013969173e-05]
[-2.8713369558369672e-05, 9.67818099828488e-07]
[4.335552613171645e-07, 4.419387786114282e-06]
[-3.38603711747959e-05, -1.628893848498736e-05]
[9.693801789764644e-06, -8.17904221435406e-06]
[-2.335055545186343e-05, -2.3798393898802686e-05]
[-5.883370798528964e-07, -1.9485415060419703e-05]
[-2.778214235873988e-06, -2.2922872453369405e-05]
[-1.8914700616424335e-05, -2.721368805219367e-05]
[7.77061953025071e-06, -1.5053546331196543e-05]
[-2.9277586007875334e-05, -2.1256996069064782e-05]
[1.8361823097418073e-06, 1.326946354296421e-06]
[-2.9979349745606898e-05, -1.7061098273596365e-06]
[-1.0444264135288372e-05, 1.5044422521065526e-05]
[-2.4280741832652386e-05, 1.3059967944456519e-05]
[-2.1936054411031414e-05, 1.0707110493557437e-05]
[-9.788926728697411e-06, 1.0840345309098831e-05]
[-3.162167880363387e-05, -6.839635135313937e-06]
[6.30540728802087e-06, -1.027877348735995e-06]
[-3.093590583912176e-05, -2.038886359909814e-05]
[7.3871032900824085e-06, -1.2701108120974358e-05]
[-1.4460762391992413e-05, -2.3630218704018182e-05]
[-8.269642313339653e-06, -2.3244825575129916e-05]
[3.6739634916016506e-06, -2.030561154992179e-05]
[-2.4221837739216157e-05, -2.6302310311143717e-05]
[6.775548027679323e-06, -8.747317698815094e-06]
[-2.973216766928577e-05, -1.359177271319234e-05]
[-3.223432062923748e-06, 8.385661558751867e-06]
[-2.796604899785171e-05, 6.114635004439428e-06]
[-1.4998994410072089e-05, 1.5362902217513907e-05]
[-1.881427677817224e-05, 1.386669749847691e-05]
[-2.6007160019748954e-05, 3.883325521147896e-06]
[-2.201524673658972e-06, 6.045655887854107e-06]
[-3.260038790847686e-05, -1.3570704608736883e-05]
[9.082865367354698e-06, -5.894012353291345e-06]
[-2.500532664221483e-05, -2.225023334700288e-05]
[2.0601066998415796e-06, -1.7080533148222665e-05]
[-5.699672290176289e-06, -2.2570665948856358e-05]
[-1.5687230020683396e-05, -2.5559145285355012e-05]
[7.084270538984527e-06, -1.6276446036085634e-05]
[-2.7127276396948785e-05, -2.2436467423045392e-05]
[3.2859963663006697e-06, -1.4647557092656305e-06]
[-2.9145468595115354e-05, -4.88475791161902e-06]
[-8.073376061117077e-06, 1.3226533690346987e-05]
[-2.4684517218973023e-05, 1.1381860869574822e-05]
[-1.9340603254994204e-05, 1.224520636908255e-05]
[-1.2098178982150598e-05, 1.1582837122020573e-05]
[-2.9275752939705857e-05, -3.852792737096822e-06]
[4.192791878049329e-06, 1.0282459560473356e-06]
[-3.0861150564220896e-05, -1.8105232370210778e-05]
[8.298046241514423e-06, -1.0501585221624199e-05]
[-1.7095428089981823e-05, -2.270956012186305e-05]
[-5.15434438922574e-06, -2.088352083902314e-05]
[1.5669660994380163e-06, -2.0455369168012952e-05]
[-2.132378231695098e-05, -2.5742610848712363e-05]
[7.037608185947453e-06, -1.0759528398796014e-05]
[-2.833817192339494e-05, -1.5925077146289324e-05]
[-1.1792907085583781e-06, 5.604251580720865e-06]
[-2.7471937706691207e-05, 3.310659050820286e-06]
[-1.2671282879447854e-05, 1.4999421657918566e-05]
[-2.0113559097456254e-05, 1.3207068952664214e-05]
[-2.336020586107823e-05, 6.240813818253477e-06]
[-4.75955868357858e-06, 7.620926738394207e-06]
[-3.099759267703728e-05, -1.0645443538612187e-05]
[8.098566287861875e-06, -3.921110983351461e-06]
[-2.630506414125211e-05, -2.0730599118858745e-05]
[4.08752296403303e-06, -1.467618493632139e-05]
[-8.406806309636111e-06, -2.1988578327547005e-05]
[-1.2357478046902577e-05, -2.376697334242027e-05]
[5.832703324909483e-06, -1.7170975231173974e-05]
[-2.5051507763856895e-05, -2.314069559908663e-05]
[4.592863648525403e-06, -4.0946494753307805e-06]
[-2.8049979281102866e-05, -7.754534461598683e-06]
[-5.989155220098574e-06, 1.1249724330891775e-05]
[-2.4922394921703117e-05, 9.25485749986299e-06]
[-1.684890292233572e-05, 1.3092397058128702e-05]
[-1.4079607990487991e-05, 1.2151661403558833e-05]
[-2.686605646257112e-05, -8.670001092891955e-07]
[1.9644958975800764e-06, 2.744071354948696e-06]
[-3.0442146631795564e-05, -1.587741942563059e-05]
[8.559086239673386e-06, -8.30637893860231e-06]
[-1.9243599615248463e-05, -2.1574330563118443e-05]
[-2.1903026758557376e-06, -1.863430726304835e-05]
[-8.960202814850549e-07, -2.0425194127448188e-05]
[-1.8555193754949545e-05, -2.4811119377776344e-05]
[7.080794272348867e-06, -1.2457894198181219e-05]
[-2.667629369292046e-05, -1.7749394083721448e-05]
[4.997556478231191e-07, 2.9546326649199095e-06]
[-2.6952161942706e-05, 3.504285867039769e-07]
[-1.0409131895039447e-05, 1.4024471361728796e-05]
[-2.102382447979889e-05, 1.2336194050471816e-05]
[-2.0846829498627484e-05, 8.366678895144197e-06]
[-7.1605089678461464e-06, 8.757955328675404e-06]
[-2.922830542964605e-05, -7.905418197451386e-06]
[6.6566686976743394e-06, -1.9249018891748237e-06]
[-2.7016492220685584e-05, -1.896520998807133e-05]
[5.76032990493025e-06, -1.251223150376679e-05]
[-1.1149381227780475e-05, -2.135033029431908e-05]
[-9.326502704990955e-06, -2.1811216039617238e-05]
[4.424115154749719e-06, -1.7771871467009426e-05]
[-2.2700315170778862e-05, -2.3345524028557663e-05]
[5.412936349036279e-06, -6.377317239347757e-06]
[-2.7001770849757745e-05, -1.044981888685681e-05]
[-3.9538016763374095e-06, 8.933951467865464e-06]
[-2.4844043619305645e-05, 7.047691269607137e-06]
[-1.4561007624065616e-05, 1.3602046343985652e-05]
[-1.5766758509935808e-05, 1.2186933572772007e-05]
[-2.448838816528076e-05, 1.7127214461953866e-06]
[-3.9313305595645165e-07, 4.448683369712159e-06]
[-2.955128211115654e-05, -1.3423891640010344e-05]
[8.4429799638297e-06, -6.3721197317012646e-06]
[-2.1156317792474233e-05, -2.0425192001178108e-05]
[2.5843596194313756e-07, -1.638537209897907e-05]
[-3.2911917166346394e-06, -2.019080865830374e-05]
[-1.559875458936183e-05, -2.3579315423430565e-05]
[6.5800447083402824e-06, -1.3769002572612543e-05]
[-2.5064210591674296e-05, -1.9195092874062236e-05]
[2.068867108101502e-06, 2.924548241911573e-07]
[-2.6200486311689364e-05, -2.426777568731442e-06]
[-8.359831356545555e-06, 1.281159730323611e-05]
[-2.1678030427674938e-05, 1.095646206983325e-05]
[-1.8464876384897966e-05, 9.890177081833817e-06]
[-9.391490235370614e-06, 9.78045834243435e-06]
[-2.7234608301104912e-05, -5.077081253287985e-06]
[5.016163333648738e-06, -1.9765140679695037e-07]
[-2.7404701285760336e-05, -1.7196477778355646e-05]
[6.794732881759691e-06, -1.0394724179886572e-05]
[-1.3536169909886264e-05, -2.0554801907875057e-05]
[-6.309568548124728e-06, -1.9813352531925128e-05]
[2.5753148721816e-06, -1.8091967579909884e-05]
[-2.041638919005051e-05, -2.3177615023187853e-05]
[6.032506625272549e-06, -8.450583955446622e-06]
[-2.573850987501458e-05, -1.2709045298084365e-05]
[-2.1761078237564346e-06, 6.633237857239793e-06]
[-2.464241470218065e-05, 4.5307296752394866e-06]
[-1.2393299254884194e-05, 1.3472886855603328e-05]
[-1.713992474572509e-05, 1.2026375103862952e-05]
[-2.211752423245117e-05, 4.166115917997315e-06]
[-2.6792805572911638e-06, 5.814022361022575e-06]
[-2.84450919372653e-05, -1.1041876138748186e-05]
[7.76361493859401e-06, -4.454383362315073e-06]
[-2.252109349611814e-05, -1.9096779873464115e-05]
[2.4688130967343014e-06, -1.427646314113018e-05]
[-5.869989032684236e-06, -1.9814740897203774e-05]
[-1.2824273218552638e-05, -2.2139032807311134e-05]
[5.87046533580271e-06, -1.4821079095950207e-05]
[-2.3211100279099672e-05, -2.0108954551859015e-05]
[3.2706969423090815e-06, -2.0973032950205583e-06]
[-2.5434800111925893e-05, -5.208759299338284e-06]
[-6.391331162737546e-06, 1.1130001777659437e-05]
[-2.2036162015681704e-05, 9.42979810064637e-06]
[-1.620997010870137e-05, 1.1123165917781286e-05]
[-1.1348428937567323e-05, 1.0352037106198253e-05]
[-2.522173177386955e-05, -2.5003765064535166e-06]
[3.0691606543037375e-06, 1.5216412704854854e-06]
[-2.7251984398762863e-05, -1.5226880038132773e-05]
[7.483076702105573e-06, -8.480346686004503e-06]
[-1.5818522079741326e-05, -1.9695043405176284e-05]
[-3.6771242717600905e-06, -1.7793092441492717e-05]
[6.652293398218267e-07, -1.82206617688474e-05]
[-1.7914538044234984e-05, -2.2585753988108373e-05]
[6.180824432377996e-06, -1.012688677521495e-05]
[-2.4493784421000808e-05, -1.4713340617561466e-05]
[-4.972190858071324e-07, 4.157548102901032e-06]
[-2.422852977312928e-05, 2.070901737871722e-06]
[-1.037798927763442e-05, 1.3057584787951049e-05]
[-1.8198878280358682e-05, 1.136352103570104e-05]
[-1.9874700930504197e-05, 6.14888144939707e-06]
[-4.963480499650674e-06, 7.105863260220557e-06]
[-2.6980790411385014e-05, -8.526498432415153e-06]
[6.824583286504926e-06, -2.745518115090939e-06]
[-2.3613159790575322e-05, -1.7720101800067223e-05]
[4.113232735372674e-06, -1.2240319622141421e-05]
[-8.245449294303191e-06, -1.931860884937667e-05]
[-9.966591693203256e-06, -2.0505614899395813e-05]
[4.7001116609962645e-06, -1.5516843114835033e-05]
[-2.137939943237105e-05, -2.0679935786121345e-05]
[4.295145451638227e-06, -4.3980201861471e-06]
[-2.4501811705060494e-05, -7.667431690339122e-06]
[-4.594584892353426e-06, 9.348787416568749e-06]
[-2.217619994380332e-05, 7.501102781831692e-06]
[-1.4117299284125383e-05, 1.1759114249387803e-05]
[-1.3092277602447244e-05, 1.0756108542231413e-05]
[-2.3086301443930868e-05, 3.8425116699603024e-08]
[1.0952937989638922e-06, 2.9925118458229427e-06]
[-2.6850804879019474e-05, -1.3243636497378697e-05]
[7.57304814516524e-06, -6.6316404444821675e-06]
[-1.7650251324830002e-05, -1.8720198961871132e-05]
[-1.1703054675141211e-06, -1.5795587349681783e-05]
[-1.533511483735317e-06, -1.812073655315218e-05]
[-1.5498069043537455e-05, -2.1747972216505564e-05]
[6.098328913836659e-06, -1.1593766090348123e-05]
[-2.306288168124615e-05, -1.621567886429809e-05]
[9.299203683893476e-07, 1.8455124675964552e-06]
[-2.37226700016413e-05, -5.457115999085715e-07]
[-8.488214383241266e-06, 1.210586325889329e-05]
[-1.8995551964797602e-05, 1.0516534423993251e-05]
[-1.7673864643331927e-05, 7.906400186857843e-06]
[-7.034869408360789e-06, 8.048409288696767e-06]
[-2.543237926784514e-05, -6.124539951288255e-06]
[5.448938967297923e-06, -1.070129184904678e-06]
[-2.415948533378287e-05, -1.619347676416749e-05]
[5.469666330401579e-06, -1.0338693420576528e-05]
[-1.0642829648428026e-05, -1.8699363596057185e-05]
[-7.358584384175443e-06, -1.8808110465697936e-05]
[3.3690107377956635e-06, -1.602821849044575e-05]
[-1.93440380103424e-05, -2.0756058324675197e-05]
[4.950544984769212e-06, -6.342583804608282e-06]
[-2.3544517747622895e-05, -1.0006590058037057e-05]
[-2.906716001421783e-06, 7.25905781537306e-06]
[-2.2115744737594145e-05, 5.519447549923173e-06]
[-1.212393683809685e-05, 1.2094467962575628e-05]
[-1.4506189540727799e-05, 1.0715072533473702e-05]
[-2.1043174723706093e-05, 2.2573231010791783e-06]
[-1.0362750355874528e-06, 4.40686014782643e-06]
[-2.5999698751208444e-05, -1.1122101117450045e-05]
[7.371409331768941e-06, -4.9399211927703135e-06]
[-1.9283601957090224e-05, -1.7659054190523327e-05]
[8.843753200940552e-07, -1.3871869695578076e-05]
[-3.680893254944667e-06, -1.7915618242671976e-05]
[-1.2945609540024675e-05, -2.0587343731804384e-05]
[5.588260641772869e-06, -1.2667287109371927e-05]
[-2.1617208615834493e-05, -1.7434119363529677e-05]
[2.1982251460911373e-06, -5.028182368110867e-07]
[-2.3082608491764578e-05, -2.9718743023016136e-06]
[-6.707459055538267e-06, 1.095778572482442e-05]
[-1.9499026701275818e-05, 9.236669672507691e-06]
[-1.5651560693368677e-05, 9.16202627992968e-06]
[-9.012108032571686e-06, 8.853295799748917e-06]
[-2.3642272581461676e-05, -3.698374795829684e-06]
[3.950938861060904e-06, 4.3149450688895197e-07]
[-2.444777416522881e-05, -1.4594732380801556e-05]
[6.257468413969902e-06, -8.544130992119148e-06]
[-1.2725133420848911e-05, -1.801249277587954e-05]
[-4.78151298676649e-06, -1.7009547192310247e-05]
[1.6936414351381712e-06, -1.6236098243752745e-05]
[-1.73211332927109e-05, -2.056545802583444e-05]
[5.375523131387339e-06, -8.143757772499649e-06]
[-2.2457857117061386e-05, -1.1925984692642833e-05]
[-1.3736621874149701e-06, 5.207633111875554e-06]
[-2.1879839812756485e-05, 3.27042235129249e-06]
[-1.0298443843221455e-05, 1.188842343113894e-05]
[-1.570897635704612e-05, 1.0478378008521583e-05]
[-1.8950770373143966e-05, 4.321921338312773e-06]
[-3.0464801334811886e-06, 5.57345900648043e-06]
[-2.4998808500709124e-05, -9.003653641342924e-06]
[6.6605141007813895e-06, -3.3232485160267222e-06]
[-2.0426107573801033e-05, -1.65065552739721e-05]
[2.7246888052306906e-06, -1.2002180455848721e-05]
[-5.957311031421983e-06, -1.7523808484165657e-05]
[-1.0520625236201328e-05, -1.931043846847098e-05]
[4.8527942766163346e-06, -1.3566157525748967e-05]
[-2.001050786026165e-05, -1.8145174094097438e-05]
[3.2077195948471138e-06, -2.5795287234287034e-06]
[-2.2363318146118027e-05, -5.4092924485354965e-06]
[-5.060721689563452e-06, 9.409420691885995e-06]
[-1.9811749165203618e-05, 7.819877376802342e-06]
[-1.367667050261416e-05, 1.0133408722773352e-05]
[-1.0688736931930426e-05, 9.301189949767474e-06]
[-2.1882335736619907e-05, -1.4444214834347102e-06]
[2.161272558268146e-06, 1.8698678817263836e-06]
[-2.424557795743798e-05, -1.2882614276635285e-05]
[6.752465779427674e-06, -6.857624910226734e-06]
[-1.4697547061251481e-05, -1.7202356916147694e-05]
[-2.522913131249027e-06, -1.5258286792578166e-05]
[-6.350480039746254e-08, -1.633548954997968e-05]
[-1.5150628451358894e-05, -1.995904453245146e-05]
[5.444134061047268e-06, -9.559826714473918e-06]
[-2.1322957152930533e-05, -1.364310487422804e-05]
[8.917833263510921e-09, 3.002469422905274e-06]
[-2.1525434872743388e-05, 1.0783869753006048e-06]
[-8.538506684089425e-06, 1.1418390884782026e-05]
[-1.6576601054895876e-05, 9.831106477453666e-06]
[-1.7020878531510963e-05, 6.012812240718812e-06]
[-5.0880453479618115e-06, 6.6245518806351544e-06]
[-2.3660410847600732e-05, -6.828668517144809e-06]
[5.748276079256542e-06, -1.823622203744879e-06]
[-2.1327727754261172e-05, -1.5244139837389259e-05]
[4.0775907144824375e-06, -1.0260069238397784e-05]
[-8.070946548238006e-06, -1.708761846708467e-05]
[-8.05959165610208e-06, -1.7815240153569358e-05]
[3.7655066971870044e-06, -1.4111474425832632e-05]
[-1.836498294770228e-05, -1.8591584415410256e-05]
[4.0002041921533005e-06, -4.59254035015122e-06]
[-2.1559498745188366e-05, -7.545373791328913e-06]
[-3.4977743338104883e-06, 7.775772999762953e-06]
[-1.9873501806613736e-05, 6.0735713810489145e-06]
[-1.1895848144752828e-05, 1.061367847512984e-05]
[-1.222304020693718e-05, 9.55998828486293e-06]
[-1.998147557592117e-05, 7.202750177959238e-07]
[3.862546317234816e-07, 3.148258126917103e-06]
[-2.383985182392856e-05, -1.109547887370721e-05]
[6.7251021697439795e-06, -5.289062865440619e-06]
[-1.6281656468018768e-05, -1.6351107299262743e-05]
[-4.0214373334124254e-07, -1.3471512179102224e-05]
[-2.026789067487156e-06, -1.618739480317667e-05]
[-1.3008517600627406e-05, -1.9184692370915156e-05]
[5.2562191964755645e-06, -1.0821083902448625e-05]
[-2.0080670457583993e-05, -1.4895973894868408e-05]
[1.2331146766048073e-06, 9.53844708884155e-07]
[-2.102894882217987e-05, -1.2362171045859904e-06]
[-6.9429650033994705e-06, 1.0505039375441338e-05]
[-1.7268238820564857e-05, 8.993191810330314e-06]
[-1.5083481374980612e-05, 7.4590617026581985e-06]
[-6.898390415510658e-06, 7.417830310441076e-06]
[-2.227482862009189e-05, -4.698222491786308e-06]
[4.4495705654179485e-06, -4.117628251421035e-07]
[-2.1751954649415484e-05, -1.3909316830137963e-05]
[5.16356411500718e-06, -8.574922120321848e-06]
[-1.0165584614689471e-05, -1.6489523020738004e-05]
[-5.783502523122597e-06, -1.6317808923722128e-05]
[2.4945428019687577e-06, -1.453523759891058e-05]
[-1.659198161661768e-05, -1.8576208222625956e-05]
[4.527105983864743e-06, -6.2736014214970215e-06]
[-2.0671519913181835e-05, -9.573308759724952e-06]
[-2.0881990769328063e-06, 5.891385177952957e-06]
[-1.981810890071961e-05, 4.266524803203664e-06]
[-1.0149328795634044e-05, 1.079661367137108e-05]
[-1.3421067596485273e-05, 9.469444098936242e-06]
[-1.8195377796986767e-05, 2.6510519488542883e-06]
[-1.5388905548752163e-06, 4.320262230850247e-06]
[-2.303514094995074e-05, -9.246791892361661e-06]
[6.443408481937585e-06, -3.7956415821632783e-06]
[-1.7666832888854622e-05, -1.5365156092447818e-05]
[1.3457527736002173e-06, -1.1804759135109616e-05]
[-3.9755699288105545e-06, -1.5993520842259683e-05]
[-1.07947443941242e-05, -1.8094959247386784e-05]
[4.748998477285826e-06, -1.171307517356529e-05]
[-1.8764422741616993e-05, -1.591109045441519e-05]
[2.2578671696887875e-06, -1.117877799175493e-06]
[-2.0473031542095343e-05, -3.3851010140389937e-06]
[-5.386511936815441e-06, 9.400793072905644e-06]
[-1.7654400087184496e-05, 7.811570477744834e-06]
[-1.3340489136849654e-05, 8.505976908851354e-06]
[-8.64916350523659e-06, 8.037656394704884e-06]
[-2.0664751167270845e-05, -2.606456718512451e-06]
[3.059633665133954e-06, 9.068551623386822e-07]
[-2.1940657375596473e-05, -1.2451652512235345e-05]
[5.767735226300252e-06, -7.038233481186651e-06]
[-1.2004878463710983e-05, -1.588100599534889e-05]
[-3.5772092578517656e-06, -1.469276922687248e-05]
[9.758114149147068e-07, -1.4662860284166308e-05]
[-1.4775476497516649e-05, -1.8352591990813266e-05]
[4.793744430853231e-06, -7.834105646371825e-06]
[-1.97252389749214e-05, -1.1225746432336203e-05]
[-7.584316006753467e-07, 4.0348105698612136e-06]
[-1.955769741185387e-05, 2.2560430482515548e-06]
[-8.591638153181841e-06, 1.0542168305399668e-05]
[-1.446881511308045e-05, 9.163238449516609e-06]
[-1.6342821029177723e-05, 4.38994824272787e-06]
[-3.3311421501758254e-06, 5.3277736869750125e-06]
[-2.21043491576145e-05, -7.345330971755826e-06]
[5.727347986636544e-06, -2.422520078176893e-06]
[-1.863659546082891e-05, -1.4349375120865232e-05]
[2.8719701506418893e-06, -1.0138613360757831e-05]
[-5.987039122067397e-06, -1.5598310248248447e-05]
[-8.648264654321884e-06, -1.6939779277640784e-05]
[3.993010606564984e-06, -1.2470641235946822e-05]
[-1.7359358235304045e-05, -1.6469026858596802e-05]
[3.109541791376791e-06, -2.9484347269792543e-06]
[-1.9792598082934987e-05, -5.520555220406287e-06]
[-3.9943687149476825e-06, 7.979284690623478e-06]
[-1.7917332972822164e-05, 6.4783512811472654e-06]
[-1.1605054148708556e-05, 9.255665088969689e-06]
[-1.0104304779993273e-05, 8.391117081896216e-06]
[-1.9096912827983037e-05, -6.164910016787095e-07]
[1.420474230781621e-06, 2.1144516426513382e-06]
[-2.171009923784828e-05, -1.0947475365279125e-05]
[6.09477093445332e-06, -5.543711258035322e-06]
[-1.3705686594943367e-05, -1.5118979726280735e-05]
[-1.615596295127808e-06, -1.3151548770158096e-05]
[-6.555704622004943e-07, -1.4724136828367894e-05]
[-1.2880780836707628e-05, -1.774825049285795e-05]
[4.80100214957091e-06, -9.048452774995663e-06]
[-1.8679237646312963e-05, -1.2689465065635064e-05]
[3.871214904888065e-07, 2.0702813620376848e-06]
[-1.9241879901127357e-05, 2.77272727028377e-07]
[-7.04971075079705e-06, 1.0020911376418251e-05]
[-1.5187734537482761e-05, 8.53995350275083e-06]
[-1.4655028128626735e-05, 5.8453129954672e-06]
[-5.153332958182655e-06, 6.178334983480971e-06]
[-2.0882911122080405e-05, -5.450704576193122e-06]
[4.829426547336979e-06, -1.0979677069894445e-06]
[-1.936589599638161e-05, -1.3186888162243504e-05]
[3.998389706091898e-06, -8.628898418489017e-06]
[-7.887124956091306e-06, -1.519876936205769e-05]
[-6.5203015560243854e-06, -1.5571391589174963e-05]
[2.982750398963785e-06, -1.2904669402583058e-05]
[-1.5864562484715905e-05, -1.6798112581845048e-05]
[3.7158192699865422e-06, -4.707401185854998e-06]
[-1.9087067119505363e-05, -7.399631520924044e-06]
[-2.6306589884853016e-06, 6.4608400138499444e-06]
[-1.7922019868797656e-05, 4.896963001238541e-06]
[-1.0066857425786602e-05, 9.616678882495844e-06]
[-1.1448897937336305e-05, 8.526820342330543e-06]
[-1.7402098251906306e-05, 1.2371393766641425e-06]
[-1.9815941809664395e-07, 3.2331955917841437e-06]
[-2.1286371488002387e-05, -9.326979276469416e-06]
[5.98755113860594e-06, -4.198712993563891e-06]
[-1.509103241172094e-05, -1.4358934159651449e-05]
[1.7916595483613573e-07, -1.15493138656865e-05]
[-2.412727242929319e-06, -1.454794823347043e-05]
[-1.0961492071144552e-05, -1.701343789060677e-05]
[4.530360364338182e-06, -1.0124700112579266e-05]
[-1.7587460977117053e-05, -1.3747806876358848e-05]
[1.4392720229794431e-06, 2.311425515710841e-07]
[-1.8758381478037323e-05, -1.77182838255463e-06]
[-5.684713697447219e-06, 9.152167001452716e-06]
[-1.577830653045481e-05, 7.706192036632808e-06]
[-1.2946357394506142e-05, 7.03121274514551e-06]
[-6.756584606200378e-06, 6.850177202033514e-06]
[-1.961791447399608e-05, -3.548029245861728e-06]
[3.6132400601379677e-06, 1.0077931671126361e-07]
[-1.9698330264314445e-05, -1.2002815783201948e-05]
[4.8538861070479555e-06, -7.130919179108852e-06]
[-9.71850396718453e-06, -1.462816980221009e-05]
[-4.5132461099044174e-06, -1.4227441649550168e-05]
[1.76527430736928e-06, -1.3241949142582879e-05]
[-1.4306974082042845e-05, -1.6720461901044772e-05]
[4.135272082733676e-06, -6.180731390297012e-06]
[-1.8259461137967725e-05, -9.154586799620112e-06]
[-1.4413066875829106e-06, 4.761249066453921e-06]
[-1.7858421117740442e-05, 3.2306636364581864e-06]
[-8.534382506527466e-06, 9.670573565850882e-06]
[-1.2477828571316046e-05, 8.400968903227168e-06]
[-1.5814372929801035e-05, 2.928848690908481e-06]
[-1.9335852593782565e-06, 4.2066343872437795e-06]
[-2.053154265675705e-05, -7.699864838298098e-06]
[5.633613794187031e-06, -2.8758334726930457e-06]
[-1.6258224158731405e-05, -1.3443900194282099e-05]
[1.681456746928378e-06, -1.0083989957519746e-05]
[-4.194886410820511e-06, -1.4350080213359172e-05]
[-9.03009488200171e-06, -1.599616579704092e-05]
[4.028461012925422e-06, -1.0878104419340118e-05]
[-1.6379994290521838e-05, -1.4580684945593447e-05]
[2.2703351877512157e-06, -1.596419633015378e-06]
[-1.8261408839689852e-05, -3.6963145671059516e-06]
[-4.3230122330761844e-06, 8.08121920181648e-06]
[-1.607675274922088e-05, 6.615543474419727e-06]
[-1.1420416202254785e-05, 7.90862141852866e-06]
[-8.302460116908078e-06, 7.317086220703928e-06]
[-1.8169166346899968e-05, -1.7320014638333436e-06]
[2.3070696698324067e-06, 1.2628645576079345e-06]
[-1.9792895959533374e-05, -1.0670017216635186e-05]
[5.317953041414358e-06, -5.797927737756503e-06]
[-1.135721927963615e-05, -1.4072321392888387e-05]
[-2.618416841793092e-06, -1.2758864312020259e-05]
[3.8318462946412835e-07, -1.3315038790734368e-05]
[-1.2662329694893004e-05, -1.645728639102905e-05]
[4.277783323139439e-06, -7.527572207025046e-06]
[-1.742103752658264e-05, -1.0593662025812356e-05]
[-2.8790185274685243e-07, 3.061991036196199e-06]
[-1.7585925922797285e-05, 1.43041571167013e-06]
[-7.1854010468934415e-06, 9.383746519597835e-06]
[-1.338186250047016e-05, 8.037110152320226e-06]
[-1.417238485832556e-05, 4.397524623944715e-06]
[-3.5517865942663596e-06, 5.079390225093405e-06]
[-1.9647671719330573e-05, -5.985620760665111e-06]
[4.928574556639642e-06, -1.6969262747051905e-06]
[-1.708940631962169e-05, -1.2531302994642918e-05]
[2.942493287798331e-06, -8.59755266642212e-06]
[-5.977380758440294e-06, -1.3963300551055264e-05]
[-7.114297296132062e-06, -1.4930682294105784e-05]
[3.262349173749346e-06, -1.1505243741723181e-05]
[-1.513688405075514e-05, -1.5022436462334976e-05]
[2.985508025313277e-06, -3.2292357002999816e-06]
[-1.7619734082652272e-05, -5.56781197597056e-06]
[-3.1306161551170053e-06, 6.776084594595222e-06]
[-1.628499384260379e-05, 5.351574960538175e-06]
[-9.894607044566399e-06, 8.474152827731007e-06]
[-9.58202312034348e-06, 7.592588588234417e-06]
[-1.674912698547415e-05, 3.332971293401599e-08]
[8.097802543377552e-07, 2.284171605929086e-06]
[-1.9547046792481315e-05, -9.331231569431608e-06]
[5.501591384460269e-06, -4.472055562823596e-06]
[-1.2822855186347959e-05, -1.3360597556981782e-05]
[-9.006377638398622e-07, -1.1381013019164284e-05]
[-1.1375863992399426e-06, -1.3331989307704658e-05]
[-1.0994897013463789e-05, -1.586746368909247e-05]
[4.2321321888638685e-06, -8.583352902005736e-06]
[-1.6454027585002806e-05, -1.1834392485761402e-05]
[6.705639863796575e-07, 1.3099310082476112e-06]
[-1.7290128886807143e-05, -3.722984871223911e-07]
[-5.834937469216539e-06, 8.820127800596156e-06]
[-1.3986678154657983e-05, 7.438263150666424e-06]
[-1.2673341599704624e-05, 5.655071542598478e-06]
[-5.175076488200814e-06, 5.766802466694587e-06]
[-1.8533832029238306e-05, -4.319695333376838e-06]
[4.0391521583249546e-06, -5.25868271830654e-07]
[-1.7666565190199712e-05, -1.1461794731285058e-05]
[3.887181970627096e-06, -7.270318426892686e-06]
[-7.696019894105205e-06, -1.3581941795094091e-05]
[-5.264213159071607e-06, -1.3680831841302076e-05]
[2.3182221440681827e-06, -1.1857331578588037e-05]
[-1.3771831928389988e-05, -1.5243016598835007e-05]
[3.4459187739227515e-06, -4.7645381081456994e-06]
[-1.6985397344251862e-05, -7.236780261696274e-06]
[-1.9424105621723697e-06, 5.353072710601037e-06]
[-1.62517361582612e-05, 3.915565504469809e-06]
[-8.545621092317761e-06, 8.738324114188067e-06]
[-1.0753738413335316e-05, 7.628767668216296e-06]
[-1.5236694961756614e-05, 1.6306574394109319e-06]
[-6.82780277976025e-07, 3.2636028572397002e-06]
[-1.9100081208714426e-05, -7.859134638507626e-06]
[5.338523065293033e-06, -3.303528988307658e-06]
[-1.4042622359419776e-05, -1.266519436220366e-05]
[6.206893533935998e-07, -9.944517844437048e-06]
[-2.7179763037350757e-06, -1.31434141539934e-05]
[-9.264774746010548e-06, -1.5155640535751162e-05]
[3.901651983689858e-06, -9.493953776695818e-06]
[-1.5479312908246723e-05, -1.2737871637524822e-05]
[1.5710138080993197e-06, -3.571971277233077e-07]
[-1.6826064045002975e-05, -2.1900453143069987e-06]
[-4.650048871394918e-06, 7.995060729820702e-06]
[-1.4479657944672236e-05, 6.610904233400605e-06]
[-1.116584345875124e-05, 6.626361571865358e-06]
[-6.61169716385801e-06, 6.333531095664702e-06]
[-1.7360731266950757e-05, -2.6156425350226664e-06]
[2.905280277798461e-06, 5.030879754591711e-07]
[-1.7926551107758093e-05, -1.0394097949784076e-05]
[4.548890578159881e-06, -5.939131361265559e-06]
[-9.30155342107955e-06, -1.3044983340393303e-05]
[-3.48331127463658e-06, -1.2454937808467669e-05]
[1.1543416901238501e-06, -1.2111357098567276e-05]
[-1.2388591541054317e-05, -1.5123672158303542e-05]
[3.7700486549968604e-06, -6.0700205713193345e-06]
[-1.6215657865525923e-05, -8.753826954692456e-06]
[-9.259432958014235e-07, 3.816686682422965e-06]
[-1.6168997227831994e-05, 2.369113878950002e-06]
[-7.2020005229336825e-06, 8.687424760511764e-06]
[-1.1649600641378075e-05, 7.473172220051616e-06]
[-1.3804741600099979e-05, 3.1165076694039673e-06]
[-2.245389973336287e-06, 4.077485970199746e-06]
[-1.8394164441784544e-05, -6.41014773686277e-06]
[4.92329124039681e-06, -2.1327093798761965e-06]
[-1.502180551501281e-05, -1.1819903538684562e-05]
[1.919365379493554e-06, -8.637061955498598e-06]
[-4.353372558572009e-06, -1.2931035293733528e-05]
[-7.5667127199131184e-06, -1.4210731463077785e-05]
[3.4020901488809874e-06, -1.013961961314827e-05]
[-1.4369538337569154e-05, -1.3409468180337197e-05]
[2.250422010297015e-06, -1.9710899143293714e-06]
[-1.63668901024816e-05, -3.926650249147512e-06]
[-3.4612064128969333e-06, 6.9547904606726e-06]
[-1.4714081029633397e-05, 5.599854081661526e-06]
[-9.810388490339578e-06, 7.359684246338594e-06]
[-7.972566563957395e-06, 6.678015425587436e-06]
[-1.6055681085820617e-05, -1.025136313476116e-06]
[1.6678371890649357e-06, 1.5256264613572323e-06]
[-1.7937102552878503e-05, -9.176381004068201e-06]
[4.901437855711621e-06, -4.766218250316923e-06]
[-1.076802715837405e-05, -1.2522133426167738e-05]
[-1.8480860135214328e-06, -1.1129070979156927e-05]
