[425.766921392436, -4.887294238364272]
[0.06161717632984676, -2.165694552482833]
[5.161247680977091, -13.307575786835066]
[0.4572711533008942, -0.2617665640115945]
[0.7827191725745148, 0.036976234883553616]
[-0.107158628630593, -0.0835388621612907]
[-0.9054925280796446, 1.6552689760562487]
[0.37309769992782904, -0.021956235784134748]
[0.020441149498660494, 0.35120533359674067]
[-0.029299524025376833, -0.04845656667483911]
[-0.06378016209919402, -0.18135334800857794]
[-0.028427061589340497, -0.14576184069745324]
[0.03495698577530071, 0.03869842320905015]
[0.015182528497472259, 0.01926052728898142]
[-0.028525293352207215, 0.050568800531973324]
[0.01829117895519694, -0.005322081849389093]
[-0.0592454484044147, 0.06822068587267793]
[0.028416578137451243, -0.01294231996396511]
[0.012795031130815815, -0.013952509560127058]
[-0.02411549765965404, -0.01871640951695208]
[0.0022410309018905394, -0.010985778919946121]
[-0.0008817461175514296, -0.011794558782161957]
[0.0010240553022793364, 0.021521336804314117]
[0.009575461034007748, 0.00787614853628682]
[-0.021838786554129408, 0.008189024945650658]
[0.007501887954270536, -0.010513093542932062]
[-0.006306487084894563, 0.004807972299991192]
[-0.0021863463972570107, -0.004574977222354212]
[0.01058311818213431, -0.00568895944647449]
[-0.009228380768708355, -0.002561486369693]
[-0.002418574678601182, 0.0067551838239063855]
[0.006527616634126598, -0.00033695984386650224]
[-0.006758589741203913, 0.004996442726030281]
[0.0038010072136072104, -0.002154863546508956]
[-0.0072459035219560874, -0.002085650399591188]
[-0.0009944349068127245, -0.005644943080385101]
[0.004788752649525385, 0.0017199821042765961]
[-0.0037601546544979714, 0.0018817268664476847]
[0.0020579473859045905, 0.0016902434386761173]
[0.0002541479441973138, -0.0006315922952326858]
[-0.005534337801352596, 0.0030807732519795294]
[0.004358294209268365, -0.002324205771325083]
[-0.002782629176369178, -0.0021584165215928763]
[-0.0016042911794142967, -0.002659167404660323]
[0.0004487780707456146, 0.00011665108381553324]
[-0.0015695314641483993, 0.00013514128599012576]
[0.0024091466006415097, 0.0033371711512150126]
[-3.470157893592507e-05, 0.001668141823234548]
[-0.0028819821999750417, 0.00044605368865979766]
[0.0017310931737353208, -0.0027596410100292346]
[-0.0023680829906487233, -0.0009744457773206427]
[-1.659588254054878e-05, -0.0017242832686674703]
[0.0008664261858512545, -0.0009451581483119753]
[-0.0018674319276228424, 0.0001952952166615063]
[0.00028790629239949794, 0.002722075103440691]
[0.0008404925945690866, 0.0010812774996769858]
[-0.0008919508796578768, 0.0010539414287560611]
[0.0005650419556690878, -0.0010766861056137333]
[-0.0018137997206673084, -0.0016345239658073218]
[-0.00023174520578406188, -0.0022163077022736566]
[0.0006967291145822951, -0.00032301090907616015]
[-0.000950384334855503, 0.0006062277874301358]
[0.00013856376716092633, 0.0013018545504479562]
[0.0002989978292502471, 0.0005943718959651179]
[-0.0012554650429978942, 0.0014528587054882802]
[0.0009555869663057104, -0.0005682577694091986]
[-0.0005207134631698487, -0.0012514593205608243]
[-0.0008766423762041065, -0.0014485852909553731]
[0.00022209726743382951, -0.0006189252257366995]
[-0.0005122260128851419, -4.18123572645257e-05]
[0.0003024890654960144, 0.0011497532397122256]
[0.00031515328419962074, 0.0008471459148546856]
[-0.0013010553385048862, 0.0007338742797253772]
[0.0006866124238931182, -0.0007211874911027261]
[-0.0004557483979796828, -0.0004091130229094686]
[-0.0005146559649925608, -0.0007791918258983066]
[0.000644505630803871, -0.0007540212164812016]
[-0.0008683150679074103, -0.00011660986725070543]
[-5.151678915060742e-05, 0.000853494728414006]
[0.0005890190211160218, 0.00048242654315755473]
[-0.0008659025885514732, 0.0005290615245372443]
[0.0004393904608297472, -0.000379560436710058]
[-0.0006856022914287774, -0.0004371772464089041]
[-0.0003441312803255103, -0.0007906968197363695]
[0.0007212296052533373, -0.00022487970106463417]
[-0.0007298911129101082, 0.00022692703184584717]
[0.0001009079285052561, 0.00038976498771720047]
[0.00027663406557376646, 0.00015767017046020015]
[-0.0008710311890351985, 0.0004810152211964791]
[0.0006095068257631064, -0.00031284467336378796]
[-0.00045396269940500833, -0.0004928713872853763]
[-0.00044590681738010396, -0.0005769810436553335]
[0.0003590430045905535, -8.528274566144134e-05]
[-0.00046341919490608396, 0.00015775664205517834]
[0.000327356481134744, 0.0004865740136795263]
[0.00010602969816542185, 0.00030552506070891106]
[-0.0007549757214562192, 0.00014708837778076855]
[0.00046578311075284873, -0.0005035212556792068]
[-0.00040549288057523114, -0.0003313858829283589]
[-0.00025050387301739363, -0.00036713900084794915]
[0.0003074430269583983, -0.00018260998270491768]
[-0.0004897675815582758, 0.00012492029375721359]
[0.00013890055789267386, 0.0005806658492484296]
[0.00021607572745174775, 0.0002929878137785044]
[-0.00042155960730114184, 0.00010443517426372492]
[0.0002244006477531979, -0.0003859330919606663]
[-0.00042628719870640985, -0.0004190363815581577]
[-0.00015700762949932834, -0.0004592878032765313]
[0.00029308061037081057, -8.18008827825345e-05]
[-0.00037474153821848155, 0.00024351031715963423]
[3.822078120352401e-05, 0.0004205386741105155]
[0.00015418351036888822, 0.000184632882331337]
[-0.0003774942814201987, 0.00023744200027442375]
[0.00024095616761043992, -0.000260903185822281]
[-0.00020905507125357214, -0.00045857208938598903]
[-0.0002779618316408605, -0.00042368340350162903]
[0.00015545736148481204, -9.592259221169464e-05]
[-0.00020836947556607255, 0.00015678902277249662]
[6.335239065535792e-05, 0.00038382317620522244]
[0.00011672370700499535, 0.00024294979192229782]
[-0.00042030270031867545, 0.0001698214763499184]
[0.0002098963290517175, -0.0002919840531916962]
[-0.0001038304712866478, -0.0002886542460906749]
[-0.0002560822375080596, -0.0002782080901153061]
[0.00019809533036541094, -0.0001876286424840612]
[-0.00024581559425895794, 6.767598546231213e-05]
[-2.9909978437103746e-05, 0.0003572332909298481]
[0.0002102834058084757, 0.0002113354823367608]
[-0.00034068383682894776, 0.00011745380657668392]
[0.0001232833660057553, -0.0002238900144907463]
[-0.00015305467778459203, -0.00022933190422858019]
[-0.0002000869571821412, -0.0002647926779834574]
[0.0002742450616455977, -0.00010171980468747996]
[-0.0002528948892641658, 0.00012579554808311855]
[-4.556142284173337e-05, 0.00021970978948560038]
[0.00018303063431307498, 9.55691138213588e-05]
[-0.00033774241676515215, 0.00013115971441202134]
[0.00016425654035445714, -0.0001601635613750485]
[-0.0001181108086115712, -0.00023841196162766032]
[-0.00023526570381859901, -0.0002265288767089868]
[0.00020685075442261613, -2.222886750569142e-05]
[-0.00018097763669533418, 0.00012288337098796676]
[3.9719290206852165e-05, 0.0001929112389920662]
[0.00011277132958131819, 9.814680205733062e-05]
[-0.00034720307501856507, 4.5494754856045816e-05]
[0.00017082858235012433, -0.00021215615088943096]
[-9.728755506071413e-05, -0.0001805662655458562]
[-0.00019636554890944957, -0.00013848529112148178]
[0.0001704213103149721, -3.621124521124841e-05]
[-0.0001850433880012381, 9.543612748413866e-05]
[2.5345925604103314e-05, 0.00023658075220560348]
[0.0001305331929147835, 0.00010555685967256201]
[-0.00025072945861570606, -1.0900030509630732e-05]
[9.695476944093784e-05, -0.00021043295175626753]
[-0.00013075894723957315, -0.00018568002055796562]
[-0.00013261278728304848, -0.00014668299516040761]
[0.00016897394906462138, -5.261289652613854e-06]
[-0.00017147914929882546, 0.0001385399523652353]
[-1.4410606634207568e-05, 0.000205715326079825]
[0.00011650903593550532, 6.300257421610472e-05]
[-0.00019767617073923605, 2.8476922096636395e-05]
[8.40840244775709e-05, -0.00016526079541268057]
[-8.328066732210537e-05, -0.0002251295423876254]
[-0.0001538654900462566, -0.00016056653325802195]
[0.00011145511639137906, 1.0575615103647351e-05]
[-0.00010127973755080788, 0.00013355386921198864]
[-5.379623075896234e-06, 0.0001887810273915047]
[8.287552480823468e-05, 7.709905829939023e-05]
[-0.00020684621165811823, 2.8379799789257643e-05]
[7.995379957698168e-05, -0.00017269919432549852]
[-2.307761621278548e-05, -0.00018338109844190376]
[-0.00015892734176348178, -0.00011675766543539634]
[9.6720560849195e-05, -3.3652548045548514e-05]
[-9.036282619853675e-05, 8.734591245107559e-05]
[-3.607135200342504e-05, 0.00019362305972991933]
[0.00011192859959330281, 8.871052194092677e-05]
[-0.00018058784828600682, 1.0116318936770341e-05]
[3.81494085118228e-05, -0.0001565885958185187]
[-2.8975803217701213e-05, -0.0001436170466745379]
[-0.00013326741172614565, -0.00010607627264373753]
[0.00013237791912124042, -2.79520875829109e-05]
[-0.0001003946975998149, 9.267571396542884e-05]
[-6.474898080288671e-05, 0.00014335916437357987]
[0.00012189657291197808, 4.584186271849866e-05]
[-0.00017095340980760598, 2.5245315741440066e-05]
[4.136753182681918e-05, -0.00011500499208672021]
[-2.1836335536429274e-05, -0.0001412343961376683]
[-0.00014607109011630093, -0.00010158858744459959]
[0.00012211942941081633, 8.352379210273958e-06]
[-7.420190089180156e-05, 9.442447268065424e-05]
[-3.445114335232091e-05, 0.00010806977615740454]
[9.278450594463195e-05, 3.114411703575293e-05]
[-0.00018800734867269187, 3.8602808296595015e-06]
[5.915768359920914e-05, -0.0001226811241059611]
[-7.992644315168995e-06, -0.00011354078757119801]
[-0.00014310949716866972, -6.058200596892327e-05]
[0.00010285158044409659, 9.17735941635689e-06]
[-7.171699679199561e-05, 7.426218288408837e-05]
[-2.242358741379874e-05, 0.00012066665019197856]
[9.249454680038127e-05, 3.5587278363391484e-05]
[-0.0001594275568100878, -3.375393514293279e-05]
[3.6118132199947084e-05, -0.00013170800113893044]
[-2.871171282609053e-05, -0.00010004343246761138]
[-0.00010817382429595401, -4.868822664794159e-05]
[0.00010421312819175466, 2.0529701638016817e-05]
[-7.798147930226929e-05, 8.768689422516962e-05]
[-3.661391152365301e-05, 0.00011425643984216971]
[8.97700338992613e-05, 1.4841434397776243e-05]
[-0.00012337218692476393, -2.677369219102055e-05]
[2.4434185926902607e-05, -0.00011295594876536974]
[-2.5277840447812672e-05, -0.00012119490497775054]
[-0.00010381316236973692, -5.9732338465234847e-05]
[7.890880181349313e-05, 3.817038326370259e-05]
[-4.9234524218122466e-05, 9.749782938850426e-05]
[-3.1109184379318755e-05, 0.00010401075252519654]
[6.610230776760151e-05, 1.3532777207073132e-05]
[-0.00011976691678572404, -1.9592896961406758e-05]
[2.6018466324273515e-05, -0.00011341715115226192]
[4.906512485358672e-06, -0.00011498568153817113]
[-0.00010785339961050244, -4.570831587491497e-05]
[5.6414284232197964e-05, 2.00812366444314e-05]
[-3.251352913583028e-05, 7.655434679154638e-05]
[-3.9013617473715456e-05, 0.00011190194398702502]
[6.989685539282586e-05, 2.7660270091378614e-05]
[-0.00010733530820161707, -2.6953622549674705e-05]
[5.0795453097052246e-06, -0.00011242257901511194]
[1.0010953349570695e-05, -9.308673287047094e-05]
[-9.351777416699569e-05, -3.825353554298694e-05]
[6.844221775681447e-05, 9.083958832423189e-06]
[-3.667397827417096e-05, 7.064549857882518e-05]
[-6.10642640836434e-05, 9.510553884251038e-05]
[8.126797785013018e-05, 1.425243714314739e-05]
[-9.571009112901985e-05, -1.639741258929739e-05]
[-3.1861372578045888e-06, -8.835095228454382e-05]
[1.1836591423675102e-05, -8.874782825268879e-05]
[-9.586602654371168e-05, -4.204897425998458e-05]
[7.080143791007854e-05, 2.303931404464693e-05]
[-2.5498689383174344e-05, 7.169458366573789e-05]
[-5.404029820632594e-05, 6.841900288023783e-05]
[6.994395150911048e-05, 1.6833948792704945e-06]
[-0.00010640221602609135, -1.622327591022099e-05]
[8.52952137264662e-06, -8.162454883942072e-05]
[2.2124430134717876e-05, -7.45917341062885e-05]
[-0.00010144933939965073, -2.430845400319681e-05]
[6.113166159044114e-05, 2.5565959728482412e-05]
[-2.0377450947295372e-05, 5.761295029309277e-05]
[-4.150788951912121e-05, 6.716594972534795e-05]
[6.619936078122723e-05, 3.67001836110159e-06]
[-0.00010151233123323333, -3.697160654392295e-05]
[3.423849476651142e-06, -8.717775820255014e-05]
[1.232313837187804e-05, -5.841377361326394e-05]
[-8.464973422550592e-05, -1.0061910740821745e-05]
[6.300031025319175e-05, 2.883434895173398e-05]
[-2.867326729938391e-05, 5.7757710808698653e-05]
[-4.500839603721607e-05, 6.536753880661758e-05]
[6.715151207320469e-05, -6.799087839792772e-06]
[-8.056995946731371e-05, -4.078265769713596e-05]
[-4.030171908586677e-06, -7.855420700120241e-05]
[4.011018512384279e-06, -6.592948665895548e-05]
[-7.488904591995693e-05, -1.4530238301224685e-05]
[5.3349761431786824e-05, 4.250624868629149e-05]
[-1.9449289551332072e-05, 6.710169774587493e-05]
[-4.089051351874318e-05, 5.7874690059855904e-05]
[5.249444671516501e-05, -1.3384513567598136e-05]
[-7.360766009639058e-05, -3.566627810580765e-05]
[-1.0492438463627352e-06, -7.619654248675056e-05]
[1.6433059044973497e-05, -6.933775342521376e-05]
[-7.577718805040767e-05, -1.0398317458526485e-05]
[3.4608584380313445e-05, 3.8092301136716245e-05]
[-6.370258206933599e-06, 5.9264262670333245e-05]
[-3.9280019578591396e-05, 6.328594984927882e-05]
[4.672894900825675e-05, -4.127441823875699e-06]
[-6.63662979868418e-05, -3.909579099120597e-05]
[-1.0249012072194308e-05, -7.942544656724948e-05]
[2.262410575784579e-05, -5.8681279335434655e-05]
[-6.679477804472089e-05, -5.012223183054054e-06]
[3.463301252143447e-05, 2.653608450409184e-05]
[-6.762827643704006e-06, 5.246029035821387e-05]
[-5.252688191541288e-05, 6.0565739534834684e-05]
[5.330128432534664e-05, -5.483488198843034e-06]
[-5.5238216447484056e-05, -3.3137041714814686e-05]
[-2.0328496149329967e-05, -6.72878955075007e-05]
[2.309566534675067e-05, -5.506412061026533e-05]
[-6.385878971670866e-05, -9.896057414804371e-06]
[3.806810480916356e-05, 2.954972474178419e-05]
[-1.6696098978918883e-06, 5.2836178613402396e-05]
[-5.482160124692381e-05, 4.391852469476376e-05]
[4.948005861399318e-05, -1.321307119916959e-05]
[-5.910230494385327e-05, -2.611268848540238e-05]
[-1.52596589172993e-05, -5.742443030543054e-05]
[3.052463546748818e-05, -4.838001065354813e-05]
[-6.958129914711592e-05, -4.413633644735626e-06]
[3.318006161853737e-05, 3.0912869786322086e-05]
[4.177837610974677e-06, 4.3731818784586984e-05]
[-4.66191203279398e-05, 3.775416462936665e-05]
[4.562760565102186e-05, -1.2220704233678603e-05]
[-6.192483361533441e-05, -3.495879016979231e-05]
[-1.43809801015915e-05, -5.8730232055714815e-05]
[2.7879373718842082e-05, -3.4679135617499135e-05]
[-6.313816495823188e-05, 6.69411507803197e-06]
[3.45741555244361e-05, 3.0175155810663323e-05]
[-1.6032139786015254e-06, 3.832666891790716e-05]
[-4.6050201173403194e-05, 3.619150647287718e-05]
[4.760693742245081e-05, -1.6780932335425103e-05]
[-5.148948164396261e-05, -4.0886865137146344e-05]
[-1.8526115327127668e-05, -5.417090207571196e-05]
[1.8461283343262913e-05, -3.4049309366457337e-05]
[-5.433131588944429e-05, 6.528541457551107e-06]
[3.277512444832542e-05, 3.882068166494168e-05]
[-1.2910950267785992e-06, 4.371831480920463e-05]
[-4.3037992178751594e-05, 3.0131962932195e-05]
[3.986227572133627e-05, -2.4083468254568197e-05]
[-4.502416755713945e-05, -3.8415115861820115e-05]
[-1.557791678663545e-05, -5.048046992839339e-05]
[2.1083327677640096e-05, -3.8382967486372266e-05]
[-5.327583150226134e-05, 7.421049105671429e-06]
[2.0228744697009526e-05, 4.08166753503858e-05]
[6.643505104153569e-06, 4.1975733623189626e-05]
[-3.780886880005996e-05, 3.225503528864193e-05]
[3.170569373764365e-05, -1.9948961588222777e-05]
[-4.059068367881502e-05, -4.027111264019029e-05]
[-1.7922232962541695e-05, -5.3828569874569965e-05]
[2.533984055197447e-05, -3.398930872483552e-05]
[-4.745324670457629e-05, 1.1496191118953725e-05]
[1.5193768660992646e-05, 3.283642266282971e-05]
[7.723447132040873e-06, 3.678298626197396e-05]
[-4.365428978192476e-05, 3.4862976595717576e-05]
[3.3635739696447065e-05, -1.7136044351495627e-05]
[-3.1303374034064024e-05, -3.788321195513644e-05]
[-2.6029105165401023e-05, -4.9129155960267457e-05]
[2.507203466417876e-05, -3.1560002818835364e-05]
[-4.218779466680367e-05, 7.868213638628774e-06]
[1.685563682790603e-05, 3.114240617196895e-05]
[9.830367726865186e-06, 3.6862065405651734e-05]
[-4.8515311754537827e-05, 2.6300928987366134e-05]
[3.25585218913238e-05, -2.0837059674372327e-05]
[-3.0288875426387474e-05, -3.0047468623783935e-05]
[-2.537723264101066e-05, -4.0528433505021555e-05]
[2.9834002883810662e-05, -2.9256230048485543e-05]
[-4.549972200432184e-05, 7.235164839823616e-06]
[1.412209431037037e-05, 3.116295544099146e-05]
[1.5194521406636241e-05, 3.170829363374761e-05]
[-4.4447691139037904e-05, 1.9653168800481957e-05]
[2.921791774539162e-05, -2.0083548640581483e-05]
[-3.430089901507172e-05, -3.1460859120979734e-05]
[-2.3192590746623498e-05, -3.9136349563206885e-05]
[3.114918431312841e-05, -1.9598169075374372e-05]
[-4.42992500354622e-05, 1.3995148785736489e-05]
[1.4599892131261782e-05, 2.8474313851389876e-05]
[1.2580807533024707e-05, 2.487797788393309e-05]
[-4.278165669108214e-05, 1.7758800048811585e-05]
[3.098925237726702e-05, -2.0998710515085506e-05]
[-3.031262440050808e-05, -3.607723775134186e-05]
[-2.5281488699679944e-05, -3.628668727140294e-05]
[2.415617773468548e-05, -1.5047374942289693e-05]
[-3.812162626082305e-05, 1.5708729774910335e-05]
[1.6320915538103886e-05, 3.25468158478559e-05]
[9.562897952425375e-06, 2.6379550503489134e-05]
[-4.08674596759917e-05, 1.2811996450460064e-05]
[2.7998477360180463e-05, -2.68711311651737e-05]
[-2.563236592356688e-05, -3.521279926216314e-05]
[-2.299291841473261e-05, -3.208782244756847e-05]
[2.2076794375575082e-05, -1.7588254734968167e-05]
[-3.6351655640864955e-05, 1.5635281930825862e-05]
[9.544642766645683e-06, 3.665121433538143e-05]
[1.3174282735228804e-05, 2.6855548944770824e-05]
[-3.5033237117232385e-05, 1.22113164408022e-05]
[2.075733143941383e-05, -2.6366270077589522e-05]
[-2.3145845868877135e-05, -3.6224834917221796e-05]
[-2.1616449702110963e-05, -3.401912643213878e-05]
[2.39482433536109e-05, -1.622595712719166e-05]
[-3.2746727501517525e-05, 1.8720910819225445e-05]
[3.4476274252126515e-06, 3.253307431849706e-05]
[1.4351785598054612e-05, 2.343935407522757e-05]
[-3.5666296639702555e-05, 1.5876610710230388e-05]
[1.9635151879443535e-05, -2.298234262725074e-05]
[-1.632866550835277e-05, -3.6191584168565605e-05]
[-2.6579299917617316e-05, -3.339539949734349e-05]
[2.3033385304987997e-05, -1.4718235147190284e-05]
[-2.7042363686835547e-05, 1.6907189356540897e-05]
[3.250876340898934e-06, 2.9477229715579867e-05]
[1.4723955696932522e-05, 2.337106225369645e-05]
[-3.98912711158661e-05, 1.2832465280721017e-05]
[1.9204083024970675e-05, -2.4075020894798183e-05]
[-1.262559801273877e-05, -3.0015759364676597e-05]
[-2.807409980763731e-05, -2.744767370431965e-05]
[2.536188937249384e-05, -1.4832591488911015e-05]
[-2.7663528750554445e-05, 1.3829607563714541e-05]
[1.3989516536305757e-06, 2.8679319869912012e-05]
[1.8853180889844e-05, 2.1141965652504702e-05]
[-3.857454580452613e-05, 7.649432710366e-06]
[1.6359654759379172e-05, -2.334321441821441e-05]
[-1.53200442589152e-05, -2.7491966894221953e-05]
[-2.624826589137097e-05, -2.493607723935698e-05]
[2.8254956576323487e-05, -9.234855605472214e-06]
[-2.851589952428124e-05, 1.6735046840290688e-05]
[8.933527761330329e-07, 2.5335013771352576e-05]
[1.8732801236709395e-05, 1.5080023410107835e-05]
[-3.7000398815878466e-05, 5.77626455167124e-06]
[1.7333628762966624e-05, -2.211579016397902e-05]
[-1.473449431595164e-05, -2.9815678227906872e-05]
[-2.7196065745804798e-05, -2.294919760392755e-05]
[2.437080643802325e-05, -3.6644493668358535e-06]
[-2.488080320800501e-05, 1.8684936712115574e-05]
[3.603361986959097e-06, 2.588342437573332e-05]
[1.5278304577676094e-05, 1.386507010611715e-05]
[-3.607604170877132e-05, 1.9819976157103847e-06]
[1.7183087032579536e-05, -2.5737199336017813e-05]
[-1.1921671166592596e-05, -2.9529845912201758e-05]
[-2.5803432187894437e-05, -1.8861595461161507e-05]
[2.0737802553780216e-05, -4.0852465829077644e-06]
[-2.3143549475246328e-05, 1.831604739077619e-05]
[1.1973098213990951e-06, 2.9679870261423158e-05]
[1.597493030602859e-05, 1.4604274527048322e-05]
[-3.117311063249861e-05, -3.4892746814119135e-07]
[1.2128246789477881e-05, -2.7151587112611564e-05]
[-1.0860846336002705e-05, -2.9853841955598814e-05]
[-2.284155867904314e-05, -1.9063395913954118e-05]
[2.0750025340188216e-05, -3.854801409408637e-06]
[-2.1209226343452126e-05, 2.048261492249015e-05]
[-3.8773715050344215e-06, 2.843235190796989e-05]
[1.6660335171447826e-05, 1.2487726097576424e-05]
[-2.8750039226588253e-05, 2.4145150145926664e-06]
[9.58749669639769e-06, -2.4618743577293177e-05]
[-6.616184975313799e-06, -3.1031596117780946e-05]
[-2.478456495785819e-05, -2.016014455918924e-05]
[1.934156044891555e-05, -2.8524530469586917e-06]
[-1.6248064331314538e-05, 2.0254352976367684e-05]
[-5.189896599089305e-06, 2.5638775812519832e-05]
[1.595167696505362e-05, 1.2251592086731655e-05]
[-3.110896943553376e-05, 2.5498086682063104e-06]
[9.055818074588107e-06, -2.433672761364969e-05]
[-2.06727430646092e-06, -2.7231959846663045e-05]
[-2.6754135290643632e-05, -1.6843847403199587e-05]
[1.9646320122385097e-05, -4.0250704625519745e-06]
[-1.4830810843913245e-05, 1.6868365901423488e-05]
[-6.6447660710955425e-06, 2.458834764984541e-05]
[1.8493317858581104e-05, 1.1944990400469813e-05]
[-3.114210244439114e-05, -6.221860883171004e-07]
[6.637945783316557e-06, -2.366716086177334e-05]
[-2.867407282003409e-06, -2.3272995320011702e-05]
[-2.5631347910060054e-05, -1.4308729014783639e-05]
[2.2515822054480772e-05, -1.7669500472564104e-06]
[-1.593182346334987e-05, 1.7034634161042228e-05]
[-7.926408434139054e-06, 2.1447844773148095e-05]
[1.9812987914591407e-05, 7.636470153393748e-06]
[-2.9964041346586257e-05, -2.070376526219775e-06]
[6.642444212570653e-06, -2.142044045527758e-05]
[-3.634339385730212e-06, -2.3499735224086216e-05]
[-2.5965448520903767e-05, -1.293366198984458e-05]
[2.121758424356024e-05, 3.0605158842789137e-06]
[-1.4152027222019692e-05, 1.836921154012034e-05]
[-5.620973346678881e-06, 1.9713052606574674e-05]
[1.722082320776419e-05, 5.061346020518442e-06]
[-2.9772557784468745e-05, -4.6227796611508776e-06]
[7.800641429300814e-06, -2.277724954324878e-05]
[-2.2613780625013735e-06, -2.314764698352345e-05]
[-2.5435729701761556e-05, -9.439771408548125e-06]
[1.7792122153637013e-05, 4.151901960791626e-06]
[-1.2760029760583436e-05, 1.782437072447851e-05]
[-5.263482140971387e-06, 2.2070763851189668e-05]
[1.6342533380966917e-05, 5.287005408301064e-06]
[-2.6430158313571483e-05, -7.651124144293815e-06]
[5.069897500709075e-06, -2.4708535798889653e-05]
[-2.152580544478866e-06, -2.2807722414086573e-05]
[-2.229185367566555e-05, -8.227606453803382e-06]
[1.673548747385678e-05, 4.2053925785046076e-06]
[-1.2043133689354502e-05, 1.9062630600086283e-05]
[-8.497141200103364e-06, 2.2436586828933347e-05]
[1.64472646297098e-05, 3.9521323417085474e-06]
[-2.2748581921333555e-05, -6.4212705925548175e-06]
[2.3482325332557785e-06, -2.3314406897876477e-05]
[-1.919555937812678e-07, -2.4261799797153233e-05]
[-2.1952755948018154e-05, -9.560734219982159e-06]
[1.5100774359511071e-05, 5.025998877750126e-06]
[-8.446125795353795e-06, 1.985729201137154e-05]
[-1.010608679130956e-05, 2.0491832468438886e-05]
[1.5126751212568568e-05, 3.4844704782655e-06]
[-2.313707753492933e-05, -4.918048624347193e-06]
[1.624421425927558e-06, -2.250336009690379e-05]
[3.893969852786228e-06, -2.2638359366871502e-05]
[-2.3412751927381903e-05, -8.245862292685646e-06]
[1.3949345938596425e-05, 3.7103096262036672e-06]
[-5.938951994605146e-06, 1.724417601561834e-05]
[-1.1239982044192187e-05, 1.957112726569399e-05]
[1.607806274850354e-05, 4.197009960682507e-06]
[-2.348591670014999e-05, -6.286971044877632e-06]
[-3.5988530233677096e-07, -2.1995930951201892e-05]
[4.640428691859988e-06, -1.8837892936302003e-05]
[-2.281216762965721e-05, -6.263827851798673e-06]
[1.589107804446377e-05, 3.6526970047896443e-06]
[-6.466408144056857e-06, 1.5870521991812048e-05]
[-1.2926488247411161e-05, 1.714434822483457e-05]
[1.783695555060416e-05, 1.835481241219128e-06]
[-2.261831388361557e-05, -7.1069365603637635e-06]
[-1.2008089528836585e-06, -1.9564382230885524e-05]
[3.721149181845629e-06, -1.7654258704591363e-05]
[-2.277368279030023e-05, -5.431432873792552e-06]
[1.6231980824676917e-05, 6.893959528880833e-06]
[-5.780055502058179e-06, 1.633691729522463e-05]
[-1.1628684135719936e-05, 1.4313456909002126e-05]
[1.644595348021527e-05, -9.640247465303453e-07]
[-2.2815224604677553e-05, -8.427765647800456e-06]
[1.814067955713261e-07, -1.9115015690629455e-05]
[4.206983778856643e-06, -1.6985760494470092e-05]
[-2.288864974320237e-05, -2.8495590974064733e-06]
[1.3796102846241887e-05, 8.651339502174782e-06]
[-4.766734285122087e-06, 1.5613207362735748e-05]
[-9.94322795999647e-06, 1.4975299907307726e-05]
[1.5009564403839493e-05, -1.3485929363926674e-06]
[-2.1071561172092412e-05, -1.1289425460955793e-05]
[-6.774109737595069e-07, -2.064052753453227e-05]
[3.814852222810972e-06, -1.6057373141920017e-05]
[-2.0368858493713393e-05, -8.18709139371876e-07]
[1.2383571160734519e-05, 8.863243416756816e-06]
[-4.829635353198469e-06, 1.5951040830353147e-05]
[-1.1318541477733923e-05, 1.587606056735469e-05]
[1.4695645860075823e-05, -2.261662607944137e-06]
[-1.7431604002110523e-05, -1.146490403850127e-05]
[-2.8386076967590324e-06, -2.0135587884995143e-05]
[4.032183376578846e-06, -1.7141018431005017e-05]
[-1.8682856577190154e-05, -1.6225955998816488e-06]
[1.0824976921675056e-05, 9.655674709840856e-06]
[-2.764753734951775e-06, 1.7137125560895416e-05]
[-1.2625071848987313e-05, 1.4784022518143924e-05]
[1.3159609774077152e-05, -2.9776873440023888e-06]
[-1.6331773403432948e-05, -9.79871878614702e-06]
[-3.5905337062852594e-06, -1.9263121924053585e-05]
[6.910537675309386e-06, -1.7063252322465326e-05]
[-1.9240070488091288e-05, -1.5226461200501529e-06]
[8.8580854021858e-06, 8.728235854710276e-06]
[-6.541245911595439e-08, 1.5649339066947654e-05]
[-1.3359888852398916e-05, 1.415089470202524e-05]
[1.2790003328433386e-05, -1.9698275582347158e-06]
[-1.6411096240953604e-05, -9.90302370484919e-06]
[-5.07665645732569e-06, -1.8970048195593447e-05]
[8.502057065234991e-06, -1.4246210055746111e-05]
[-1.8857440656216973e-05, -2.6279513078500405e-07]
[9.54673645628401e-06, 7.400275990870203e-06]
[1.5272145309497276e-07, 1.3739020506664534e-05]
[-1.5033588102786322e-05, 1.2641111726885423e-05]
[1.4246587274283767e-05, -2.676969753090397e-06]
[-1.5663261742761975e-05, -1.0112407396123402e-05]
[-6.452764759856677e-06, -1.6909262057829277e-05]
[7.971904872394742e-06, -1.2428319376367458e-05]
[-1.852813771066608e-05, 9.303503748642195e-08]
[1.0577995829888498e-05, 8.89687130194508e-06]
[3.478680924706712e-07, 1.3457859452475907e-05]
[-1.4802672783226223e-05, 9.684975455115374e-06]
[1.3865301205090441e-05, -4.9451780183562555e-06]
[-1.5907492937339285e-05, -1.0358619224160037e-05]
[-5.481683334196408e-06, -1.532752067451293e-05]
[8.042567351984609e-06, -1.1479176819539916e-05]
[-1.8974829258333603e-05, 1.635759619533772e-06]
[9.267662971879087e-06, 1.0586169762571984e-05]
[1.0773178860251642e-06, 1.2587419568921808e-05]
[-1.286698564783098e-05, 8.937259953680637e-06]
[1.2501921735214028e-05, -5.7077303980412886e-06]
[-1.5442234615636874e-05, -1.2468807185250785e-05]
[-5.147134335858894e-06, -1.6008679534440518e-05]
[7.528679955112749e-06, -1.0137916119867807e-05]
[-1.7403025253770465e-05, 3.846455024214546e-06]
[7.988800290098519e-06, 1.0939714142288448e-05]
[6.413665245563749e-07, 1.2146527355066938e-05]
[-1.2807665128566903e-05, 9.650873515537617e-06]
[1.1999974352083775e-05, -6.374437423773381e-06]
[-1.261863121669593e-05, -1.354744431025269e-05]
[-6.4524895979078956e-06, -1.597099006972469e-05]
[6.6524394451428215e-06, -1.0518014422367106e-05]
[-1.5238350761684338e-05, 3.7942141333235924e-06]
[6.7538247476156554e-06, 1.1700916825951868e-05]
[1.3416534745125386e-06, 1.3190916213434711e-05]
[-1.351423895670778e-05, 9.150524999612664e-06]
[1.057295999587482e-05, -7.272786813811161e-06]
[-1.0727901811863338e-05, -1.2357683706151756e-05]
[-7.038097471545601e-06, -1.521874877328383e-05]
[8.082480212223686e-06, -1.1243102839529617e-05]
[-1.4924076556122046e-05, 3.369149823240214e-06]
[4.5809595513313095e-06, 1.1364184508144692e-05]
[3.5702115705055215e-06, 1.2718018640334172e-05]
[-1.37748118003711e-05, 8.784849937826245e-06]
[9.319460654411138e-06, -6.458809815701461e-06]
[-1.0344735923484283e-05, -1.1788866293410694e-05]
[-7.96285633753585e-06, -1.5110897622786466e-05]
[9.806851961099983e-06, -9.644539648772342e-06]
[-1.452297738352426e-05, 3.993556696238465e-06]
[4.120761032289089e-06, 9.647185899464006e-06]
[4.33549900286101e-06, 1.095596988270886e-05]
[-1.5076223121468502e-05, 8.145479412802192e-06]
[1.0065852520099727e-05, -6.043120207965824e-06]
[-9.57184730307481e-06, -1.1556144678015468e-05]
[-9.489209894020245e-06, -1.370559574684349e-05]
[9.756861014259544e-06, -7.832149980735448e-06]
[-1.3932164189670027e-05, 3.989342289457444e-06]
[5.113923090133143e-06, 9.686770978492923e-06]
[4.407589792754241e-06, 1.0220042377606653e-05]
[-1.563907156607036e-05, 5.727484128303928e-06]
[1.0280553904756795e-05, -7.42348967652795e-06]
[-9.605820150179745e-06, -1.1010298737568203e-05]
[-9.168956082550306e-06, -1.1680912230305207e-05]
[9.716708153778564e-06, -6.7868591062114625e-06]
[-1.4393993700151375e-05, 4.552993508141756e-06]
[4.6991852306610404e-06, 1.0839241364912766e-05]
[4.9655477540738735e-06, 9.297919141122712e-06]
[-1.4111326967103377e-05, 4.123755431729298e-06]
[9.277251848294199e-06, -8.243315497091785e-06]
[-9.933625901598075e-06, -1.2098401648175106e-05]
[-8.303719005939292e-06, -1.1475662682891574e-05]
[9.33817275569973e-06, -5.283398757105484e-06]
[-1.3739285522645917e-05, 6.418800083785037e-06]
[3.793025050186083e-06, 1.1172833403849669e-05]
[4.487317792123413e-06, 8.297040898479907e-06]
[-1.3204459360233178e-05, 4.309514426977662e-06]
[8.776466542737005e-06, -8.70344721015659e-06]
[-8.229306259238678e-06, -1.3480636797458256e-05]
[-8.784510000053869e-06, -1.15240540499717e-05]
[7.994992948151536e-06, -4.913970536479795e-06]
[-1.1745802322007948e-05, 6.984948176746997e-06]
[3.015895261984647e-06, 1.1802999949017678e-05]
[4.1954430042567825e-06, 8.858127166166962e-06]
[-1.328167974157246e-05, 4.0882824628163394e-06]
[7.68216387039139e-06, -9.64584162451267e-06]
[-6.21127223998999e-06, -1.2955414929881077e-05]
[-9.086855314893727e-06, -1.0902255317357668e-05]
[8.120814903422868e-06, -5.79385221508022e-06]
[-1.083399705738286e-05, 6.509756405093103e-06]
[1.1231637228326097e-06, 1.2006399765507325e-05]
[5.5950565804596675e-06, 9.052858153335563e-06]
[-1.3072968335747781e-05, 3.8727688642659075e-06]
[6.035101457468883e-06, -9.266623786918782e-06]
[-5.445548493604457e-06, -1.219442337059562e-05]
[-9.440151499881533e-06, -1.0885404175675975e-05]
[9.44663251645217e-06, -5.257074862888289e-06]
[-1.031069841933574e-05, 6.699097419071709e-06]
[-1.1860250698214614e-07, 1.0514201444183913e-05]
[6.563334957819522e-06, 7.791067856866007e-06]
[-1.3774522440605785e-05, 3.8871241539450985e-06]
[5.9808590129051264e-06, -8.303089045813561e-06]
[-4.605877019059346e-06, -1.1744970552285405e-05]
[-1.075874920747344e-05, -1.0183008351108414e-05]
[9.716449658053739e-06, -3.853239329713876e-06]
[-9.503968877500046e-06, 6.489487211339129e-06]
[4.1599085345844777e-07, 9.606890969154902e-06]
[6.6643666676302615e-06, 6.912961748872792e-06]
[-1.4711712047060788e-05, 2.340278026313758e-06]
[6.367039527957474e-06, -8.771732701973178e-06]
[-4.303203109637388e-06, -1.0754652941091791e-05]
[-1.1031317767279392e-05, -8.279804153132897e-06]
[9.696563108618772e-06, -2.9234702254854472e-06]
[-9.73625856753868e-06, 6.282343011399048e-06]
[5.250432040110331e-07, 1.0046106035100939e-05]
[7.119603370769889e-06, 6.066914840188731e-06]
[-1.3859500283763815e-05, 4.814986116902231e-07]
[5.761336330040168e-06, -9.386174516456958e-06]
[-4.9308191666930234e-06, -1.0836056324792231e-05]
[-1.0139868298619792e-05, -7.409398153412905e-06]
[9.566690102769115e-06, -1.524612052439256e-06]
[-9.750721112616878e-06, 7.479573985363919e-06]
[2.3994635667268227e-08, 1.019612895686306e-05]
[6.81469876909202e-06, 4.786100448954389e-06]
[-1.2659044270356412e-05, 1.1444063423900891e-07]
[5.363111119982555e-06, -9.615352164399349e-06]
[-4.286910911005526e-06, -1.2011221233204639e-05]
[-1.0014171474698186e-05, -7.30525983233532e-06]
[8.257945621668872e-06, -5.77489405129139e-07]
[-8.30159363462979e-06, 8.354834925394794e-06]
[-2.8969855381255627e-07, 1.0572028231903285e-05]
[5.978146057711298e-06, 4.741889036881386e-06]
[-1.2257640194079933e-05, -6.749899877922516e-08]
[4.703796950208949e-06, -1.0431622290505566e-05]
[-2.626286995016658e-06, -1.203817371208532e-05]
[-1.0021582498798143e-05, -6.755788766577009e-06]
[7.459763789102736e-06, -1.1735178718219608e-06]
[-7.146712485018442e-06, 8.066895747893543e-06]
[-1.598461030254128e-06, 1.1107035026047818e-05]
[6.481364566351955e-06, 5.2012841984527824e-06]
[-1.1679253118596078e-05, -2.6635847377720623e-07]
[3.1036316581745105e-06, -1.0509071977932855e-05]
[-1.6960796598158856e-06, -1.138438242752858e-05]
[-9.870809356743449e-06, -6.712435908121095e-06]
[8.113388354213935e-06, -1.3420557341131678e-06]
[-6.519671705285113e-06, 8.027639223751049e-06]
[-3.153637329667003e-06, 1.0157240472596918e-05]
[7.324382659892881e-06, 4.514939214939062e-06]
[-1.1717382256373754e-05, 1.0703201075434876e-07]
[2.4002440415227255e-06, -9.478604259427481e-06]
[-8.44879310568647e-07, -1.0919160738559475e-05]
[-1.0726947628257946e-05, -6.584729779472113e-06]
[8.458038775206386e-06, -5.03986142756218e-07]
[-5.586283657155189e-06, 7.7664898323615e-06]
[-3.1985372963561076e-06, 8.84886815505359e-06]
[7.455439335626868e-06, 3.7330601840301902e-06]
[-1.2614624969403687e-05, -5.292580318450035e-07]
[2.6475899682076864e-06, -9.233367133765213e-06]
[-2.1812555098255082e-07, -9.823401993847014e-06]
[-1.135715075090138e-05, -5.164964305984232e-06]
[8.459746099032106e-06, 1.5514145844386373e-07]
[-5.462464000224876e-06, 7.081023400763026e-06]
[-2.919729603347021e-06, 8.63885017831495e-06]
[7.816910169489155e-06, 3.0776222462725045e-06]
[-1.2404612177635554e-05, -2.14884074370425e-06]
[2.337267337400306e-06, -9.504804693638569e-06]
[-7.562551770055881e-07, -9.125106813168138e-06]
[-1.0728657940023423e-05, -3.971532511415354e-06]
[8.561316396954455e-06, 1.2294419318159555e-06]
[-5.813678961547053e-06, 7.509320498678973e-06]
[-3.1120603954382098e-06, 8.518230408156857e-06]
[7.770689601199754e-06, 1.8025861112172525e-06]
[-1.1315685617060978e-05, -2.8892492902957145e-06]
[2.056935275829286e-06, -9.477838854687892e-06]
[-8.905439008166649e-07, -9.774027518671957e-06]
[-1.0274246807662202e-05, -3.638980128839453e-06]
[7.6042476310697604e-06, 2.4593560464802877e-06]
[-5.020271164196677e-06, 8.358605387864815e-06]
[-3.0624928519518146e-06, 8.55563513027513e-06]
[6.801359471696189e-06, 1.2250955810956532e-06]
[-1.0664527573533977e-05, -3.149316436842041e-06]
[1.816865971726589e-06, -1.0016218172009816e-05]
[1.6237118993789323e-07, -1.0094519228537324e-05]
[-1.005870545142673e-05, -3.108392498563095e-06]
[6.348781252954461e-06, 2.3415671963622486e-06]
[-3.9368041828136136e-06, 8.298486857405418e-06]
[-3.681793873444583e-06, 9.15581956151268e-06]
[6.561403143534594e-06, 1.6169730377713076e-06]
[-9.882920055964695e-06, -3.4218244739925296e-06]
[5.798931422412723e-07, -1.0416121367857675e-05]
[1.0187891160660933e-06, -9.665135180747953e-06]
[-9.54242064074573e-06, -2.9431488912101678e-06]
[6.3059112453967e-06, 1.8625895338297838e-06]
[-3.2984673338232184e-06, 8.18022288684439e-06]
[-5.117003814385235e-06, 8.802882107861176e-06]
[7.061661087576221e-06, 1.3978541910653064e-06]
[-9.347823213490258e-06, -2.974987212245317e-06]
[-4.842271884575311e-07, -9.630312112485218e-06]
[1.7710097085787968e-06, -9.310528007781815e-06]
[-9.824846829306622e-06, -3.165266562406982e-06]
[6.514095704110434e-06, 2.173145262292925e-06]
[-2.3642931372136466e-06, 7.981690778119388e-06]
[-5.6337580851828495e-06, 7.542404578453343e-06]
[7.151597388779449e-06, 8.383848221771295e-07]
[-9.900707908263445e-06, -2.87519718156215e-06]
[-5.225792458762868e-07, -8.969745452475086e-06]
[2.5984792847710825e-06, -8.375634082707917e-06]
[-1.0519870427272426e-05, -2.37159905343981e-06]
[6.47306087644961e-06, 2.5017860833965316e-06]
[-1.8865933505141097e-06, 7.122145038659933e-06]
[-5.429525441913441e-06, 6.895913083601601e-06]
[7.384486417877367e-06, 4.3832274926325354e-07]
[-1.0118174193524121e-05, -3.951808574043092e-06]
[-6.818110116907361e-07, -8.891135226951619e-06]
[2.3753161876999274e-06, -7.237458968412103e-06]
[-1.0238133456297316e-05, -1.194999365017324e-06]
[6.699679368893374e-06, 3.1244578327649375e-06]
[-2.2668442400319497e-06, 6.873945912967e-06]
[-5.456326371420378e-06, 6.516452777092108e-06]
[7.565965373740324e-06, -5.956512918181556e-07]
[-9.35499009302454e-06, -4.802156116756606e-06]
[-8.845823524922247e-07, -8.621134266251218e-06]
[1.82994719079288e-06, -7.260424208843652e-06]
[-9.698980788119815e-06, -6.877681875683272e-07]
[6.2159555615504125e-06, 4.318082752308161e-06]
[-2.0429224333873286e-06, 7.4410677358e-06]
[-5.202281459892877e-06, 6.206698513533393e-06]
[6.7639783803419284e-06, -1.5028083014713423e-06]
[-8.673495101280126e-06, -5.141731476917405e-06]
[-8.110760279511631e-07, -8.790748965009643e-06]
[2.2446468282144583e-06, -7.600053927747652e-06]
[-9.371997882250127e-06, -1.638466577413844e-07]
[4.931079000427413e-06, 4.656926628321401e-06]
[-1.2363962204331447e-06, 7.525653627493689e-06]
[-5.19989127467646e-06, 6.6350859096175885e-06]
[6.057438981493801e-06, -1.3724708690758536e-06]
[-7.873760497892346e-06, -5.507212349563362e-06]
[-1.5279477917073958e-06, -9.302443773236135e-06]
[2.850481396657334e-06, -7.374925747510863e-06]
[-8.669854625165119e-06, 1.6398578411846998e-07]
[4.352599683343783e-06, 4.187531669141986e-06]
[-6.962107677588314e-07, 7.400832913950772e-06]
[-6.20888957406085e-06, 6.745617134762405e-06]
[6.141076152266223e-06, -1.315193646322932e-06]
[-6.9654757654802335e-06, -5.197567360754052e-06]
[-2.6342404233492545e-06, -8.886960455200231e-06]
[3.3904735976669764e-06, -7.168517388946461e-06]
[-8.41198367901308e-06, -1.6638117224243576e-07]
[4.310395099405007e-06, 4.124972060204346e-06]
[1.0454975518658927e-07, 7.31639507223214e-06]
[-6.9623377926958385e-06, 5.814300262529937e-06]
[6.114475172944167e-06, -1.6319644202122952e-06]
[-7.031086155157018e-06, -4.649639011256035e-06]
[-2.951665558692529e-06, -8.105947497283328e-06]
[4.236268819235445e-06, -6.548714968315772e-06]
[-8.918927902404339e-06, 4.524283140358923e-08]
[4.15775754965958e-06, 4.156750637424999e-06]
[8.272730533942507e-07, 6.5351474790587005e-06]
[-6.937394259109997e-06, 4.99396580946887e-06]
[6.172081072328139e-06, -1.7767681966818216e-06]
[-7.4000624453868236e-06, -5.087969633221778e-06]
[-3.077589847660933e-06, -7.766631608785435e-06]
[4.381038057582609e-06, -5.3233688253051525e-06]
[-8.916511064216426e-06, 9.526560433917308e-07]
[4.369094791872863e-06, 4.311518996748254e-06]
[6.288527291120616e-07, 5.83034541602398e-06]
[-6.923616959933487e-06, 4.447412007269752e-06]
[6.471539321678543e-06, -2.4255007743390067e-06]
[-7.002076095524723e-06, -5.802861490961098e-06]
[-3.259089707285251e-06, -7.315592796874881e-06]
[3.7624197630932443e-06, -4.809429567320667e-06]
[-8.451684872706755e-06, 1.5102602477778948e-06]
[4.315079407180011e-06, 5.208601268263946e-06]
[4.797934496716949e-07, 5.990583798175589e-06]
[-6.628404594449799e-06, 3.863111486883744e-06]
[5.991008056732694e-06, -3.4058141269444064e-06]
[-6.443394124699964e-06, -6.147633651809592e-06]
[-3.0232644953609444e-06, -7.109052911624669e-06]
[3.6678270427803472e-06, -4.9671045502241995e-06]
[-8.119340037554545e-06, 1.9947712946999374e-06]
[3.3060436436110896e-06, 5.83575852480811e-06]
[9.321403885154123e-07, 6.0916146168155105e-06]
[-6.189980183840538e-06, 3.9722233251826555e-06]
[5.119958083931245e-06, -3.5803046985285504e-06]
[-5.7807709137438e-06, -6.557974692206637e-06]
[-3.2178108982650055e-06, -7.5231634036887485e-06]
[3.94611208984208e-06, -4.853406549515382e-06]
[-7.410913776415007e-06, 2.4601532424561867e-06]
[2.4481749671401154e-06, 5.563020758714288e-06]
[1.2935130517394144e-06, 5.967672119688849e-06]
[-6.635202178945088e-06, 4.318877272813104e-06]
[4.840924350518749e-06, -3.435135992033156e-06]
[-4.746609519989953e-06, -6.486950350381715e-06]
[-4.103836399343974e-06, -7.4476337236194234e-06]
[4.201748639437453e-06, -4.7600973294460724e-06]
[-6.758958920771718e-06, 2.214896657359855e-06]
[2.152522153797687e-06, 5.316446453240697e-06]
[1.8526126443346724e-06, 5.9849814032508775e-06]
[-7.3644824702219155e-06, 3.8177625104607316e-06]
[4.661383204207503e-06, -3.56105860019329e-06]
[-4.3445217375592815e-06, -5.79426498825697e-06]
[-4.588031408556126e-06, -6.766611800584216e-06]
[4.883478709347133e-06, -4.489499142577846e-06]
[-6.926342482574399e-06, 2.0111349025991876e-06]
[1.8571674386957948e-06, 5.148531949952795e-06]
[2.6498903380467453e-06, 5.440926235666943e-06]
[-7.501900720158217e-06, 3.054502381971691e-06]
[4.517086235895917e-06, -3.507896550125622e-06]
[-4.624947535211699e-06, -5.673675185446925e-06]
[-4.738610583143732e-06, -6.300752889570882e-06]
[5.309645839085553e-06, -3.461734375070913e-06]
[-7.058234254224416e-06, 2.524417376546361e-06]
[1.9320652774740266e-06, 4.9182933459569235e-06]
[2.7177257983790337e-06, 4.547866038373538e-06]
[-7.517472704582362e-06, 2.471165945594489e-06]
[4.795763567919109e-06, -3.734261045662546e-06]
[-4.509859551582451e-06, -6.092217950559586e-06]
[-4.937702737198291e-06, -5.766391596828679e-06]
[4.8522149630053635e-06, -2.621163606386645e-06]
[-6.731099032875054e-06, 2.9988657383184236e-06]
[2.157183531747986e-06, 5.37012378813706e-06]
[2.4163985216027473e-06, 4.312009664103524e-06]
[-7.303787753515367e-06, 1.7451108154744634e-06]
[4.650911421183457e-06, -4.552992317247151e-06]
[-4.139715065326621e-06, -6.344398693847175e-06]
[-4.688536791593034e-06, -5.257924764467958e-06]
[4.4567401918729765e-06, -2.510305907699184e-06]
[-6.462700479881178e-06, 3.384944376738641e-06]
[1.5712518545707432e-06, 6.056241695029385e-06]
[2.546203193370955e-06, 4.319735843721917e-06]
[-6.663564794215371e-06, 1.5020402475626748e-06]
[3.8652811044925794e-06, -4.954436526719008e-06]
[-3.7057486430153164e-06, -6.710565272998598e-06]
[-4.476381324697298e-06, -5.426009048153935e-06]
[4.429189050830784e-06, -2.4049058884034746e-06]
[-5.888894186213689e-06, 3.908234900429353e-06]
[6.969006470548822e-07, 6.027366966365744e-06]
[2.700994295112835e-06, 4.168900137713205e-06]
[-6.569791196314734e-06, 1.8528773475801064e-06]
[3.3594998620628536e-06, -4.852581086295035e-06]
[-2.776400724810446e-06, -6.869843259342187e-06]
[-4.987831484420946e-06, -5.562207869000413e-06]
[4.392892443139118e-06, -2.351258643701337e-06]
[-5.049300373566323e-06, 3.854490035537506e-06]
[2.3166623003278985e-07, 5.756760864616961e-06]
[2.963088301222161e-06, 4.2299634037124e-06]
[-7.068478678901036e-06, 1.7353856965884873e-06]
[3.0443171701866056e-06, -4.868443784472598e-06]
[-2.0502284395207404e-06, -6.274737347905512e-06]
[-5.483739011057781e-06, -5.096071061874707e-06]
[4.778569559210112e-06, -2.3647728215007296e-06]
[-4.847840009231108e-06, 3.4496396456584755e-06]
[-1.8332072820870238e-07, 5.507777450688978e-06]
[3.656511682770258e-06, 3.975299059544302e-06]
[-7.276143305180727e-06, 1.178303229543154e-06]
[2.7120049848616823e-06, -4.7074487747877924e-06]
[-2.0976936927485923e-06, -5.7840344840909275e-06]
[-5.655743937321711e-06, -4.632980826105304e-06]
[5.318865680004059e-06, -1.7029238656082746e-06]
[-4.9623074873661466e-06, 3.569126227650002e-06]
[-3.091640133207063e-07, 5.04018146870247e-06]
[3.958013551269568e-06, 3.1381497326843366e-06]
[-7.328902119213554e-06, 6.81774841332361e-07]
[2.850195760524532e-06, -4.5710615573235636e-06]
[-2.128319086375924e-06, -5.855370996066256e-06]
[-5.876205098370724e-06, -4.122021618258032e-06]
[5.124927102889698e-06, -7.867387943893966e-07]
[-4.759843166016187e-06, 3.8642947196056154e-06]
[6.3691074081440036e-09, 5.025958057083835e-06]
[3.6831111188129206e-06, 2.6201329327707468e-06]
[-7.253315524660686e-06, -3.056945842294656e-08]
[2.952165801456408e-06, -5.069843316468647e-06]
[-1.9347266073388436e-06, -5.939418247835615e-06]
[-5.721462583881121e-06, -3.4440404197422225e-06]
[4.6403792929930465e-06, -4.329917100420744e-07]
[-4.5765040775636034e-06, 4.094486293293453e-06]
[-1.5791387772412513e-07, 5.559970082169574e-06]
[3.5889398792253446e-06, 2.4806344446808362e-06]
[-6.628265978463055e-06, -5.532752354758287e-07]
[2.40458264624821e-06, -5.552946455433805e-06]
[-1.745680840437025e-06, -6.168208054560531e-06]
[-5.280820579184331e-06, -3.3101546803027126e-06]
[4.3983688016724365e-06, -2.669931981058582e-07]
[-4.214402324093092e-06, 4.568749877642553e-06]
[-8.465746016428355e-07, 5.713640213955706e-06]
[3.5631805995750554e-06, 2.272577487610894e-06]
[-6.1401802284311024e-06, -3.6803236035110043e-07]
[1.834060899028045e-06, -5.547415434949306e-06]
[-1.0852616969536655e-06, -6.4670935269565966e-06]
[-5.385396716212076e-06, -3.4984097054824304e-06]
[4.126769523965512e-06, -1.7958143774809976e-07]
[-3.395977159689756e-06, 4.717345959415198e-06]
[-1.3546191763164073e-06, 5.514235018322378e-06]
[3.536976964965688e-06, 2.3030894267528357e-06]
[-6.3018701555173084e-06, -2.3743036262069417e-07]
[1.4446972528558977e-06, -5.525335785724894e-06]
[-2.417706610746695e-07, -6.107555994908087e-06]
[-5.753300732186384e-06, -3.2612701812359535e-06]
[4.165023353194797e-06, -3.5344160168732097e-07]
[-2.903185071789771e-06, 4.306493352979057e-06]
[-1.8197729161895104e-06, 5.285136841726157e-06]
[3.9880883847872445e-06, 2.2972790399977683e-06]
[-6.46714238216467e-06, -5.360925057207311e-07]
[9.82170189456344e-07, -5.348687727196877e-06]
[-2.5976674200567373e-08, -5.47054124250268e-06]
[-5.902938510098099e-06, -2.890812903283066e-06]
[4.637336651867885e-06, -9.771861955894245e-08]
[-2.893553976895946e-06, 4.125039586418133e-06]
[-2.138991818528835e-06, 4.747195724713604e-06]
[4.411124529021815e-06, 1.6848196676966243e-06]
[-6.519093276480259e-06, -8.636018984931049e-07]
[9.139327733220792e-07, -4.974841252169959e-06]
[-7.091094715583335e-08, -5.243190892845195e-06]
[-6.113872137669674e-06, -2.4905253640933323e-06]
[4.6887982119714344e-06, 6.743172471096459e-07]
[-2.761430808587151e-06, 4.205441863542898e-06]
[-1.8980210549574342e-06, 4.356772279056741e-06]
[4.263060516151995e-06, 1.049927786406224e-06]
[-6.569852234572515e-06, -1.4249047910197543e-06]
[1.1236175627010736e-06, -5.097283228949756e-06]
[6.381154299406333e-09, -5.133314750382922e-06]
[-6.09880620276726e-06, -1.7971081780476794e-06]
[4.275008486362419e-06, 1.1663959758323461e-06]
[-2.6433769165362664e-06, 4.24859012344847e-06]
[-1.7491516859091671e-06, 4.6020131032747935e-06]
[4.062977082677777e-06, 7.738452546864755e-07]
[-6.111536005624918e-06, -2.084285818940851e-06]
[8.592954446606793e-07, -5.508174919871545e-06]
[-1.0477380352202914e-09, -5.161238710194027e-06]
[-5.6126031126313425e-06, -1.3990754546555628e-06]
[3.937962965186621e-06, 1.4080255241744055e-06]
[-2.5001170649296967e-06, 4.573159714499342e-06]
[-2.146181764112187e-06, 4.820102371155821e-06]
[3.919619229075799e-06, 4.996988172550898e-07]
[-5.432326011384214e-06, -2.1381164679382114e-06]
[3.6321711360809417e-07, -5.582326611186517e-06]
[3.190553568843679e-07, -5.470403857871231e-06]
[-5.380970932028495e-06, -1.5052441333374134e-06]
[3.531868503367508e-06, 1.5726030953011616e-06]
[-1.8653232855547763e-06, 4.8573708492094525e-06]
[-2.5739957005277425e-06, 4.716142453731198e-06]
[3.6709443371474304e-06, 4.3916647393671404e-07]
[-5.259156510978302e-06, -1.9194508759368123e-06]
[-1.8844154296010496e-08, -5.563127934302787e-06]
[1.0745264153420864e-06, -5.372532396347293e-06]
[-5.535968942149694e-06, -1.440111800352084e-06]
[3.2570283364230512e-06, 1.3736627973714999e-06]
[-1.2254669728706258e-06, 4.571188114088631e-06]
[-2.9977096843991635e-06, 4.564894406866582e-06]
[3.812213545423271e-06, 5.824314983915446e-07]
[-5.294859191262713e-06, -1.98977789278576e-06]
[-5.226141699815612e-07, -5.438205550017949e-06]
[1.486790797450288e-06, -4.783688989540291e-06]
[-5.608703358458977e-06, -1.1988757418210719e-06]
[3.5204099260097155e-06, 1.2905161316805087e-06]
[-1.0547755568968142e-06, 4.226404113599758e-06]
[-3.4398034614302464e-06, 4.099719649847122e-06]
[4.215518759488612e-06, 2.6579731643439075e-07]
[-5.290731416359579e-06, -2.1233817762977836e-06]
[-7.951066428868447e-07, -4.9762377469508845e-06]
[1.5123519641335736e-06, -4.3705994852982766e-06]
[-5.759306820479759e-06, -9.567077155978043e-07]
[3.718445886535804e-06, 1.7783072878141404e-06]
[-9.337928015412666e-07, 4.116591222073224e-06]
[-3.372741814680613e-06, 3.492633118128141e-06]
[4.211254991948188e-06, -3.2306551092653457e-07]
[-5.405682460019046e-06, -2.446547904322305e-06]
[-6.139687990999732e-07, -4.763731643819824e-06]
[1.5461650677145444e-06, -4.0961104833536766e-06]
[-5.866016853955935e-06, -3.8505941549193956e-07]
[3.4567445710564915e-06, 2.2730501871570663e-06]
[-8.398771095263768e-07, 3.981086304549568e-06]
[-3.069020182266957e-06, 3.4113520497973393e-06]
[4.003875677727198e-06, -6.750119558515677e-07]
[-5.1778765090548795e-06, -3.07715879116488e-06]
[-6.381478525885331e-07, -4.987883110013636e-06]
[1.4289968241071316e-06, -3.910383242822224e-06]
[-5.475329434810605e-06, 1.694055071777001e-07]
[3.1325709761442777e-06, 2.5556944965310358e-06]
[-8.650561442447025e-07, 4.090882611079705e-06]
[-3.167295395234415e-06, 3.5727311029354336e-06]
[3.817387431525807e-06, -9.932749102602688e-07]
[-4.5070149875276605e-06, -3.346675939954174e-06]
[-9.742550498015312e-07, -5.082861415317552e-06]
[1.4297249537609247e-06, -4.108184095158451e-06]
[-5.040794057109554e-06, 2.182263339478574e-07]
[2.706216903521075e-06, 2.7967115844851342e-06]
[-5.006846726801628e-07, 4.401811123933008e-06]
[-3.4310804837289766e-06, 3.5342629230161737e-06]
[3.4476522579596214e-06, -1.1698201744930747e-06]
[-4.0876017214641625e-06, -3.171293280451737e-06]
[-1.2749707420586787e-06, -5.071217952639165e-06]
[1.9453242846995122e-06, -4.208587717024689e-06]
[-4.967682015161179e-06, 1.990373283133895e-07]
[2.220347503523179e-06, 2.6785075323831897e-06]
[1.2492569645070062e-07, 4.288985829548064e-06]
[-3.7293916397137736e-06, 3.469009115963928e-06]
[3.291071033764692e-06, -9.948501104584118e-07]
[-3.958782254065429e-06, -3.0929283020564302e-06]
[-1.7229197412788055e-06, -5.025297221218639e-06]
[2.430109964118854e-06, -3.7918854604700875e-06]
[-4.925312690820527e-06, 3.22160074589517e-07]
[2.2092876608009737e-06, 2.38918196913962e-06]
[4.26100107073224e-07, 3.916039535478699e-06]
[-4.186861238805739e-06, 3.1654791081137112e-06]
[3.5522993510964107e-06, -1.0359442563778742e-06]
[-3.854979480931442e-06, -3.061236308776749e-06]
[-2.1362718918560564e-06, -4.6080667170517176e-06]
[2.5489478507612073e-06, -3.3261517703997434e-06]
[-4.966483393379489e-06, 4.052830626809136e-07]
[2.4256855608757733e-06, 2.550459599881408e-06]
[5.732174036543469e-07, 3.682145819389193e-06]
[-4.311884418795042e-06, 2.5201238284811023e-06]
[3.6448167795299913e-06, -1.4598218571193478e-06]
[-3.951422001158278e-06, -3.124865619597017e-06]
[-2.0768108515145656e-06, -4.172121468776213e-06]
[2.594699470781503e-06, -2.957744024895126e-06]
[-5.131106060721202e-06, 7.650174392581643e-07]
[2.3206341102366412e-06, 2.9272463673013505e-06]
[6.826663809106348e-07, 3.4146595892254467e-06]
[-4.005687379612932e-06, 2.166895851761757e-06]
[3.487176476441034e-06, -1.8044677449757796e-06]
[-3.934308902386885e-06, -3.5854240257870984e-06]
[-1.9554799966514658e-06, -4.161320003304159e-06]
[2.4603363010869406e-06, -2.599636189926091e-06]
[-4.908987718918456e-06, 1.3369762691672893e-06]
[2.0788622537709633e-06, 3.1874994063096906e-06]
[5.716316806569921e-07, 3.297184190169389e-06]
[-3.873579694876894e-06, 2.1887227253936103e-06]
[3.3193584897672768e-06, -2.1194350089126512e-06]
[-3.4194929239700356e-06, -3.976418281328997e-06]
[-2.108617054658035e-06, -4.209664405840918e-06]
[2.2321420207194187e-06, -2.608583714980295e-06]
[-4.42024364600245e-06, 1.5423782862011848e-06]
[1.7290162807395704e-06, 3.4635395235182997e-06]
[6.603562517637496e-07, 3.5244289034175313e-06]
[-3.945581806941156e-06, 2.1606272448404518e-06]
[2.9368268615187487e-06, -2.393686736127873e-06]
[-2.8886151956439288e-06, -3.915713536665685e-06]
[-2.2825570447082555e-06, -4.183979506973412e-06]
[2.4385951197941624e-06, -2.795056318928568e-06]
[-4.1654104614707865e-06, 1.5196048109566984e-06]
[1.1686225552115515e-06, 3.4772189870801995e-06]
[1.1383075591425706e-06, 3.5600378451017267e-06]
[-4.067062916501829e-06, 2.149824660541144e-06]
[2.561002187567718e-06, -2.2839743602925955e-06]
[-2.6170033480821253e-06, -3.780144388634832e-06]
[-2.594686374011307e-06, -4.20352391810935e-06]
[2.86225277820306e-06, -2.590734366112856e-06]
[-4.002189166713022e-06, 1.564869523490442e-06]
[9.009059294406985e-07, 3.130570271542288e-06]
[1.493930905711871e-06, 3.25698668918184e-06]
[-4.429496969743374e-06, 2.031172093325262e-06]
[2.6104858303066525e-06, -2.133680537863558e-06]
[-2.4014656800908085e-06, -3.6464641779421214e-06]
[-3.047674788661525e-06, -3.917935036540365e-06]
[3.042942585754216e-06, -2.1858884659761713e-06]
[-3.906534940992246e-06, 1.527112246879625e-06]
[1.0254170911827565e-06, 3.0105726414597633e-06]
[1.6710018688748107e-06, 2.9798787650192615e-06]
[-4.693431061547626e-06, 1.498185610071534e-06]
[2.7218239431019142e-06, -2.338841769200517e-06]
[-2.4076399610939436e-06, -3.491362061514014e-06]
[-3.1401226753269285e-06, -3.3999837481535344e-06]
[3.1220960171884915e-06, -1.8107154431956651e-06]
[-4.047044625671292e-06, 1.64669758795713e-06]
[1.0273638211544256e-06, 3.196208303656023e-06]
[1.816207149507587e-06, 2.6517043640109095e-06]
[-4.490390397127175e-06, 9.900317544872528e-07]
[2.6259250447552285e-06, -2.6001232614203396e-06]
[-2.5227893393625633e-06, -3.6983689798708586e-06]
[-2.9782558430210826e-06, -3.1755772794961334e-06]
[3.0404036563402848e-06, -1.362286319667172e-06]
[-3.995407984305754e-06, 2.107084450655994e-06]
[8.898070472940223e-07, 3.3691642967875746e-06]
[1.7042663686683834e-06, 2.34800160116397e-06]
[-4.234377866875472e-06, 8.48261523936529e-07]
[2.510349289414071e-06, -2.8546047244892847e-06]
[-2.2349500476276374e-06, -4.0864362804565735e-06]
[-2.9775819044564056e-06, -3.129652624750401e-06]
[2.707144443711562e-06, -1.1675414112177762e-06]
[-3.575614498763091e-06, 2.412095693432592e-06]
[6.737276953272531e-07, 3.6153140098027503e-06]
[1.578450401398812e-06, 2.414042543960604e-06]
[-4.140127607438204e-06, 7.799461025220777e-07]
[2.202892657461597e-06, -3.1719633718126083e-06]
[-1.7292466530684225e-06, -4.14550307328539e-06]
[-3.0171218894925467e-06, -3.0599093683719714e-06]
[2.620731558253264e-06, -1.3240596974661845e-06]
[-3.223164029279857e-06, 2.4343141109550714e-06]
[1.7180512187214836e-07, 3.7519871012858808e-06]
[1.8327702109161015e-06, 2.526176482497977e-06]
[-4.078672140708783e-06, 7.732812732363925e-07]
[1.7248672635472584e-06, -3.1789140992680154e-06]
[-1.37899236367367e-06, -4.0249769674045865e-06]
[-3.1497912301031716e-06, -3.102719797407061e-06]
[2.880800593352273e-06, -1.3004906380155445e-06]
[-2.967825427094284e-06, 2.4482937146241834e-06]
[-2.675110517408319e-07, 3.4700298016943076e-06]
[2.152778778907738e-06, 2.338017756703392e-06]
[-4.264243185440886e-06, 8.048153741224695e-07]
[1.5588173710168185e-06, -2.9474300274612286e-06]
[-1.0770289970429836e-06, -3.8617827096687485e-06]
[-3.5347785387052078e-06, -2.9771364226738664e-06]
[3.0610040895745483e-06, -1.025054063420825e-06]
[-2.7413719802665826e-06, 2.3492832847762934e-06]
[-2.9538644605309194e-07, 3.1710437693246996e-06]
[2.3338449339632694e-06, 2.087760878621836e-06]
[-4.57066533682271e-06, 4.755410636936297e-07]
[1.6145230331762739e-06, -2.9450182392198876e-06]
[-9.559091609934178e-07, -3.5717090097198145e-06]
[-3.7485065271514184e-06, -2.508051208716111e-06]
[3.1601564197680787e-06, -7.201742944218381e-07]
[-2.786813754845907e-06, 2.2597991899144486e-06]
[-2.5803059892394453e-07, 3.152371105038382e-06]
[2.5077331955031257e-06, 1.7744823473941906e-06]
[-4.510959064452091e-06, -4.916113911790365e-08]
[1.5588910044703197e-06, -3.07613880096147e-06]
[-1.1020190836888433e-06, -3.5132697737971785e-06]
[-3.6276151088171504e-06, -2.144259725944675e-06]
[3.161331721152072e-06, -2.800745984021802e-07]
[-2.8529011643629865e-06, 2.521869812220634e-06]
[-3.10193723734864e-07, 3.1954243444806685e-06]
[2.4566514649215776e-06, 1.3652734139647793e-06]
[-4.237045938187967e-06, -3.212180986512936e-07]
[1.4973443023119648e-06, -3.222101790878451e-06]
[-1.0351192372276552e-06, -3.7855703826084053e-06]
[-3.53209451840579e-06, -1.9921275684342543e-06]
[2.842064979023326e-06, 7.237082055855382e-08]
[-2.574234515412277e-06, 2.8384493550304146e-06]
[-3.8277890589133445e-07, 3.346927034159064e-06]
[2.2146131606823327e-06, 1.245341274712028e-06]
[-4.03777494276808e-06, -4.5467648950893447e-07]
[1.3140138011707991e-06, -3.509742775451019e-06]
[-6.572024247170072e-07, -3.917839061132189e-06]
[-3.4636822959649427e-06, -1.8579042269928348e-06]
[2.5452849747864548e-06, 2.886808631030746e-08]
[-2.216234259180827e-06, 2.9134980043254988e-06]
[-7.288266349325667e-07, 3.5505008493808e-06]
[2.236056351856419e-06, 1.3491516860641983e-06]
[-3.830773296076284e-06, -5.029055944322236e-07]
[8.55150427489168e-07, -3.631475794188153e-06]
[-3.0988204323401103e-07, -3.848153175755372e-06]
[-3.4177053818695846e-06, -1.8727704974574877e-06]
[2.5951296313692085e-06, -5.321076021469473e-08]
[-1.9217410573840743e-06, 2.930041264254113e-06]
[-1.2191990121160345e-06, 3.4013688927081454e-06]
[2.446267536967972e-06, 1.2706046071120358e-06]
[-3.8066333715308653e-06, -3.918323963347792e-07]
[5.283467996164415e-07, -3.4186181833498197e-06]
[2.3849045127644075e-08, -3.7135833261120466e-06]
[-3.6505121040128485e-06, -1.8820183714262674e-06]
[2.7100798423961014e-06, 7.661145725451624e-08]
[-1.6041100346919634e-06, 2.829567008130751e-06]
[-1.3993822524649424e-06, 3.043898601395867e-06]
[2.5899354674160935e-06, 1.0895399452370835e-06]
[-4.0516660120941406e-06, -4.963528063839373e-07]
[4.833186355440722e-07, -3.2671823845531467e-06]
[2.6439373990161386e-07, -3.3873634157632893e-06]
[-3.9133707544075635e-06, -1.5516633761376852e-06]
[2.7928462161541656e-06, 2.640823839050732e-07]
[-1.5168373583562822e-06, 2.6041491398981487e-06]
[-1.389425243802922e-06, 2.8611092521106662e-06]
[2.7616293336724107e-06, 8.510829237473594e-07]
[-4.1137433013371805e-06, -9.174381275234289e-07]
[4.3246960982484817e-07, -3.260146343497805e-06]
[1.7621691733235578e-07, -3.116452087559285e-06]
[-3.872551123287882e-06, -1.1472176800059186e-06]
[2.865138709493009e-06, 6.075855597392765e-07]
[-1.6214067321759784e-06, 2.6400853632775785e-06]
[-1.3977140251447695e-06, 2.767286954038096e-06]
[2.79519266524475e-06, 4.333092720604226e-07]
[-3.898229783069751e-06, -1.2476341739037222e-06]
[4.024885810194334e-07, -3.2739866534792217e-06]
[8.533602910421045e-08, -3.2032214579424956e-06]
[-3.745605786385775e-06, -9.136872970438858e-07]
[2.643965771806367e-06, 1.029725261947334e-06]
[-1.4985915780113546e-06, 2.8809515924266282e-06]
[-1.3581889533459401e-06, 2.7814346565818715e-06]
[2.5391611809880144e-06, 1.574956081545377e-07]
[-3.6664359591345036e-06, -1.4377222955245725e-06]
[3.479528655481179e-07, -3.463506084461221e-06]
[2.8651626170217437e-07, -3.3374820679610284e-06]
[-3.6162903127509582e-06, -7.159632335607125e-07]
[2.252646101548461e-06, 1.1290618535109154e-06]
[-1.2089434341805427e-06, 2.982712592691783e-06]
[-1.5051202534449581e-06, 2.9733841235835e-06]
[2.375406021465354e-06, 1.8591623211078323e-07]
[-3.3805484296045574e-06, -1.550500208225003e-06]
[3.534352470413449e-09, -3.653895031116225e-06]
[5.581960220851778e-07, -3.316519299618667e-06]
[-3.432362086913665e-06, -6.628616416315403e-07]
[2.106193116899191e-06, 1.0260952486296215e-06]
[-9.352061506109899e-07, 3.012967859483684e-06]
[-1.927201522148453e-06, 2.964333637334171e-06]
[2.4376092356698242e-06, 1.7795569731693384e-07]
[-3.167683302204849e-06, -1.4383390666283802e-06]
[-3.931289760325529e-07, -3.523329666242289e-06]
[8.571691622952238e-07, -3.2396197931199716e-06]
[-3.472612732563496e-06, -7.468130345661406e-07]
[2.112744357171681e-06, 1.0373963613904968e-06]
[-5.890287782667203e-07, 2.9528322130767393e-06]
[-2.208100884790176e-06, 2.651606195475109e-06]
[2.5051985973884028e-06, 7.57108146454133e-08]
[-3.2725359123200737e-06, -1.358407502233261e-06]
[-5.430984348214762e-07, -3.3023740892840214e-06]
[1.1691734623786587e-06, -2.9632471496426893e-06]
[-3.699295814141648e-06, -5.897529333472387e-07]
[2.138249962004707e-06, 1.098466394444924e-06]
[-3.744703261504556e-07, 2.681126088754926e-06]
[-2.2589167318898262e-06, 2.3778325065337835e-06]
[2.6322684395646556e-06, -5.715864614952437e-08]
[-3.393782944373369e-06, -1.6018449410237778e-06]
[-6.191590047194273e-07, -3.1843220627270075e-06]
[1.1899974628748478e-06, -2.5750735497820365e-06]
[-3.733216836221409e-06, -2.3769982332444428e-07]
[2.2389793103982925e-06, 1.289227036925522e-06]
[-4.4205086643239744e-07, 2.520765600999477e-06]
[-2.266415088172935e-06, 2.176050862214181e-06]
[2.7349670851661845e-06, -3.9600040549481186e-07]
[-3.269334339306429e-06, -1.9062372629691238e-06]
[-6.49890222227667e-07, -3.0736684060450603e-06]
[1.0307075734069387e-06, -2.4640876818138313e-06]
[-3.6223470730178953e-06, 2.6964605659429708e-08]
[2.1495642369973034e-06, 1.67946109641548e-06]
[-4.428004133638641e-07, 2.6258590674795024e-06]
[-2.1702073883383965e-06, 2.045654688965365e-06]
[2.5429457286563206e-06, -7.56469554743372e-07]
[-3.0659221579160123e-06, -2.1165526837216286e-06]
[-6.080580421535808e-07, -3.1211224806315663e-06]
[1.0611570306490181e-06, -2.533667044224419e-06]
[-3.4822407989527904e-06, 2.6349992349183893e-07]
[1.7772060174302273e-06, 1.8970555685504653e-06]
[-2.6138172810885596e-07, 2.7110465101731762e-06]
[-2.1308953236376382e-06, 2.153083026937286e-06]
[2.275626953415766e-06, -8.33264312327664e-07]
[-2.7760538838586535e-06, -2.286326519062437e-06]
[-7.880947112542946e-07, -3.310568528334945e-06]
[1.2129155146645143e-06, -2.532687940835776e-06]
[-3.2260878354839484e-06, 3.9898336670618484e-07]
[1.496052701208117e-06, 1.8387328192259744e-06]
[-5.751528123904004e-08, 2.744019777595197e-06]
[-2.397625081779209e-06, 2.2417903069171796e-06]
[2.1938361012968643e-06, -8.208463652542575e-07]
[-2.438947503763389e-06, -2.2336612098272646e-06]
[-1.1567098796363973e-06, -3.279580947304281e-06]
[1.418999185416256e-06, -2.5104616259848892e-06]
[-3.0835699213610512e-06, 3.1032281139209417e-07]
[1.385796757125135e-06, 1.782522012633292e-06]
[2.488739293746156e-07, 2.7380966928503003e-06]
[-2.6989467727389638e-06, 2.0363128870604097e-06]
[2.164569458160126e-06, -8.612623103310124e-07]
[-2.3707524335059293e-06, -2.047601783655706e-06]
[-1.3783553496626855e-06, -3.0631273117837088e-06]
[1.731066334678677e-06, -2.3367789428255237e-06]
[-3.203635477719291e-06, 3.1199311585281e-07]
[1.3265939259252124e-06, 1.7421194288182867e-06]
[5.462800371780485e-07, 2.5002691420583645e-06]
[-2.807888551975557e-06, 1.7517928735388821e-06]
[2.208981295218765e-06, -8.906036360889491e-07]
[-2.476144580713241e-06, -2.0963868698764543e-06]
[-1.4908987116812877e-06, -2.88288642377732e-06]
[1.863973811591646e-06, -1.9384284209444935e-06]
[-3.274571062618359e-06, 5.477310537072011e-07]
[1.4013989109648572e-06, 1.7669804766220348e-06]
[5.637350586201739e-07, 2.214910516287749e-06]
[-2.8421219858132396e-06, 1.495796589964793e-06]
[2.3367866896495393e-06, -1.0930874241588118e-06]
[-2.4338067518836493e-06, -2.305483826292587e-06]
[-1.5490421460470638e-06, -2.68342843509628e-06]
[1.7201846939582377e-06, -1.6712280744568542e-06]
[-3.20088793208384e-06, 7.858003325672547e-07]
[1.4279917584791857e-06, 2.039122072070021e-06]
[4.975359944592306e-07, 2.1659188144049213e-06]
[-2.7473681938269823e-06, 1.2508711973928215e-06]
[2.2461923919608884e-06, -1.449505451417421e-06]
[-2.2932475514658712e-06, -2.4865341965718546e-06]
[-1.4638636312569453e-06, -2.5810450387797612e-06]
[1.626996642384304e-06, -1.6364279984970587e-06]
[-3.0876193012341346e-06, 1.0196343214474712e-06]
[1.1571286955419646e-06, 2.3110437996631816e-06]
[5.67942693041612e-07, 2.1936712064907216e-06]
[-2.577844126355755e-06, 1.2294413955921124e-06]
[1.963171464794411e-06, -1.6194197173784869e-06]
[-2.061652670901082e-06, -2.6788742755598158e-06]
[-1.4795491523889037e-06, -2.7014523865526163e-06]
[1.6511240019528861e-06, -1.6179942318034213e-06]
[-2.8300207011826284e-06, 1.2215507635138234e-06]
[8.266170645199189e-07, 2.326815046360675e-06]
[6.761295393564737e-07, 2.205209175376588e-06]
[-2.65248108624605e-06, 1.347327445888613e-06]
[1.776630999664186e-06, -1.6273097490915323e-06]
[-1.6872581083821059e-06, -2.7120848830781974e-06]
[-1.7419944912527852e-06, -2.7461814231313775e-06]
[1.7309487332639595e-06, -1.623316900029731e-06]
[-2.5569148610210535e-06, 1.1843393525889923e-06]
[6.259202071506875e-07, 2.255998488576161e-06]
[8.869782776796398e-07, 2.23970672699747e-06]
[-2.8929845581060487e-06, 1.2634752312723485e-06]
[1.6551768468042738e-06, -1.6363533966862187e-06]
[-1.4640960673828474e-06, -2.5070592072351516e-06]
[-1.979289121229605e-06, -2.5836560651171757e-06]
[1.9706418886468458e-06, -1.5638503200478791e-06]
[-2.5346248352653422e-06, 1.0847242681369385e-06]
[4.79425656299548e-07, 2.1594658691018176e-06]
[1.1990118863880461e-06, 2.0870364570435562e-06]
[-3.0280883887290333e-06, 1.0325806790167924e-06]
[1.597256696787841e-06, -1.5908627506722173e-06]
[-1.4933025802993383e-06, -2.395070515054387e-06]
[-2.117076431787379e-06, -2.3942161206380597e-06]
[2.1763416130776703e-06, -1.2452935998774617e-06]
[-2.592283946382945e-06, 1.1807624195883312e-06]
[4.829142466501735e-07, 2.046330117757688e-06]
[1.3106341188867665e-06, 1.764799481981938e-06]
[-3.0926552508220295e-06, 7.834867448014426e-07]
[1.6958439235589817e-06, -1.6401096676610383e-06]
[-1.4965840797152852e-06, -2.4718316687100117e-06]
[-2.2123345453095578e-06, -2.158366515847554e-06]
[2.1028002105266674e-06, -8.990307895639926e-07]
[-2.551039999756921e-06, 1.3450762656880277e-06]
[5.750454288855344e-07, 2.151155476325106e-06]
[1.2389603790199932e-06, 1.5855398642211638e-06]
[-3.0414129101735687e-06, 4.816671876958084e-07]
[1.701430630149381e-06, -1.912058389452742e-06]
[-1.4230648368307453e-06, -2.5788748365673797e-06]
[-2.1375425476024765e-06, -1.9351684564794525e-06]
[1.951830568523716e-06, -7.574196377868603e-07]
[-2.4807560419642938e-06, 1.5306911376883336e-06]
[4.42010601148235e-07, 2.398601610748008e-06]
[1.2245216633038902e-06, 1.533117853466312e-06]
[-2.818491039960347e-06, 3.2746770928758495e-07]
[1.4725846868984815e-06, -2.1300294967274702e-06]
[-1.2846449402026394e-06, -2.745140878335217e-06]
[-2.0296990329710107e-06, -1.941435745417275e-06]
[1.87336378425218e-06, -6.929789414245047e-07]
[-2.2785588491142095e-06, 1.7582283944883592e-06]
[1.4473524859170972e-07, 2.4795086662476873e-06]
[1.2385524642971601e-06, 1.4988550080530239e-06]
[-2.7166618260798803e-06, 4.0655043893889076e-07]
[1.2397754940380104e-06, -2.1763911989597286e-06]
[-9.576055602297795e-07, -2.8527782600061558e-06]
[-2.1451716031850587e-06, -2.013315742774302e-06]
[1.826105949204182e-06, -6.892846865086399e-07]
[-1.9512628187806635e-06, 1.7989318908395724e-06]
[-9.623870311087357e-08, 2.431272458108813e-06]
[1.3244160785852443e-06, 1.5414734257923612e-06]
[-2.8381652579373418e-06, 4.1816719592580043e-07]
[1.0545962248059704e-06, -2.183251324332225e-06]
[-6.384652223995202e-07, -2.698517662651223e-06]
[-2.3390643665577304e-06, -1.92170387922682e-06]
[1.9409508518371255e-06, -7.188737487897126e-07]
[-1.7928002548073252e-06, 1.6653060430221744e-06]
[-3.058401651795384e-07, 2.326978178965322e-06]
[1.579945226797691e-06, 1.487895911617132e-06]
[-2.953642834773243e-06, 2.753112796627377e-07]
[9.005330393052624e-07, -2.105178472905367e-06]
[-5.63904166278606e-07, -2.491870620791037e-06]
[-2.4736786359697005e-06, -1.7645829163137616e-06]
[2.1552942576358314e-06, -5.328548163471836e-07]
[-1.7946164343196624e-06, 1.6371049551371086e-06]
[-3.9447428708261345e-07, 2.131995053094443e-06]
[1.7580151535079303e-06, 1.2084564632863781e-06]
[-3.02987983442915e-06, 8.391817835073923e-08]
[9.24702066827654e-07, -2.0234168927324436e-06]
[-5.683666265271503e-07, -2.4376017968286146e-06]
[-2.594977096134765e-06, -1.5461464257099378e-06]
[2.1669936518808885e-06, -1.949128858036442e-07]
[-1.7643389521246333e-06, 1.7035798553250315e-06]
[-2.9977484183874026e-07, 2.066310484581408e-06]
[1.723267938416595e-06, 9.531885029334664e-07]
[-3.0371155424896434e-06, -2.065768694298198e-07]
[9.890488587849244e-07, -2.1592726220376335e-06]
[-5.421334323685301e-07, -2.44533025892113e-06]
[-2.567884611073823e-06, -1.2581898850005935e-06]
[2.01991260458112e-06, 2.1560918411767105e-08]
[-1.7311433687661193e-06, 1.805386662306896e-06]
[-3.0483909757572647e-07, 2.221155673547137e-06]
[1.6642529876848e-06, 8.234116657260867e-07]
[-2.833937830952482e-06, -4.583563415940916e-07]
[8.515547004900315e-07, -2.365090390518687e-06]
[-4.994665443319724e-07, -2.539384493030483e-06]
[-2.399589074351949e-06, -1.1404834805994746e-06]
[1.8838903046436428e-06, 1.4008601528781028e-07]
[-1.6145028829822605e-06, 2.006057800513217e-06]
[-5.103234298337034e-07, 2.3300230584943904e-06]
[1.6083480837703057e-06, 7.305994881995348e-07]
[-2.6114667413396075e-06, -4.6323933893324676e-07]
[6.313110897521179e-07, -2.4427884253823418e-06]
[-2.8079256020330234e-07, -2.6806318506097243e-06]
[-2.369460179854621e-06, -1.1872399722501203e-06]
[1.738912459345321e-06, 1.8296458799416104e-07]
[-1.3111868979679558e-06, 2.116882040131829e-06]
[-7.346076017107628e-07, 2.3170964954521978e-06]
[1.5715536918481376e-06, 7.447226523099593e-07]
[-2.5928363738547677e-06, -4.051626754514315e-07]
[4.253987331490072e-07, -2.464121017902929e-06]
[5.477915759888319e-08, -2.6127844105685444e-06]
[-2.4759516061845233e-06, -1.1545646685859334e-06]
[1.7100390743707283e-06, 1.1175960859532985e-07]
[-1.0589320031534344e-06, 2.0073708502099663e-06]
[-9.636644003885309e-07, 2.240996927527217e-06]
[1.7165219797429798e-06, 7.701565634121721e-07]
[-2.6470283971749553e-06, -4.5828957051519126e-07]
[2.062581461459434e-07, -2.3940080180334666e-06]
[2.227051368458577e-07, -2.3858543202748272e-06]
[-2.5730845761898734e-06, -1.050485744109918e-06]
[1.8668064400324813e-06, 1.5683572849580982e-07]
[-9.845928591739606e-07, 1.8971706584325343e-06]
[-1.1342886194476431e-06, 2.0296586279722195e-06]
[1.9095115306247412e-06, 5.857447951951311e-07]
[-2.7036624826309863e-06, -5.64025217614228e-07]
[1.3464921604089408e-07, -2.230941572173295e-06]
[2.513086880401305e-07, -2.2342172976974606e-06]
[-2.692744871163333e-06, -8.90324660440811e-07]
[1.9422114365813536e-06, 4.1339746715413073e-07]
[-9.402343423420279e-07, 1.8687481735816039e-06]
[-1.090125704976408e-06, 1.8318776899865427e-06]
[1.926410583608096e-06, 3.2054050566610037e-07]
[-2.7563279438314048e-06, -7.832405382879326e-07]
[2.062946329907389e-07, -2.21811843648112e-06]
[2.6114838483359826e-07, -2.1439436432846293e-06]
[-2.7245198770259327e-06, -6.041862666839037e-07]
[1.8395653731961836e-06, 6.515464947010052e-07]
[-9.230550886418776e-07, 1.8714646847772798e-06]
[-1.0105662098455759e-06, 1.8558673729358877e-06]
[1.8613188650512535e-06, 1.398164710640637e-07]
[-2.622803970231402e-06, -1.0709891482586775e-06]
[1.6181540014870155e-07, -2.356562677746643e-06]
[2.32778837483405e-07, -2.137234966170798e-06]
[-2.5595949813272956e-06, -3.885523973956584e-07]
[1.6945681094553133e-06, 8.090581289088572e-07]
[-8.918093114401726e-07, 1.9973418295543555e-06]
[-1.1007695606968237e-06, 1.944781842053156e-06]
[1.7716275673845816e-06, -5.999841208928491e-09]
[-2.3546704516173855e-06, -1.1702548976580927e-06]
[-2.5035156864250396e-09, -2.43964441469513e-06]
[3.1812708824185965e-07, -2.2584693560034896e-06]
[-2.4201475940094364e-06, -3.728672567371305e-07]
[1.5005873063439479e-06, 9.031526830849401e-07]
[-6.723037005232357e-07, 2.1427862351430793e-06]
[-1.2615805374191491e-06, 1.956635565597553e-06]
[1.642540571084039e-06, -4.707060353992265e-08]
[-2.2132937494562244e-06, -1.1167138585926883e-06]
[-1.8471936830133373e-07, -2.474931513925271e-06]
[5.937164562781067e-07, -2.2746631573537096e-06]
[-2.4215506070762727e-06, -3.6979289688710004e-07]
[1.3457528500182558e-06, 8.412838434640468e-07]
[-3.89497771771663e-07, 2.0908793229856837e-06]
[-1.4602987355172292e-06, 1.923244355578335e-06]
[1.6534729782857749e-06, 1.5836490591114583e-08]
[-2.1830424186825015e-06, -1.1038097534887825e-06]
[-4.216695371900281e-07, -2.439037503937369e-06]
[8.137751177639263e-07, -2.0882597458818375e-06]
[-2.4536405501957015e-06, -3.174775715028555e-07]
[1.3974665789423524e-06, 7.754074475719436e-07]
[-2.4618487547145573e-07, 1.9504529851221974e-06]
[-1.6757903088943094e-06, 1.7513944002289783e-06]
[1.804754357615651e-06, -5.727946006395257e-08]
[-2.1895483626587636e-06, -1.1229915279908909e-06]
[-5.804821339161492e-07, -2.2543953263204353e-06]
[8.881424655160508e-07, -1.8909901470381962e-06]
[-2.5374176639003654e-06, -2.343709264978483e-07]
[1.4923070363465074e-06, 9.08935451210402e-07]
[-1.7123727223677943e-07, 1.8524977388884034e-06]
[-1.7093293512293606e-06, 1.4864408043879784e-06]
[1.8608849059464916e-06, -2.737998748003623e-07]
[-2.2547946695733456e-06, -1.2342557039468627e-06]
[-5.476159055314844e-07, -2.1177757609514014e-06]
[9.09484148263473e-07, -1.7288838007056828e-06]
[-2.612755724426541e-06, -9.127116978868699e-09]
[1.4463792975261125e-06, 1.1122886168918322e-06]
[-1.4490116227120625e-07, 1.7648802952583646e-06]
[-1.6022100335780567e-06, 1.3794123188025018e-06]
[1.8145497457239257e-06, -4.6494603232749565e-07]
[-2.2076774750662276e-06, -1.4891407537770407e-06]
[-5.251203276102068e-07, -2.1548270386084756e-06]
[8.497701509194155e-07, -1.6192869565501145e-06]
[-2.4976431543533018e-06, 2.5242136608705223e-07]
[1.329873297872819e-06, 1.2763845275154395e-06]
[-1.7406052563173624e-07, 1.7867182377923063e-06]
[-1.5880767290643583e-06, 1.4080071589137044e-06]
[1.7263604632014595e-06, -6.402626121330968e-07]
[-1.9651099829876006e-06, -1.6588055742807611e-06]
[-6.142967682726264e-07, -2.2106511820274566e-06]
[8.140226383512861e-07, -1.672892210688448e-06]
[-2.304510361657297e-06, 3.4175030752536806e-07]
[1.1396963241821698e-06, 1.4113160898832078e-06]
[-6.727107385029463e-08, 1.9179394974699893e-06]
[-1.6606508231181705e-06, 1.4198549041499753e-06]
[1.552305799047693e-06, -7.435412884768122e-07]
[-1.747248117259237e-06, -1.6453721762461904e-06]
[-7.393391477372724e-07, -2.2447493453342515e-06]
[9.763806876617043e-07, -1.7406583424604827e-06]
[-2.2115149850704396e-06, 3.472115276126342e-07]
[9.057958184205406e-07, 1.3961391812089552e-06]
[1.8135769334903795e-07, 1.9271276202603715e-06]
[-1.787711748468812e-06, 1.4215406192730207e-06]
[1.4401376276229616e-06, -6.891948182152774e-07]
[-1.6346485970097913e-06, -1.6020635934255179e-06]
[-9.438711772238872e-07, -2.2486937015250928e-06]
[1.1921637888823167e-06, -1.6280603188038173e-06]
[-2.1673184465720308e-06, 3.6509546286894734e-07]
[8.367777704076929e-07, 1.2722108489529593e-06]
[3.632630483502153e-07, 1.8011693516672977e-06]
[-1.9960864056853267e-06, 1.321667593617848e-06]
[1.5061457344159312e-06, -6.679833076672637e-07]
[-1.5733959637803663e-06, -1.556541314590154e-06]
[-1.1549160727347685e-06, -2.0944854792134815e-06]
[1.3012910133058941e-06, -1.4378243151508263e-06]
[-2.186496101869162e-06, 3.761900607538761e-07]
[9.026746492120374e-07, 1.2784342676237705e-06]
[4.6961441541037985e-07, 1.6709176784840407e-06]
[-2.102602412082377e-06, 1.0606266705737166e-06]
[1.5711858088116037e-06, -7.989952854337012e-07]
[-1.612349899024479e-06, -1.5536734152277187e-06]
[-1.1866580973962648e-06, -1.8849440159285358e-06]
[1.3483414526005433e-06, -1.2456964342544286e-06]
[-2.271719462758337e-06, 5.032923849901394e-07]
[9.004723678512905e-07, 1.4039742878904637e-06]
[5.23274668907947e-07, 1.522132803606982e-06]
[-2.018586962498903e-06, 8.568450299492603e-07]
[1.5498192986462822e-06, -9.589505535340104e-07]
[-1.6364069823776584e-06, -1.7192027593343484e-06]
[-1.1365646330916898e-06, -1.8158337706797312e-06]
[1.2968991478616576e-06, -1.057824486089265e-06]
[-2.2253133965671745e-06, 7.492303530087785e-07]
[8.301116651981966e-07, 1.536419277733958e-06]
[4.7157986465123924e-07, 1.437284751998856e-06]
[-1.9353238242397763e-06, 8.056772758668895e-07]
[1.486979558151802e-06, -1.1290112707854072e-06]
[-1.468658391914901e-06, -1.9117251068567764e-06]
[-1.155663525237438e-06, -1.8180640764531297e-06]
[1.1803749202093927e-06, -1.0174083100999987e-06]
[-2.035187607295208e-06, 8.958921663693165e-07]
[6.858875949908305e-07, 1.6832438189118282e-06]
[4.7021890133003286e-07, 1.509108104619239e-06]
[-1.9207299852830317e-06, 7.910834651791987e-07]
[1.3176545905285112e-06, -1.2792432331129849e-06]
[-1.233019699720811e-06, -1.9491738589600023e-06]
[-1.2089106895263324e-06, -1.8290985365071455e-06]
[1.2106795521105163e-06, -1.0899058879992873e-06]
[-1.8803986801749217e-06, 9.256773890464753e-07]
[4.340531703506123e-07, 1.727907098542092e-06]
[6.358890068738909e-07, 1.5575828672120817e-06]
[-1.9545355917638396e-06, 8.048136440341747e-07]
[1.1217462513868348e-06, -1.268125479549076e-06]
[-1.063407704407493e-06, -1.90857169067582e-06]
[-1.3413630482878025e-06, -1.8589921915290047e-06]
[1.3689807512873298e-06, -1.0533773239437827e-06]
[-1.7686041886566528e-06, 9.324538089022782e-07]
[2.628401108012435e-07, 1.6023878003923464e-06]
[8.14006282202212e-07, 1.472430781634948e-06]
[-2.1049094185311007e-06, 7.809015380721984e-07]
[1.0843312878705547e-06, -1.1912871408920056e-06]
[-9.366396926252518e-07, -1.8324844070771729e-06]
[-1.5545386067988831e-06, -1.766463034756638e-06]
[1.4844759227347626e-06, -9.092037638186445e-07]
[-1.7100096553895883e-06, 8.949861472762333e-07]
[2.644966354964362e-07, 1.5092589002035917e-06]
[9.364453687349394e-07, 1.3465351511587897e-06]
[-2.2524283846969695e-06, 5.816547167247776e-07]
[1.1237380147972875e-06, -1.2278409128041456e-06]
[-9.188716060294644e-07, -1.737851106159427e-06]
[-1.6499328682612058e-06, -1.5439021968793876e-06]
[1.5535326990390175e-06, -7.314597757629437e-07]
[-1.7662391375988795e-06, 9.155005165340218e-07]
[2.7817182342293467e-07, 1.538134521081487e-06]
[1.0211704780660469e-06, 1.1768162550135353e-06]
[-2.221137730670786e-06, 3.368178249710252e-07]
[1.1172750353158345e-06, -1.3259893865691375e-06]
[-9.77303224250492e-07, -1.7841939875251622e-06]
[-1.609333854679651e-06, -1.3917015825593015e-06]
[1.5369851414231972e-06, -5.089584375339573e-07]
[-1.7794243266366916e-06, 1.0923932000223013e-06]
[2.5080322937909294e-07, 1.6075687308270137e-06]
[9.835440444201649e-07, 1.009018192432102e-06]
[-2.113003950095227e-06, 2.1242197867170874e-07]
[1.086858359825027e-06, -1.455202949612877e-06]
[-9.024523674322493e-07, -1.945279391554755e-06]
[-1.5806884024471834e-06, -1.3298136990191889e-06]
[1.3925334633284325e-06, -3.76796015610914e-07]
[-1.6345715548177209e-06, 1.2600289244768526e-06]
[1.740792836407712e-07, 1.7287899247153682e-06]
[9.051535057591487e-07, 9.942522459713277e-07]
[-2.033865965062054e-06, 1.5481432344421897e-07]
[9.607541394673902e-07, -1.6197362778091334e-06]
[-7.026325393177935e-07, -2.0197746803916894e-06]
[-1.5678264088797578e-06, -1.2990532112511222e-06]
[1.3068449857822628e-06, -4.1062231355415424e-07]
[-1.460607947346114e-06, 1.319008619854456e-06]
[-3.771663446318352e-08, 1.8205200935927923e-06]
[9.658629500780558e-07, 1.0467309541073444e-06]
[-1.977223958699037e-06, 1.5325781470287847e-07]
[7.35741727223016e-07, -1.6649254495435667e-06]
[-5.154955774466785e-07, -2.0016704253321763e-06]
[-1.6088645948680869e-06, -1.3289641949201791e-06]
[1.372995309986691e-06, -4.276620661144981e-07]
[-1.306837802278471e-06, 1.3337147024006235e-06]
[-2.661242412063669e-07, 1.7362183126479191e-06]
[1.0995935580751515e-06, 1.0068255968664896e-06]
[-2.0345214644806875e-06, 1.8464147569230427e-07]
[6.057677042758947e-07, -1.5771892825783285e-06]
[-3.452503306300425e-07, -1.9288174280124304e-06]
[-1.7739590550975431e-06, -1.3033562355404399e-06]
[1.4606338934971576e-06, -3.468180441168478e-07]
[-1.1776274004282605e-06, 1.279368838397188e-06]
[-3.4012570257480057e-07, 1.5907018077049306e-06]
[1.212302904590734e-06, 9.11064228892311e-07]
[-2.1764170261145965e-06, 7.870703480628016e-08]
[5.939993139442157e-07, -1.5355294202823444e-06]
[-2.5934412221928493e-07, -1.7836893270173348e-06]
[-1.907938728146208e-06, -1.1196560510684517e-06]
[1.532912503612871e-06, -2.1796667602769215e-07]
[-1.174503751699696e-06, 1.2120360960701446e-06]
[-3.3989735548703437e-07, 1.5305499511363008e-06]
[1.315820785316446e-06, 7.599250662210233e-07]
[-2.200676487637554e-06, -1.475177196924582e-07]
[5.837672376191039e-07, -1.5597627447960782e-06]
[-3.0919472048494823e-07, -1.7132243639583766e-06]
[-1.8996199922238777e-06, -9.260136546590525e-07]
[1.5577996468479904e-06, -1.0675838518769964e-08]
[-1.2181598725985454e-06, 1.2881649460918382e-06]
[-3.4238753793269794e-07, 1.5221901162026236e-06]
[1.3157183130357852e-06, 5.515790971605261e-07]
[-2.1059932488881605e-06, -3.1635650265746107e-07]
[5.770216349176849e-07, -1.6221966913643193e-06]
[-3.1520584392596973e-07, -1.7989185624456283e-06]
[-1.8519597674779287e-06, -8.086451564470742e-07]
[1.4339551660733085e-06, 1.8410346477870654e-07]
[-1.1376836211995922e-06, 1.433314747625869e-06]
[-3.5339052044391916e-07, 1.5842350557931928e-06]
[1.2047475343220787e-06, 4.486533772508558e-07]
[-1.9965033963599554e-06, -4.169741547718677e-07]
[5.126539659866536e-07, -1.7612702034042194e-06]
[-1.8616862865195039e-07, -1.8802383349378338e-06]
[-1.7942431355250088e-06, -7.287181865156533e-07]
[1.27409604216977e-06, 2.1457746696151858e-07]
[-9.841054193701626e-07, 1.5093393505305475e-06]
[-4.850810613604706e-07, 1.6910457893148934e-06]
[1.1673078192664388e-06, 4.7073331631980464e-07]
[-1.8738628291548043e-06, -4.5409014266806214e-07]
[3.125419151053799e-07, -1.8520481588307595e-06]
[-2.2614529528522387e-08, -1.8867484918262331e-06]
[-1.7482410991920272e-06, -7.3147515344818e-07]
[1.2401400504152837e-06, 1.786803372344492e-07]
[-8.2282803106834e-07, 1.539666068084422e-06]
[-7.138171288084694e-07, 1.6666541410026436e-06]
[1.229671783425923e-06, 4.625566708826856e-07]
[-1.8280056189451388e-06, -4.0207693699501057e-07]
[1.2466167489955104e-07, -1.7894046060278057e-06]
[1.558705387955106e-07, -1.8399540055065444e-06]
[-1.8289948686203705e-06, -7.551256221670355e-07]
[1.2722677452114972e-06, 2.0097733259734352e-07]
[-6.487764960955156e-07, 1.4970315019152691e-06]
[-8.490266449057149e-07, 1.5183839828514234e-06]
[1.3054838990944617e-06, 4.065614726544986e-07]
[-1.918913665226868e-06, -4.13627545853279e-07]
[5.384741391667447e-08, -1.7016308256345702e-06]
[2.9861557339361244e-07, -1.6907059314785755e-06]
[-1.9623572393885624e-06, -6.41761982719119e-07]
[1.3220247862752443e-06, 2.645235068297197e-07]
[-5.744766011367419e-07, 1.378922822078965e-06]
[-8.813967957294055e-07, 1.3976934405829367e-06]
[1.4038179614039858e-06, 3.0230782216422725e-07]
[-1.9782590926359367e-06, -5.740247829844058e-07]
[2.2192412026111885e-08, -1.65951494193739e-06]
[2.912358509771229e-07, -1.5341207882935137e-06]
[-1.9894474540677054e-06, -4.534681690288034e-07]
[1.3750817414726058e-06, 4.143558896899102e-07]
[-6.124375829053355e-07, 1.3504982612063884e-06]
[-8.82261831621281e-07, 1.3171938690716492e-06]
[1.445263625887705e-06, 1.0204757313475588e-07]
[-1.919031151195738e-06, -7.465463119707416e-07]
[2.0706228190392473e-08, -1.6460977347587669e-06]
[2.370240286958536e-07, -1.523128311003985e-06]
[-1.9471391122932724e-06, -3.052108477064053e-07]
[1.3028792034963654e-06, 6.254729249255409e-07]
[-5.91747259276465e-07, 1.4364658096621685e-06]
[-8.48145606274775e-07, 1.3011968095846815e-06]
[1.3445099849365705e-06, -6.564717451758295e-08]
[-1.8130534647914365e-06, -8.73382714467949e-07]
[1.469002805509767e-08, -1.7250079633324145e-06]
[2.851378144846928e-07, -1.577218233517197e-06]
[-1.8726131424187664e-06, -1.8393737868938054e-07]
[1.1215017562821172e-06, 7.21085956417733e-07]
[-4.84837441333541e-07, 1.5064561061373105e-06]
[-8.857807552720143e-07, 1.3841038225687052e-06]
[1.2383619735767404e-06, -9.532355290178818e-08]
[-1.6617452501463403e-06, -9.514113245099459e-07]
[-1.2107873512134937e-07, -1.8324397411985383e-06]
[3.9411813417683517e-07, -1.5952774401056802e-06]
[-1.7641477139535011e-06, -1.415140977040208e-07]
[1.00570747017803e-06, 6.991424047891881e-07]
[-3.4917195438147197e-07, 1.546863350104788e-06]
[-1.0626530611429486e-06, 1.4125776313100857e-06]
[1.2225331191689781e-06, -9.428533319366661e-08]
[-1.5290458094258108e-06, -9.139551507691968e-07]
[-3.199861872173193e-07, -1.8124778714419774e-06]
[5.429624059596905e-07, -1.5808186872550822e-06]
[-1.74734796991316e-06, -1.8335701017918593e-07]
[9.704017823325417e-07, 6.833237167977457e-07]
[-1.6731911772760455e-07, 1.5325544163724558e-06]
[-1.2250800098673187e-06, 1.2995000115978428e-06]
[1.2421964426662102e-06, -1.1636310276452733e-07]
[-1.5390051261235382e-06, -8.555295204770719e-07]
[-4.38086404028204e-07, -1.7142816554835405e-06]
[7.123143134640797e-07, -1.4653805097547545e-06]
[-1.8402037767033252e-06, -1.4653483883741124e-07]
[9.75088945769434e-07, 6.851398870852572e-07]
[-3.210599502923017e-08, 1.4062497818573272e-06]
[-1.292582885212279e-06, 1.1567444353349776e-06]
[1.308016873126372e-06, -1.6280217338127123e-07]
[-1.600067158231272e-06, -9.261950096040028e-07]
[-4.997542230600338e-07, -1.6282770516212741e-06]
[7.617202487097963e-07, -1.2703999755225848e-06]
[-1.8881353435543091e-06, -2.3310904005702238e-09]
[1.03003263422774e-06, 7.534690138893962e-07]
[-3.455513584993408e-08, 1.2952558512344114e-06]
[-1.3101580825722325e-06, 1.0275082661225649e-06]
[1.3762504335185222e-06, -3.1332559023711237e-07]
[-1.5785878532265096e-06, -1.0625786472789889e-06]
[-5.152829625400951e-07, -1.5486381181317732e-06]
[6.986538895366323e-07, -1.1685474358980041e-06]
[-1.8638864999892535e-06, 1.443322649452572e-07]
[1.0168174421482101e-06, 9.315502868534331e-07]
[-5.191784684457912e-08, 1.3026141342919323e-06]
[-1.2607763045131837e-06, 9.351079494606535e-07]
[1.3146358767979205e-06, -5.054309206026231e-07]
[-1.4997394227264649e-06, -1.1877654377545621e-06]
[-4.8349087512084e-07, -1.5479370548410198e-06]
[6.786782758838594e-07, -1.1699003069631786e-06]
[-1.7977500895022258e-06, 2.855296334647317e-07]
[8.615970210346102e-07, 1.0698881521553627e-06]
[5.768772959324764e-11, 1.3419148539584036e-06]
[-1.2165703371092018e-06, 9.615887451575045e-07]
[1.1802941154706245e-06, -5.886578219461546e-07]
[-1.3583620769887488e-06, -1.2950504724219304e-06]
[-5.383037655348755e-07, -1.6357311811293629e-06]
[7.196673673798282e-07, -1.178798669509984e-06]
[-1.6627827737203393e-06, 3.753521149174599e-07]
[7.005083777281151e-07, 1.081666994029451e-06]
[8.728841070088089e-08, 1.3769563988186295e-06]
[-1.3076190302080404e-06, 1.0166451821502775e-06]
[1.0994885289578038e-06, -5.995483260169687e-07]
[-1.175328933039621e-06, -1.29592018577665e-06]
[-7.029990306689493e-07, -1.6552066384846811e-06]
[8.092779048909926e-07, -1.1870504861184739e-06]
[-1.560177325957146e-06, 3.474652577467596e-07]
[6.049180121259212e-07, 1.0537247285835605e-06]
[2.390888531877966e-07, 1.3916855853834953e-06]
[-1.4554840090967233e-06, 9.564828023778116e-07]
[1.0579497380786007e-06, -6.034917291036779e-07]
[-1.0981149681232871e-06, -1.2059704161959672e-06]
[-8.415813825268792e-07, -1.5747432840738929e-06]
[9.656299743213137e-07, -1.1255059843007231e-06]
[-1.5844565100578412e-06, 3.2380896775735524e-07]
[5.537734381472204e-07, 1.013089544615875e-06]
[4.063661841191557e-07, 1.2925770707383766e-06]
[-1.5441815552491578e-06, 8.279425574436727e-07]
[1.0699549140916198e-06, -5.989728197042243e-07]
[-1.1277892196688566e-06, -1.1892407260072346e-06]
[-9.288984420541269e-07, -1.4736576610108187e-06]
[1.0633984076774405e-06, -9.422042229340066e-07]
[-1.628583168622813e-06, 4.023921669289634e-07]
[5.818256283360301e-07, 9.986714452393537e-07]
[4.531698460930045e-07, 1.1377797783235222e-06]
[-1.584941599644396e-06, 6.832876889573125e-07]
[1.1381290007314582e-06, -6.752413613531072e-07]
[-1.130159518150653e-06, -1.2619414039849453e-06]
[-9.704749184408223e-07, -1.352369599111336e-06]
[1.0238423375982797e-06, -7.786010239319019e-07]
[-1.6214070359815702e-06, 5.169792083176139e-07]
[6.129971371060527e-07, 1.1051756262370205e-06]
[4.260279200564432e-07, 1.0687450803612431e-06]
[-1.5482341679112777e-06, 5.359361506594544e-07]
[1.1244151700007254e-06, -8.467513700344265e-07]
[-1.0866560248984358e-06, -1.3557488337950785e-06]
[-9.292962523527182e-07, -1.2731169588831026e-06]
[9.634293184623832e-07, -7.185935015641132e-07]
[-1.5786261348821329e-06, 6.492613393721536e-07]
[5.145264499045732e-07, 1.2492368128280695e-06]
[4.314612053399336e-07, 1.0602782987180481e-06]
[-1.4533233644031807e-06, 4.904076933154311e-07]
[1.0005645791344442e-06, -9.662300955674136e-07]
[-9.843218558430733e-07, -1.4675446974553308e-06]
[-9.102938927363358e-07, -1.309948464964239e-06]
[9.41988538449845e-07, -6.993868329058239e-07]
[-1.453392066801118e-06, 7.71832277424167e-07]
[3.5078899151587406e-07, 1.2962930619475621e-06]
[4.627854223449024e-07, 1.071454374404479e-06]
[-1.4498622697700636e-06, 5.381468849569027e-07]
[8.821010670373441e-07, -1.000591423902606e-06]
[-7.962826116605926e-07, -1.5121605417725385e-06]
[-1.0091039163856452e-06, -1.3493056167795947e-06]
[9.589498427484133e-07, -7.107652863005964e-07]
[-1.2964853481137184e-06, 7.800197240614981e-07]
[2.181799961462061e-07, 1.2777113114759153e-06]
[5.560878469507147e-07, 1.1017997050277728e-06]
[-1.546622777702511e-06, 5.273015208084875e-07]
[7.8996067709447e-07, -1.004157886883017e-06]
[-6.500140773690877e-07, -1.4294049210106241e-06]
[-1.13530631959749e-06, -1.3003496746864275e-06]
[1.0653319782397835e-06, -7.023920704980237e-07]
[-1.243839046552453e-06, 7.252873771568247e-07]
[1.164967352584867e-07, 1.2211602331071991e-06]
[7.169743284768382e-07, 1.049157590721217e-06]
[-1.631983003503451e-06, 4.373701320004031e-07]
[7.401568482279242e-07, -9.684153910866078e-07]
[-6.270177058953497e-07, -1.349058058389141e-06]
[-1.2321407439411236e-06, -1.2101040598455626e-06]
[1.1846635585982535e-06, -5.696025631475587e-07]
[-1.2595468334916649e-06, 7.369395750257343e-07]
[9.697587326218393e-08, 1.1433140353275806e-06]
[8.071836436057689e-07, 8.935913106689064e-07]
[-1.6886778974323224e-06, 3.104161091643798e-07]
[7.794522581729829e-07, -9.67500973170221e-07]
[-6.314219770922266e-07, -1.3493295885624867e-06]
[-1.2995680809257948e-06, -1.0788469193279138e-06]
[1.1846321184977304e-06, -3.865120619395146e-07]
[-1.2578765317683427e-06, 7.994218399580422e-07]
[1.441863685044953e-07, 1.1602972552898771e-06]
[7.942397369231635e-07, 7.696299220948111e-07]
[-1.6815209681539378e-06, 1.4279842076164728e-07]
[8.029768296946571e-07, -1.0814324900437766e-06]
[-6.1665114753362e-07, -1.389590663897211e-06]
[-1.2747658467010536e-06, -9.416385968741281e-07]
[1.1151324609340318e-06, -2.755404327203781e-07]
[-1.2401274523538008e-06, 8.950593198553403e-07]
[1.1052438465830594e-07, 1.2709158508095175e-06]
[7.720336680124007e-07, 7.098542442287355e-07]
[-1.574314088167647e-06, 3.116256918310467e-08]
[7.161162194624371e-07, -1.2073123520223161e-06]
[-5.662103241266259e-07, -1.4763024269934255e-06]
[-1.2070119524906775e-06, -9.110517805721585e-07]
[1.0514409208850495e-06, -2.189464590740542e-07]
[-1.1511749447509767e-06, 1.02338741825303e-06]
[-1.9450432153789166e-08, 1.338184877908155e-06]
[7.553118668152115e-07, 6.833089213204024e-07]
[-1.492170300071427e-06, 4.266334002051009e-08]
[5.921220861092313e-07, -1.263380531286648e-06]
[-4.1446320397063585e-07, -1.5514305211226844e-06]
[-1.2286122172827652e-06, -9.435917959904616e-07]
[1.0011600548587296e-06, -2.1265568556083636e-07]
[-9.810210950464415e-07, 1.0730792440460935e-06]
[-1.5740496137409132e-07, 1.3390860480744227e-06]
[7.780358464437587e-07, 7.080773527790019e-07]
[-1.5167739449289952e-06, 6.177229264214823e-08]
[4.7213161796094694e-07, -1.278869053284587e-06]
[-2.3501393211361465e-07, -1.5030402034481305e-06]
[-1.3136520687351272e-06, -9.243975392821124e-07]
[1.0338990677205562e-06, -2.395700835489123e-07]
[-8.642046741974552e-07, 1.0185741668167214e-06]
[-2.89472321599038e-07, 1.290886367674715e-06]
[8.95850612614088e-07, 7.020505313481973e-07]
[-1.5727262754373916e-06, 1.8302088899968538e-08]
[3.687539020524877e-07, -1.236317727776326e-06]
[-1.5644666463698886e-07, -1.3941676730994113e-06]
[-1.3975204028460197e-06, -8.610355090479631e-07]
[1.1394292390755345e-06, -1.7611509637921116e-07]
[-8.359842677968521e-07, 9.7901386519883e-07]
[-3.618653827211493e-07, 1.1816873021763818e-06]
[1.0071423613283725e-06, 5.8093779739532e-07]
[-1.6277075183743217e-06, -6.71239236416099e-08]
[3.5847388905191346e-07, -1.1748958700652512e-06]
[-1.4285685689258143e-07, -1.3323691058775289e-06]
[-1.478179650404865e-06, -7.493454814919143e-07]
[1.1757529694705893e-06, -1.6150704877648803e-08]
[-8.241936302793088e-07, 9.84361685585659e-07]
[-3.292717641852419e-07, 1.1149515695180363e-06]
[1.0203736550140619e-06, 4.35047107387454e-07]
[-1.6514222569569137e-06, -2.172088982427267e-07]
[3.9580575942471663e-07, -1.2116111780813288e-06]
[-1.407358375220269e-07, -1.3110558725604182e-06]
[-1.484410006274972e-06, -5.877913389490397e-07]
[1.121902723048851e-06, 1.2044287182877422e-07]
[-8.216349277612167e-07, 1.0247461452242423e-06]
[-3.1072263527442967e-07, 1.162858704942954e-06]
[9.916105139368137e-07, 3.3507178174175395e-07]
[-1.5654026256604892e-06, -3.6987101992118354e-07]
[3.550907922839075e-07, -1.311455055358346e-06]
[-1.3760632222581393e-07, -1.3478716942710856e-06]
[-1.4007810969773882e-06, -4.928822810446043e-07]
[1.0426453520410474e-06, 2.1018146834084206e-07]
[-7.798203522646485e-07, 1.1278750889076594e-06]
[-3.85645162540027e-07, 1.2256450247077888e-06]
[9.454552881010825e-07, 2.674092409536005e-07]
[-1.4374447345685826e-06, -4.089401184643321e-07]
[2.530395254232709e-07, -1.3756376399352843e-06]
[-4.8915690484263585e-08, -1.4274085759560795e-06]
[-1.3544814361915458e-06, -4.951558357502162e-07]
[9.463320184283086e-07, 2.4774560788975997e-07]
[-6.351811675797681e-07, 1.2071971246530033e-06]
[-4.984832459135891e-07, 1.242920660449176e-06]
[9.037356722557677e-07, 2.6615343383384893e-07]
[-1.3890464157090276e-06, -3.854459224433837e-07]
[1.3309748471065919e-07, -1.4054168419299013e-06]
[1.2128324573291993e-07, -1.4223898235774446e-06]
[-1.3817076666144956e-06, -4.925140483225121e-07]
[9.012503379979275e-07, 2.1215397463802965e-07]
[-4.831232502389149e-07, 1.1759006176836895e-06]
[-6.318762224705177e-07, 1.217565544220367e-06]
[9.538030010108889e-07, 2.9091319622698286e-07]
[-1.3969432910640456e-06, -3.9005967357452764e-07]
[-1.5713786730153778e-09, -1.3765189570205671e-06]
[2.39855656253285e-07, -1.3195823858197508e-06]
[-1.4312722637736808e-06, -4.593422523188964e-07]
[9.608144742254132e-07, 2.094735046661786e-07]
[-4.0980992642436487e-07, 1.1102744054691804e-06]
[-7.451555162213408e-07, 1.1112677007762972e-06]
[1.055495157303854e-06, 2.2340596383951805e-07]
[-1.4290944321225518e-06, -4.2482679951660884e-07]
[-6.707683651574481e-08, -1.2836294320944797e-06]
[2.8188530289130487e-07, -1.219897601892339e-06]
[-1.5043594184041553e-06, -3.8683580220327807e-07]
[1.0148557549605197e-06, 3.148372857367937e-07]
[-3.7550565387678425e-07, 1.0680950917538179e-06]
[-7.492989295213026e-07, 9.865811313545386e-07]
[1.0922878247443535e-06, 8.992657048179087e-08]
[-1.4705745766535605e-06, -5.268735401714464e-07]
[-4.22948739572937e-08, -1.2444409831502412e-06]
[2.8911325935035426e-07, -1.1449658395557005e-06]
[-1.5412162756023307e-06, -2.3776317455148632e-07]
[9.882867363919523e-07, 4.451550358608447e-07]
[-3.72289441906426e-07, 1.0487321799685853e-06]
[-7.041238829150198e-07, 9.605243226290874e-07]
[1.0726498687191333e-06, -2.8162084705907198e-08]
[-1.4251748242308238e-06, -6.842537089019052e-07]
[-4.4224744574772323e-08, -1.293221583098525e-06]
[2.627315736011826e-07, -1.1197243870303408e-06]
[-1.4714528354109468e-06, -9.964974467813192e-08]
[9.177316667441371e-07, 5.513945421087296e-07]
[-3.721080521351672e-07, 1.101143727727516e-06]
[-7.211186369565636e-07, 9.940220003085143e-07]
[1.019168237342133e-06, -1.2783145335922702e-07]
[-1.2900311936229168e-06, -7.696383674991262e-07]
[-1.0828996108158684e-07, -1.3456823340918245e-06]
[2.81501217558322e-07, -1.1742386605631538e-06]
[-1.3816747074166247e-06, -5.968226551855693e-08]
[8.050579359646093e-07, 6.213391963716397e-07]
[-2.7950464381865103e-07, 1.1859585699186548e-06]
[-7.879724159554069e-07, 1.0144152741836665e-06]
[9.339198257865555e-07, -1.6706653829107188e-07]
[-1.1863630841046913e-06, -7.634794117541976e-07]
[-2.0319972572624412e-07, -1.3818857055999598e-06]
[4.055881072002887e-07, -1.2033411968146931e-06]
[-1.3502849876140255e-06, -5.613073603139007e-08]
[6.976673179726056e-07, 6.022558344115359e-07]
[-1.2811142954816113e-07, 1.18643317967293e-06]
[-8.932933116766704e-07, 1.0132885610858455e-06]
[9.097193417462179e-07, -1.356688627551783e-07]
[-1.1409537887668852e-06, -7.466181404097716e-07]
[-3.3921319530713645e-07, -1.3768169929073357e-06]
[5.358900039414971e-07, -1.1308646813345744e-06]
[-1.352288896278031e-06, -4.53641219276546e-08]
[6.922720239693758e-07, 5.541288694704827e-07]
[-2.3004207497234752e-08, 1.1201789296561016e-06]
[-1.0219245306156144e-06, 9.363458175620787e-07]
[9.729324035832876e-07, -1.4902603748256915e-07]
[-1.1336074451778755e-06, -7.3672570999328e-07]
[-4.4872767811232617e-07, -1.283985421617062e-06]
[6.036634620371073e-07, -1.0226750860875544e-06]
[-1.3958507226515676e-06, -1.7648046867304625e-08]
[7.38232488755805e-07, 5.91566769279385e-07]
[3.7502284694346244e-08, 1.0500751177824896e-06]
[-1.0694044015741033e-06, 7.90460979768759e-07]
