[374.7504924007809, -78.09486834045862]
[2.251416375461801, -9.580049430153636]
[24.40194496206754, -5.211666457682256]
[4.351803593283545, -2.259740330174097]
[-0.18600545464164853, 2.5370590017268135]
[-0.2916683722122144, 0.3792547458019584]
[1.0652169017290678, 1.2315783674258007]
[0.7111753371731702, -0.17174583520642628]
[-1.138368020007018, -0.5200355673300479]
[0.7407514725107847, 0.07457181076255504]
[0.7293919263974811, -0.15865778756107574]
[-0.10834170571905677, -0.46401899619305453]
[0.2219171630583494, -0.016939220313727077]
[0.17607738964059116, 0.1454929762507482]
[-0.1608040459410267, 0.2802881213863113]
[0.11521847221226267, 0.06215515002289074]
[0.10474591821403978, -0.3254422701266648]
[0.1991648198816467, -0.22298165928811464]
[0.09879746303115766, 0.033052824523847946]
[-0.06671887580020641, 0.0509317620918841]
[0.1104053396366047, 0.10516314287158046]
[0.059862206300345666, -0.006583990710574028]
[-0.11548035328000239, -0.0973402736950959]
[0.14924962609171144, -0.000931548305164065]
[0.11679096460922439, -0.018546509939270317]
[-0.0485203635722109, -0.08340643708714701]
[0.06965277105459422, -0.007838951005791017]
[0.04283988850117071, 0.024521123044068283]
[-0.05436189454799578, 0.05511409889493191]
[0.04058457118312919, 0.032248091435856274]
[0.048217836160505456, -0.08039204986222703]
[0.045946579799478915, -0.08212448262147731]
[0.029248336403298936, -0.0024730792047096273]
[-0.012490438995860664, 0.02349391829293901]
[0.0321112050624226, 0.0473364703752015]
[0.012754950638447449, 0.002847100614356002]
[-0.030301287650460695, -0.0485852652448564]
[0.06521192983186952, -0.011744675006200245]
[0.03806510787700601, -0.0026221754424663457]
[-0.02532340714582615, -0.023563412574068465]
[0.03792428463611319, 0.0002988158084242798]
[0.016811363083088615, 0.0040917236689002046]
[-0.031111704840559362, 0.01472146592340362]
[0.026264205258959894, 0.018811078662421377]
[0.027795586028971142, -0.02902162115604412]
[0.011979999518308027, -0.04161821090879858]
[0.015972832204362852, -0.007254795999086738]
[0.00024893948789161957, 0.011376058289454816]
[0.009395935051202786, 0.0281969531049433]
[0.00367376331912439, 0.006394128802527099]
[-0.007499175662807445, -0.02890440658548865]
[0.035028588297484564, -0.013904097194651133]
[0.015270830302980265, -0.0015001300680324015]
[-0.013358368572730761, -0.006261578907980514]
[0.023987713267542787, 0.004779367655469269]
[0.00635542903478048, -0.00040443227156616857]
[-0.019381642990739856, 0.0013081092475615286]
[0.020492679115918122, 0.010611615493370086]
[0.016544857347171593, -0.011535575980425872]
[0.0010754343646053321, -0.023039979632514473]
[0.01237217556065695, -0.00674538688003512]
[0.0032023537927295953, 0.004697712554657674]
[0.0002669058171729244, 0.017720576842754965]
[0.0023341871435462735, 0.007675834568216189]
[0.0006159067038468136, -0.017758830892574462]
[0.01980781231276274, -0.013278181571284797]
[0.007058873124190512, -0.0026781107208913024]
[-0.006367878882028943, -0.0006070885063479414]
[0.01550481220865274, 0.0069568489001696765]
[0.0013841883520407938, -0.0005693781660074393]
[-0.011811337243608389, -0.003787526217695625]
[0.016660731588314992, 0.005011310313297407]
[0.009534825617541084, -0.004734301505215588]
[-0.0023823761036727564, -0.012759085046638141]
[0.010912891487264265, -0.004763195615827609]
[0.0029817750217547845, 0.0009821287293390046]
[-0.0035344750973533845, 0.010775264743457913]
[0.003053359370194908, 0.007564640410640422]
[0.0033501457974760562, -0.010657965367344202]
[0.010938214119780687, -0.011449448624149206]
[0.004194939254582586, -0.003766427945044004]
[-0.0022578200000464843, 0.0007992387404843759]
[0.009573892223439961, 0.007578932864662713]
[-0.0008202487280973836, 0.000546940050304201]
[-0.006592663645999197, -0.00533554734974695]
[0.01335913584769366, 0.0011577860201455459]
[0.0051102905651790875, -0.0022846041516541293]
[-0.0028693652276399195, -0.006712095008877039]
[0.009742045495463647, -0.0024774621807552855]
[0.00172957444640498, -0.0008335092929232513]
[-0.004707941597497767, 0.005906615808512372]
[0.004129996706081052, 0.00656497982512616]
[0.0037048225690283765, -0.006049959501168933]
[0.005550519786687302, -0.009131729537371402]
[0.003540686627160561, -0.004227786835214964]
[-4.949136478649141e-05, 0.0005470724461061061]
[0.005279728261710512, 0.007142885431560331]
[-0.0014200194885048978, 0.0018279717984825972]
[-0.0030525508758036946, -0.005163218868401209]
[0.010306147537410104, -0.0013315241314106885]
[0.0024833378370681114, -0.0017599551390479196]
[-0.0021556717997601726, -0.003226842244473449]
[0.008382032357222902, -0.0004068191566142243]
[0.000343133299047671, -0.0013849134317633904]
[-0.004481611773699434, 0.002554131234758117]
[0.004938506636753437, 0.005070692555191103]
[0.002998937577704197, -0.0031954699866307834]
[0.0023777009717673714, -0.006758341738212881]
[0.003730259217307297, -0.004033210045319535]
[0.0008613764756183473, -0.0002284153449991222]
[0.0022567468652412437, 0.006045048274121445]
[-0.0010909600895512295, 0.002805121164443314]
[-0.0008252648129908335, -0.004189794253462775]
[0.007534700088587254, -0.0027146839574390125]
[0.00115081139248141, -0.0020121454265458194]
[-0.001092854834054524, -0.001411457357193835]
[0.006798486815727256, 0.0011918125928056522]
[-0.0007632239529029583, -0.0011391461068370745]
[-0.0035595043664181647, 0.00041105323282275563]
[0.005265042324860525, 0.0034081438799867525]
[0.0019347339758886972, -0.0016230663919185317]
[0.000702597502683866, -0.004617719524741881]
[0.004088416699442307, -0.003331994535022087]
[0.0009258261531213119, -0.0009764539448489096]
[0.0002931429895126625, 0.004621482012435452]
[-0.0002996542873072716, 0.003304575607639526]
[0.00037203074970360017, -0.002958391528885551]
[0.005153498006991386, -0.003229267279448722]
[0.0007185890206062862, -0.0024372713827611747]
[-0.00012312717809526141, -0.0006811542221276667]
[0.00511522061128844, 0.002216289017653472]
[-0.0014214133999351786, -0.0004687973049348759]
[-0.0023983029534068168, -0.0007653142046815109]
[0.005097226286058021, 0.0018356334827019372]
[0.000914883838486924, -0.0009613713389548806]
[2.9101605175330114e-05, -0.0028883970309661056]
[0.004281910463897198, -0.0023346873101055543]
[0.0005083875652210912, -0.0014430745955266167]
[-0.0007966823994305372, 0.0031493338951460448]
[0.0006155901324080837, 0.00331719312719414]
[0.0008038438187280006, -0.001804302868370078]
[0.0032565450925977346, -0.0031165500044199046]
[0.0008506970815830295, -0.0027215523650858664]
[0.0005406458027489847, -0.000602389980741122]
[0.003497910349543762, 0.0026747813493281924]
[-0.0016126559205914548, 0.00033184009088538247]
[-0.0012988401793057741, -0.0012096450585832308]
[0.0045316889609481326, 0.0005348949834350636]
[0.00015705348424199794, -0.0008901594589647011]
[-2.7046460782220727e-05, -0.0016519519571671637]
[0.004179072317134325, -0.00125441591102593]
[-9.871180489773312e-05, -0.0015511219339774396]
[-0.001208736336770877, 0.0018374425859390975]
[0.001420829798442047, 0.0029315448197437255]
[0.0007256261943898723, -0.0009181878721902237]
[0.001886458997349516, -0.002614755215649245]
[0.0012626379073111815, -0.002732489351176648]
[0.0008338217134198356, -0.000842648151240355]
[0.00209575783968613, 0.0026542595539196523]
[-0.0014121091986717405, 0.0010477430423829759]
[-0.00044125216799090206, -0.0011553707288425308]
[0.0037181088932439765, -0.0003933574405545759]
[-0.00025255651170197346, -0.0011344034632236877]
[0.00022942766035827233, -0.0009057168609184485]
[0.003776299358259183, -0.0002711079129402716]
[-0.0006775771466005498, -0.0013342187243354786]
[-0.0011492404816701995, 0.0008187726168524811]
[0.0019770866975098167, 0.00228744029550218]
[0.00037234800989113803, -0.00037851378871275876]
[0.001024658637617748, -0.0019411960574522436]
[0.0017289093706358005, -0.0024579630498664518]
[0.0007903502896524084, -0.001156731287983992]
[0.0010109061044406564, 0.0022902551227553247]
[-0.0009471521378445757, 0.00154508515309415]
[9.477859680923073e-05, -0.0008222840403943055]
[0.0028182814728374694, -0.0009255586763727841]
[-0.0003233476450148487, -0.0014724442621105727]
[0.0005677840083071484, -0.0005808706810163655]
[0.0031479521843677527, 0.0004897063957561842]
[-0.0010876993314314076, -0.0008899195151852446]
[-0.0008193353662744873, 0.0001501613527863377]
[0.0022304786633999124, 0.0015388145897929362]
[-5.836673919151769e-05, -0.00017731574290649754]
[0.0005979712628887413, -0.001273603225942832]
[0.002091257046132722, -0.001961985735555727]
[0.0005037412740688252, -0.001382807781249995]
[0.0002860233492172348, 0.0017370394232896214]
[-0.0003623467381103085, 0.0017674738882437202]
[0.00031052681081095157, -0.0003989403030600913]
[0.001975437264801927, -0.0011026886932425928]
[-0.0001286733424308295, -0.0017451462700857068]
[0.000831842839270569, -0.0005655368429353241]
[0.002406407512664188, 0.0009655173499067138]
[-0.0012635091668272702, -0.0003419690480981341]
[-0.0003958961161427965, -0.00017916652993643645]
[0.0021971567091952915, 0.0008244304161955096]
[-0.0004204531615588092, -0.00024638069626933823]
[0.0004953468199594413, -0.0007365527111007353]
[0.0022613417869215557, -0.0013477131162389355]
[9.329005494429499e-05, -0.001437055127097464]
[-9.432851416124599e-05, 0.00114068067092421]
[0.00020913146941681227, 0.0017246938058526062]
[0.00026569791708724866, -2.7552535548980295e-05]
[0.0012936634011949943, -0.0010109032118141847]
[0.0002243572706804864, -0.0018597353197660205]
[0.0009376792545173901, -0.0007300158521273137]
[0.0016694452444069863, 0.0011542197201077492]
[-0.0012045146618564484, 0.00018999165500910298]
[-1.5165994357024815e-05, -0.00023149346359296885]
[0.0019430563327418326, 0.0002474358039408209]
[-0.0006266809300765619, -0.0004842922203963651]
[0.0005894069076228803, -0.0003960247178281806]
[0.0022155552741187634, -0.0007262664488034698]
[-0.00032427320709138563, -0.0013028699006605304]
[-0.00019212883320174345, 0.0006179925691117694]
[0.0006660267884371907, 0.001475033554880087]
[5.363565008885407e-05, 0.00020440165811801136]
[0.0008278678168163744, -0.0007587384094880356]
[0.0006223374429956269, -0.0017859393144838975]
[0.0008651737285136352, -0.0009504898493602476]
[0.0010355956634067742, 0.001102435216983888]
[-0.0009589298145080694, 0.0006123644862813249]
[0.00023690455532143773, -9.975280912344342e-05]
[0.0015608259704292249, -0.00013523562485762142]
[-0.0006474205516366904, -0.0007821181703505653]
[0.0007581006965133308, -0.0002627896581804401]
[0.0019824192069695656, -0.000192557819467698]
[-0.0006559948952217509, -0.0010144745052718118]
[-9.802030869698886e-05, 0.0002436356946595719]
[0.0009502214265184744, 0.0011039584827075843]
[-0.00022304953878415912, 0.0002642161650765751]
[0.0005838541182060508, -0.00045470149538084925]
[0.0009678330139905045, -0.001544708636006975]
[0.0006434868991466725, -0.0011278358783104458]
[0.0005686125138271159, 0.0008879277569093236]
[-0.0006034027481943705, 0.0008701601524702673]
[0.0003260170231010884, 0.000114453403226078]
[0.0011472426369215638, -0.0003137203101823971]
[-0.000501470820770733, -0.0010448548363601873]
[0.0009025617520835305, -0.0003034152575049076]
[0.0016247986981374196, 0.0001904082407043206]
[-0.0008453093377425169, -0.0006369305013590454]
[8.877649980623681e-05, 4.626151532294287e-05]
[0.0010485119784164332, 0.0007026002845511026]
[-0.0004733215183332917, 0.00016607241689076124]
[0.0005268241512249583, -0.0001887261324842182]
[0.0011943247011751978, -0.001191590560530309]
[0.00033251108315518474, -0.0011992104426894468]
[0.00029148511505316943, 0.0005998195564057562]
[-0.0002222095033496685, 0.0009501149872101489]
[0.00026294645703944797, 0.000320376672174022]
[0.0007843551268035889, -0.00031777177131131484]
[-0.00024109835180513572, -0.0012062230412862585]
[0.0009584893436306516, -0.00045633055105584464]
[0.001220125260476157, 0.0003981160378934978]
[-0.0008756713527797166, -0.00024558794194862177]
[0.00027891221980347325, 1.3058388009024036e-05]
[0.0009861814861851226, 0.00034940094304003466]
[-0.0006324681030559498, -4.275674133497054e-05]
[0.0005955562682163906, -2.000412337266333e-05]
[0.0012727607518585593, -0.0007978310963552837]
[3.317675492719996e-06, -0.0011414890969521085]
[0.00018917751213781697, 0.0003202488602529474]
[0.00011079117517770465, 0.0008755422250422071]
[9.092048824672905e-05, 0.00045232844778356207]
[0.0005267896333687738, -0.00020355884121170398]
[6.563572949621482e-05, -0.0012355440344371527]
[0.0008998789764408655, -0.0006496848314075931]
[0.0008419950014100785, 0.00044261470210515963]
[-0.0007661529004293621, 9.190504321221482e-05]
[0.0004066837633767695, 0.00010072584590936629]
[0.0008147569428463286, 9.744520027121784e-05]
[-0.0006693362905455524, -0.0002986592987080927]
[0.0007189243331521822, 2.7647913993344986e-05]
[0.0012100239082459274, -0.0004325009760882126]
[-0.00027927441019033605, -0.0009671326359220744]
[0.00021809346387702266, 0.00011043305654145907]
[0.00034488626808093503, 0.0006952159078334741]
[-0.000130193619107849, 0.0004769202406560147]
[0.0003964021465726053, -3.791264324248811e-05]
[0.0003519679808452192, -0.0011368070388966256]
[0.00073545326234703, -0.0008177359390494354]
[0.0005459847469800327, 0.00036391206671387843]
[-0.0005611061281457497, 0.00032853181212499916]
[0.00043732023107495577, 0.00025002454041989086]
[0.0005970206725527671, -3.121334561362321e-05]
[-0.0005860076908109635, -0.0005381724533727317]
[0.0008314467403027215, -3.682562253889271e-05]
[0.0010408950612912152, -0.00014847901803390073]
[-0.0004694713967602626, -0.000714309719095918]
[0.00031944050617153247, 2.9686311372456586e-06]
[0.00045854083669019663, 0.0004692690706428193]
[-0.0003397438509777917, 0.00039309126661074556]
[0.0003840743529625601, 0.0001167450874566267]
[0.000566085281343498, -0.000941335643389829]
[0.0004994349176489221, -0.00091311492620616]
[0.00036150130262996294, 0.00021736777543818198]
[-0.0003167258263573336, 0.00044437046341272435]
[0.00036736960931579854, 0.00040076145423934006]
[0.0003924307623782153, -4.4298422713362484e-05]
[-0.0004111666979402795, -0.000711368635567089]
[0.0008851548134771181, -0.0001800356058125202]
[0.0008160103600013402, 2.5846985684210844e-05]
[-0.0005471364378728527, -0.0004339126682310068]
[0.0004333800579603003, 8.522189348658671e-07]
[0.0004586917242421218, 0.00025520576508147874]
[-0.0004893732782527138, 0.00022599572432518977]
[0.0004572150581642065, 0.00021410027365464934]
[0.0006794153083610199, -0.000696402506214]
[0.00023914986074974331, -0.0009133649320719472]
[0.0002901996796055295, 6.009773187609646e-05]
[-8.751567030162999e-05, 0.0004464707176307231]
[0.00021909989961616666, 0.0005043817478519036]
[0.0002456204982979604, 2.757117143148413e-05]
[-0.00018937494761767787, -0.0007901846744193808]
[0.0008560950251715327, -0.00035577345010365247]
[0.0005886964148812401, 8.854033466584865e-05]
[-0.0005180550928441385, -0.00017634367879926227]
[0.0005111364621405712, 8.241227587113542e-05]
[0.00037448106000353976, 9.668466454260116e-05]
[-0.0005513428631852002, 1.681052315560816e-05]
[0.000570676062226716, 0.00023055186954198947]
[0.000688839289225196, -0.0004525698580619131]
[2.2365656280609603e-06, -0.0008213985408160873]
[0.00031024744220967126, -6.0832565700774666e-05]
[8.472353295015805e-05, 0.0003632219830734251]
[3.0835336041423744e-05, 0.0005321403258563145]
[0.00017972468465465852, 0.00014122333861898984]
[3.107253730895432e-05, -0.000770905909215136]
[0.0007450035368912755, -0.0005172390856668652]
[0.0004033919145531306, 6.0351912527123464e-05]
[-0.00040879488289791155, 1.9372945516071827e-05]
[0.0005230039770399708, 0.00021033675853249223]
[0.00024748668258323114, 1.6853697894836372e-05]
[-0.0005212418012268683, -0.00018897565363718005]
[0.0006784522914190516, 0.00016619021069846224]
[0.0006133311209246262, -0.00025240480181173974]
[-0.00017403208365235345, -0.0006607020600011282]
[0.00038471669358618177, -0.00011636385389146575]
[0.0001775925856163374, 0.0002351700602722384]
[-0.00015431980150493185, 0.0004779217853871781]
[0.00019513368978280043, 0.00025219428955580714]
[0.00020911911816046125, -0.0006712129351351681]
[0.0005728658754783622, -0.0006273975381528296]
[0.00028770307968889464, -2.3156981071192906e-05]
[-0.00025800617816174043, 0.0001323675589927631]
[0.00046125361257592923, 0.00034243226406810434]
[0.00012090354520910562, 1.6903064489537378e-05]
[-0.000415401674957655, -0.0003522705342321464]
[0.0007437304687180207, 4.076788632771666e-05]
[0.0004865217144580658, -0.00012260589544603462]
[-0.00026952979848354763, -0.0004670139812246177]
[0.00047182172979419457, -9.850687920376355e-05]
[0.0001897608017200625, 0.00010465740661069756]
[-0.00029891565844669676, 0.00035592944116369374]
[0.00027314380741116917, 0.0003245242271031623]
[0.0003187227516064095, -0.0005231887508262423]
[0.0003729794139011311, -0.0006656711404863236]
[0.00024916479798225977, -0.00012141508283602942]
[-0.00010645216746871244, 0.00016183430322888603]
[0.0003380722614908793, 0.0004417164563564613]
[3.001298614752068e-05, 7.939196720785358e-05]
[-0.00026431477179392204, -0.00044808247018102154]
[0.00074549138211219, -0.00011381409759581018]
[0.00034728483260126897, -7.064355570024494e-05]
[-0.0002833647517287985, -0.00027867064943098985]
[0.0005346582966908875, -1.8575381040997208e-05]
[0.00013797012370575512, 6.577307302246815e-06]
[-0.0003787718372691984, 0.0001944440362543487]
[0.00038307244502094884, 0.00033730007794052774]
[0.00035230693325785656, -0.000364294358945777]
[0.00018162281095413652, -0.0006301282870148084]
[0.00027670750618166706, -0.0001982825307217384]
[1.1995333542763609e-05, 0.0001243764375592621]
[0.00017964031323564056, 0.0004838841426202528]
[-4.2824929777363074e-06, 0.00017500767029432485]
[-0.00010397830718766876, -0.0004690720681447269]
[0.0006807897042732935, -0.0002624805935171892]
[0.0002305619019028482, -8.597418008429725e-05]
[-0.00023151324137382634, -0.00012779558888548204]
[0.0005485036137047594, 9.838795139860412e-05]
[5.063552632089685e-05, -3.79902097106255e-05]
[-0.00038660836575449276, 2.7485522580916744e-05]
[0.0004908919602685247, 0.0002870407983176504]
[0.00031977049318474005, -0.00022846802535836375]
[2.9450949888570888e-05, -0.0005353415246701632]
[0.00034588114810077397, -0.00022921808760223428]
[7.664284637129426e-05, 4.797205849149666e-05]
[1.8095979516352667e-05, 0.0004609646039118037]
[2.207113831381724e-05, 0.0002708885660692162]
[3.2742431847226916e-05, -0.00042478646963595157]
[0.0005628234227257334, -0.0003753516518232858]
[0.00016031112838132966, -0.00014495271647063657]
[-0.0001411091375721485, -3.4061060688594935e-05]
[0.0005044792734529013, 0.00022132157267290564]
[-4.0163031431249274e-05, -2.4307056739614197e-05]
[-0.00033148236881425097, -0.0001135937732067438]
[0.0005673699312414085, 0.00018598365693012903]
[0.00024386144043997415, -0.000139203950223675]
[-6.467892734468572e-05, -0.0004069503895096638]
[0.0004262376204773183, -0.0002049653519252681]
[8.257393394256463e-05, -3.571285586012607e-05]
[-0.00011664887763496168, 0.0003809146729540358]
[9.779744558413572e-05, 0.0003385531754654947]
[0.00012290729509981113, -0.00033731701780553847]
[0.00041575792300727055, -0.00043382239871136985]
[0.00014579237449058313, -0.00021791641704715925]
[-4.304790068526687e-05, -2.0042496237035468e-06]
[0.00040927914981006563, 0.0003210853815443504]
[-0.00010639087835237482, 3.736953663235898e-05]
[-0.00023470985294005153, -0.00020679406872659012]
[0.0005940539536895689, 5.717162784583951e-05]
[0.00015337304625900883, -0.00010582493034361207]
[-9.645770088001493e-05, -0.0002745191102126454]
[0.0004890222096548547, -0.00013142358473156035]
[3.947739017245988e-05, -9.880733514666673e-05]
[-0.0002034855987377293, 0.0002637665131380862]
[0.00020095715035156614, 0.00035979784610487564]
[0.00015723562743510944, -0.00023477335456373316]
[0.0002678289292743219, -0.0004333517223101824]
[0.00018155430755539825, -0.00027664659201454]
[3.528829239188638e-05, -2.201731558587605e-05]
[0.00028152358908287156, 0.00037690813997817013]
[-0.00012985824533978674, 0.00012623063182848338]
[-0.00012360276169372242, -0.00024321895329437737]
[0.0005660920736453301, -7.219610577069435e-05]
[7.589997464019227e-05, -0.00012334539579272885]
[-7.529749289736376e-05, -0.00016444436591880884]
[0.0005134829516977579, -2.6211630555716958e-05]
[-3.2572003581754494e-05, -0.00012292523728607563]
[-0.0002338708215764984, 0.0001355980722021477]
[0.00030536366001654436, 0.00032954985859567215]
[0.00014035847727876527, -0.0001442586002228241]
[0.0001444293806478758, -0.00038277230306471566]
[0.00025066429068128226, -0.0003005503560090661]
[7.562081899245565e-05, -7.43390610734862e-05]
[0.00014594776689669242, 0.000380139164950305]
[-0.00010509255691748542, 0.00021711308972016674]
[-2.4653906490146316e-05, -0.00022744565167193143]
[0.000491670638777586, -0.00017749355648949416]
[3.177908747015179e-05, -0.0001755118817450274]
[-2.0551041449767826e-05, -9.444921599220668e-05]
[0.0004906003477923304, 8.692363416659687e-05]
[-0.00010909250128230893, -0.00010204279769765456]
[-0.00021230650997741685, 2.190681881408807e-05]
[0.00038713681867111327, 0.00025542996468165546]
[8.795784551952901e-05, -8.593754037202611e-05]
[6.268888544350149e-05, -0.00030069845334307344]
[0.0003300830752260425, -0.00028037195673080717]
[7.166082945858632e-05, -0.00013481278324328771]
[2.6953927856676607e-05, 0.00033481709846364116]
[-3.901137643269603e-05, 0.0002868878958911525]
[4.227105264370534e-05, -0.00017484358678793166]
[0.0003886014400174831, -0.0002419955370239757]
[3.0396870556170796e-05, -0.00023997458469343647]
[4.403781370759807e-05, -7.068047350313605e-05]
[0.00042373186112827643, 0.00018437320474877505]
[-0.00016741587109622702, -4.226738681212261e-05]
[-0.00015382884820720755, -5.808756287273287e-05]
[0.0004299403686956471, 0.00015451438241947946]
[2.1790017937062256e-05, -6.937077663773938e-05]
[2.855976109356062e-05, -0.00021016721381128534]
[0.0003967499217610304, -0.0002189120708401271]
[2.8972966842233383e-05, -0.00018093482697051355]
[-5.69802485337334e-05, 0.00025531013260599034]
[5.215398943159144e-05, 0.000319612287118326]
[6.7571597645949e-05, -0.00010679170735891641]
[0.00027914614326796094, -0.0002597932819612403]
[6.939924140980658e-05, -0.00029420124911810897]
[9.62190547597816e-05, -8.774724798352174e-05]
[0.00032639078654727455, 0.00024814639002328914]
[-0.0001917491996146492, 4.1090841450874827e-05]
[-7.94118929939025e-05, -9.505998097403268e-05]
[0.0004278978705502534, 4.833894078717926e-05]
[-3.6062437277606385e-05, -9.266347046743562e-05]
[3.676502590971298e-05, -0.0001329046925794275]
[0.0004329500316476165, -0.00012894225094589595]
[-3.780760490179613e-05, -0.00019681987731595685]
[-9.689785918781668e-05, 0.00016189027890733954]
[0.0001476853567737857, 0.0003094464328206453]
[5.282040432717794e-05, -4.509680452992326e-05]
[0.00018442965000065037, -0.00023592630318114427]
[0.0001366469239760526, -0.000320736709077174]
[0.00012010905386919402, -0.00013135822392709717]
[0.00021798034706554947, 0.00026943880951058735]
[-0.00017608515434797134, 0.00012818795681007744]
[-1.0547172533431626e-05, -9.054695805932322e-05]
[0.00038580046637137766, -4.2542015766700025e-05]
[-6.834424609653e-05, -0.0001443006635099553]
[7.329752905815834e-05, -8.453898795607317e-05]
[0.00042984983389493525, -2.9095677845369927e-05]
[-0.00010948884548367399, -0.00017609674026120015]
[-9.43862883647506e-05, 7.54626336109121e-05]
[0.00022768055327732073, 0.0002609347733715517]
[9.042461291026982e-06, -6.94851748871822e-06]
[0.00011973759146705065, -0.0001840111015823931]
[0.0002141731408216857, -0.0003107066930610469]
[0.0001090719126283779, -0.00018268004854052333]
[0.00011866478704888883, 0.0002497034774174567]
[-0.0001245485116164735, 0.0001998187847342403]
[3.569460982322248e-05, -5.5339870528525736e-05]
[0.0003168586138638657, -0.00010317243855989533]
[-6.609853794370402e-05, -0.00020696237338579948]
[0.00011962949000077217, -7.173032166672005e-05]
[0.00038860934694379123, 6.112176581613005e-05]
[-0.00016736504448465472, -0.000122310992378305]
[-6.0080631217721e-05, 1.2726427036091614e-05]
[0.0002775883221916575, 0.0001868773045647365]
[-4.696277402249649e-05, -1.4857139466750713e-06]
[9.165988568654582e-05, -0.00012217182481211175]
[0.00028303607982098355, -0.00026496989030777574]
[6.61757543582997e-05, -0.00022325035955467198]
[4.462527056847687e-05, 0.00019925535071815825]
[-4.937863190859759e-05, 0.00024187430150389433]
[5.00586527695801e-05, -5.943344445313858e-06]
[0.0002387687117371487, -0.0001270341526913854]
[-2.985513904962822e-05, -0.00026224635562116516]
[0.00015749963436725856, -9.166110848873171e-05]
[0.00031908095587244653, 0.00012598055761563198]
[-0.0001975957135591233, -4.7009699241096214e-05]
[-1.0254434931869505e-05, -1.7185052825718916e-05]
[0.0002910317484468572, 0.00010452900759769235]
[-9.721831760342581e-05, -2.857830496352798e-05]
[9.753104131804413e-05, -6.83728612650425e-05]
[0.00032787422963931334, -0.0001929079251352106]
[2.376078762564293e-06, -0.0002392757206091667]
[4.733402557355326e-06, 0.00013398636746059234]
[3.274550446283331e-05, 0.0002481502848981146]
[3.23509117746007e-05, 3.9896236867772994e-05]
[0.00016916279228401665, -0.00011665135506372382]
[3.149282572526002e-05, -0.00029513378739370877]
[0.0001731319563579442, -0.00013375551058274204]
[0.0002366424371719189, 0.00015681816006563737]
[-0.0001939965578807712, 3.3815714641005634e-05]
[3.752906501341968e-05, -1.3976637228241273e-05]
[0.0002704561163362207, 3.116480197662419e-05]
[-0.00012694750392722165, -7.987092207190072e-05]
[0.00012705725639011733, -3.627586177144815e-05]
[0.00034016026238312125, -0.00010937318050574518]
[-6.69269996645544e-05, -0.00022440087224101513]
[-7.473215973274883e-07, 7.113325134822102e-05]
[0.00010503033299825992, 0.00022103775271769752]
[-9.530188312751459e-06, 6.747971016093923e-05]
[0.00012154074035597429, -8.205051881410297e-05]
[0.00010363080458288335, -0.0002972078962944491]
[0.00015998272318001883, -0.0001830096171432094]
[0.00015807652267435524, 0.00015336012983785396]
[-0.00015876828116806463, 0.0001039503334074321]
[6.861798652169071e-05, 1.4702694930368576e-05]
[0.00022567333272471846, -1.991307447946067e-05]
[-0.00012775706862977465, -0.00014162094779313072]
[0.0001655383173243541, -3.251412307968271e-05]
[0.0003195421183779107, -3.067779644744251e-05]
[-0.00012600785205704734, -0.00018047077642657783]
[2.0660425176233232e-05, 2.5160575710780897e-05]
[0.00015448813703199116, 0.00017015003526683892]
[-6.233230173219306e-05, 6.830007060146942e-05]
[0.00010256743111897171, -3.7641830787693564e-05]
[0.0001707278785094135, -0.00026801447943664014]
[0.000119533546198064, -0.0002240098381030564]
[9.753525560379783e-05, 0.00012296564824901268]
[-0.00010120162806126487, 0.00015080759569961744]
[7.437765358586645e-05, 5.590052074497254e-05]
[0.0001708442380759928, -4.2053457369795044e-05]
[-9.90151368948089e-05, -0.0001985028345884432]
[0.00019778843362346088, -5.586952251026081e-05]
[0.000273152533674631, 2.936155529847939e-05]
[-0.00016259946024038685, -0.00011630818048335989]
[5.619324088994987e-05, 4.692470951195293e-06]
[0.0001745918054905926, 0.00010940402203563071]
[-0.00011115624928764722, 4.1434074551871536e-05]
[0.00011122248045281058, 1.6077681811443867e-06]
[0.00021931351943180188, -0.00021443368655238437]
[6.0138410262422504e-05, -0.00024464911948635093]
[6.350846936031829e-05, 7.817292808670606e-05]
[-3.485327933727689e-05, 0.0001680619096509628]
[5.359335380195063e-05, 9.497207972913868e-05]
[0.00012074389360036686, -3.613067395802361e-05]
[-4.728234680091703e-05, -0.00023740986657272423]
[0.00021178611542971293, -9.835809413888397e-05]
[0.00021324179995238501, 6.241771348404479e-05]
[-0.0001705032047357169, -4.497917964613185e-05]
[9.136413349175587e-05, 1.1099061979269464e-05]
[0.00016617263241114344, 5.337648281750207e-05]
[-0.00014318491039580494, -6.971796725124824e-06]
[0.0001398219417304003, 2.3760157726843145e-05]
[0.00024123445750939831, -0.0001483980784580674]
[-5.624141755852796e-06, -0.00023871239693806778]
[5.740029202797037e-05, 3.3272511360649126e-05]
[2.601001802828712e-05, 0.00015656969787365346]
[1.2007803247532367e-05, 0.00011923656079611267]
[8.723996439283233e-05, -9.583095113896434e-06]
[1.5887854706082838e-05, -0.000250375523012103]
[0.0002012352761230629, -0.000147793471055091]
[0.00015383872637800278, 6.708443697801825e-05]
[-0.00015053128100864233, 1.9678734097139383e-05]
[0.0001135471021574408, 3.890904314646226e-05]
[0.00013651742680818868, 1.3846368445480373e-05]
[-0.0001505696916017374, -6.582323560910819e-05]
[0.00017650082821496493, 2.2443177483101595e-05]
[0.0002350929344394348, -8.363964638331833e-05]
[-6.434139065383815e-05, -0.00020683785337860527]
[7.389367328819452e-05, 7.922134139248804e-07]
[6.980703391334941e-05, 0.0001235239943076713]
[-3.9726433759629254e-05, 0.00012082774684531172]
[7.678054309351312e-05, 2.5991984427320425e-05]
[7.711864738760288e-05, -0.0002360187293887206]
[0.00016654405677393735, -0.00019109743109502197]
[0.00010730352857324377, 4.855713438531306e-05]
[-0.0001097163006896773, 6.639259553621601e-05]
[0.00011479156655330724, 7.77849116789242e-05]
[9.703895012308505e-05, -2.691195406967495e-06]
[-0.00013188208604120177, -0.00012216773020073957]
[0.00020844658301902297, -2.1539108221134418e-06]
[0.00020597076785538668, -3.230998469472626e-05]
[-0.00010504396017324558, -0.00015577849496561935]
[0.00010285551135956125, -1.128179565357268e-05]
[9.010224422881241e-05, 8.01991597338958e-05]
[-8.905974277412243e-05, 9.814990823321657e-05]
[8.938413173290027e-05, 5.7997547654675685e-05]
[0.00012452388665323832, -0.0001993104234684906]
[0.0001141363885208968, -0.00021751981004441978]
[8.158417820455788e-05, 1.6794915651152653e-05]
[-5.912782873024325e-05, 8.888934331527376e-05]
[9.328107237603633e-05, 0.00011546066601084148]
[6.0189609660761534e-05, 3.95273023656717e-06]
[-9.192121557732857e-05, -0.00016444545345878359]
[0.00022506307741197717, -4.392059064579901e-05]
[0.0001636564356848197, -2.2723691150486336e-06]
[-0.00012161646459471487, -9.628757059526594e-05]
[0.00013220118331147557, -9.659236926418124e-07]
[8.663971155500882e-05, 3.893658918174836e-05]
[-0.00012473524328168728, 5.5723702145044074e-05]
[0.00011923422472065459, 7.594667161339719e-05]
[0.0001503806352743109, -0.00014986447061632324]
[5.440419152784315e-05, -0.00022102417359565196]
[7.875417490216252e-05, -1.627325390191059e-05]
[-1.0928216059351292e-05, 8.694103697950983e-05]
[5.321529269435715e-05, 0.00014087149299728957]
[3.6405312029669235e-05, 2.821266779734488e-05]
[-4.006678485661552e-05, -0.0001851277750480329]
[0.0002203318448890934, -9.280802001902788e-05]
[0.0001199201163274155, 4.3603038637762825e-06]
[-0.0001138531742233273, -4.0242185664951524e-05]
[0.00015096531590627627, 2.7804199750847136e-05]
[6.483259175120437e-05, 1.0142138833768577e-05]
[-0.0001393942349360855, 2.598412608856293e-06]
[0.00015660011661025597, 7.379989896111327e-05]
[0.00015259035653858444, -9.928059277379553e-05]
[-1.102926486126754e-06, -0.00020135281276023598]
[9.506298478860475e-05, -3.976204104333414e-05]
[2.4577381470214377e-05, 6.589471802598279e-05]
[3.2790737477250698e-06, 0.00014672624252626276]
[3.17924189237595e-05, 6.063021846081096e-05]
[1.2311630321143463e-05, -0.00018217784112856128]
[0.00019388596708874717, -0.0001375748342037908]
[8.555643732544027e-05, -8.79412269100266e-06]
[-8.702676783814423e-05, 2.2555184196609845e-06]
[0.0001518415264654821, 6.664968908220992e-05]
[3.395923113500704e-05, -1.7792689543938423e-09]
[-0.00013103611975981422, -5.017480247859751e-05]
[0.00019052053932760993, 5.104760366788155e-05]
[0.00013468867146542926, -5.8242970363178714e-05]
[-4.252628215759002e-05, -0.00016363275582959025]
[0.0001223590465788925, -4.6337368114213184e-05]
[4.1203751914131725e-05, 3.492495310331023e-05]
[-4.582257817159485e-05, 0.0001309659325275242]
[4.7038210002764425e-05, 9.047791960548057e-05]
[5.4701013876862215e-05, -0.0001590892043304981]
[0.00015065229070801434, -0.00016858647115930436]
[6.790884888766002e-05, -3.3759437170460815e-05]
[-5.019575117851116e-05, 2.5116387143947483e-05]
[0.0001326388681635593, 0.00010515336012603682]
[4.5976568148059505e-06, 9.368690152444792e-06]
[-0.00010308516331278272, -9.233606987729681e-05]
[0.00021155529959530905, 1.2387361372823147e-05]
[0.00010452196277886683, -3.4077028948271276e-05]
[-6.391151271922801e-05, -0.0001167363519413156]
[0.00015043653369870014, -3.367047046337612e-05]
[3.798543297650614e-05, 4.5257638658091626e-06]
[-8.410598655783641e-05, 9.685729208647187e-05]
[7.770019597427846e-05, 0.00010846484798311684]
[7.985577775485031e-05, -0.00012361053859155646]
[9.926393995017546e-05, -0.00018000407615936798]
[6.94187019176784e-05, -6.0491716158905806e-05]
[-1.3752570373629092e-05, 2.7368318129689095e-05]
[9.640088917564973e-05, 0.00013355073182694244]
[-1.4034812829785692e-05, 3.405692749630651e-05]
[-6.316228706886376e-05, -0.00011679615916299069]
[0.00021395044744629277, -3.3812877341291014e-05]
[7.201134078657634e-05, -2.930283182947524e-05]
[-6.431625054714729e-05, -7.08841826252693e-05]
[0.0001696772095120258, -4.5814568024049596e-06]
[1.8948418430253522e-05, -1.6104900711189085e-05]
[-0.00010465747267002223, 5.181006345608696e-05]
[0.00011569426021057483, 0.00010887886157426307]
[8.52393506938498e-05, -8.55634523733717e-05]
[4.9717008078646596e-05, -0.0001708952268879571]
[8.745856235141403e-05, -7.947355132159606e-05]
[1.3147700688692643e-05, 1.2956750554370122e-05]
[5.026691673287731e-05, 0.0001450485009298376]
[-1.62009659897544e-05, 6.624749286465725e-05]
[-2.0955808115744046e-05, -0.00012107307492309483]
[0.00019675205237676407, -7.78054098485026e-05]
[4.660506802151021e-05, -4.144698843999706e-05]
[-4.7638265492505605e-05, -3.511717898761757e-05]
[0.00017333934977828425, 3.405676472736929e-05]
[-8.286636946061576e-06, -2.1161382848022825e-05]
[-0.00010506502171062082, 5.299258177327015e-06]
[0.00015153434010560518, 9.070347856974734e-05]
[7.323241319000251e-05, -5.4341210011556174e-05]
[1.0885588114573075e-05, -0.0001450887163561565]
[0.00011538730302121034, -8.397420562183955e-05]
[2.4660322782671384e-05, -1.0608477677226391e-05]
[3.44440936370094e-06, 0.00013725110639598026]
[-7.63087140503993e-07, 9.669682330873397e-05]
[1.4234038494959078e-05, -0.0001075198622545459]
[0.00016368711895954624, -0.0001109054777335694]
[3.504687128016992e-05, -6.405870408532355e-05]
[-2.1304702973429235e-05, -1.5246841742769246e-05]
[0.0001589791601798729, 7.329733628620716e-05]
[-3.46475824040994e-05, -9.351249037725662e-06]
[-8.766517467033441e-05, -3.354548050721329e-05]
[0.00017673410025415004, 5.7524449965894175e-05]
[5.015438744922218e-05, -3.6705751021604005e-05]
[-1.1504722338767648e-05, -0.00010990503402064089]
[0.00014448174687779758, -7.146594634299674e-05]
[1.9372628892871946e-05, -3.434982096942041e-05]
[-3.5157864549911766e-05, 0.00011242603368541437]
[2.888586782079372e-05, 0.00011709533855844279]
[3.5669279492722694e-05, -8.238277616218204e-05]
[0.00012193460797875477, -0.00012749454102800595]
[3.996506421674595e-05, -8.859604026684176e-05]
[5.7792149293009465e-06, -1.2733272327473955e-05]
[0.0001287339264273088, 0.00010444341726529097]
[-5.1934324230368256e-05, 1.6150332056097394e-05]
[-5.863713131741555e-05, -5.808561446657423e-05]
[0.00018578762575394148, 1.6340627322947165e-05]
[2.4421145159214674e-05, -3.538310717904336e-05]
[-1.599834636473174e-05, -7.414950640163842e-05]
[0.00016621902023712665, -4.39245488105533e-05]
[2.8040593971767613e-07, -5.010767692822937e-05]
[-5.9047590601934985e-05, 7.663295021931305e-05]
[6.597278856754207e-05, 0.00012202639523123393]
[4.05718082817641e-05, -5.400213769454765e-05]
[8.016243176527452e-05, -0.0001261408868009073]
[5.955557943317091e-05, -0.00010666809238890629]
[2.5478585791473274e-05, -2.468781496773459e-05]
[8.848535702052351e-05, 0.00012113844110470118]
[-5.47564951804691e-05, 4.8814048201006877e-05]
[-2.6246055559051018e-05, -6.55640958850956e-05]
[0.00017728918390545745, -2.435580007975613e-05]
[4.341946771596605e-06, -4.87312643125265e-05]
[-5.4269954807006915e-06, -4.590062275197648e-05]
[0.00017434003292633726, -7.026056287939841e-06]
[-2.6289890550791617e-05, -5.245688678678917e-05]
[-6.553198679598582e-05, 3.800861947911294e-05]
[0.00010222205225242365, 0.00011008546440753955]
[3.046955828249487e-05, -3.064787468218602e-05]
[4.6352266471788584e-05, -0.00010963596518281937]
[8.835295150605091e-05, -0.00011207259238332767]
[3.2324257629695596e-05, -4.491638067946613e-05]
[4.618530566338763e-05, 0.0001207418390491502]
[-4.165196465077958e-05, 8.05934006120057e-05]
[1.2831832393589426e-06, -5.7464871599799405e-05]
[0.00015398829232808608, -5.671830688813717e-05]
[-3.892834046587135e-06, -7.148040661936195e-05]
[1.4100399109151507e-05, -3.063567178634985e-05]
[0.00016621805028449455, 3.14874977302565e-05]
[-5.247870469162613e-05, -3.982418074582883e-05]
[-5.609012087717802e-05, 4.678305744243438e-06]
[0.00012995913091381692, 8.395377269348331e-05]
[1.0485638627016902e-05, -1.8532516828172196e-05]
[2.594648579715142e-05, -8.401660314794057e-05]
[0.00011882575660731448, -0.00010215767618626526]
[2.4628780987245857e-05, -6.567875355895092e-05]
[9.804298052973337e-06, 0.00010471372370222942]
[-1.5178575891117152e-05, 0.00010399402166977323]
[1.7727697870686954e-05, -3.883045840691324e-05]
[0.00012184370878868395, -7.537767569232301e-05]
[2.433306368065935e-06, -9.629100289215708e-05]
[3.491982097793278e-05, -3.011679065979475e-05]
[0.00014325552828452562, 6.382303380218085e-05]
[-7.092939907596407e-05, -1.4597234240742996e-05]
[-3.571818774524352e-05, -1.7180693149709825e-05]
[0.00014392116705615188, 4.9483711872355673e-05]
[-1.2183726964071218e-05, -2.046342384880162e-05]
[2.0736889436351325e-05, -5.687918681795967e-05]
[0.00014335596418305063, -7.82307685493755e-05]
[4.6119636726155155e-06, -7.969214047731654e-05]
[-1.4579857733010293e-05, 7.798722065091579e-05]
[1.8969681055858167e-05, 0.0001138638429980729]
[2.0206627247526532e-05, -1.6774975448288765e-05]
[8.83734918722956e-05, -7.855004702350676e-05]
[2.2142475250966354e-05, -0.00011569879725903398]
[4.978402105593194e-05, -4.224979482556762e-05]
[0.00011028305684752243, 8.402297221058591e-05]
[-7.655858897834267e-05, 1.772934695093431e-05]
[-1.1476916333984233e-05, -2.467099704900333e-05]
[0.00014236172737770725, 1.4084461346430821e-05]
[-3.0180913446670177e-05, -3.541143864178864e-05]
[2.8708924354553522e-05, -3.5438960527753305e-05]
[0.0001561012113742849, -4.498377705949852e-05]
[-2.2424340910057183e-05, -8.188209170162386e-05]
[-2.4105648560479587e-05, 4.7549626083776e-05]
[5.3542099585413006e-05, 0.00010849477950812536]
[9.622407603843836e-06, 1.3949985374871188e-06]
[6.0745275494211715e-05, -6.82064645333158e-05]
[5.07115989749965e-05, -0.00012395365581285844]
[5.3594370231876964e-05, -6.188164974085808e-05]
[7.417381673872903e-05, 8.928028387106268e-05]
[-6.765491306612303e-05, 5.009941846645383e-05]
[9.355498624963321e-06, -1.8625601740568376e-05]
[0.00012723372246582765, -1.5156854640208106e-05]
[-3.7803016504994735e-05, -5.903555380767922e-05]
[4.481256070332229e-05, -2.481711028522876e-05]
[0.00015430150302792045, -9.140441140309541e-06]
[-4.960856993945287e-05, -7.047836339912905e-05]
[-1.95868801946969e-05, 2.062700627719627e-05]
[8.157960762291902e-05, 8.981892156407698e-05]
[-9.84045413532364e-06, 9.97417183223534e-06]
[4.4082477601653514e-05, -4.9327629798257e-05]
[8.15928851729611e-05, -0.00011831834235254135]
[4.4493733657863244e-05, -8.228078225158697e-05]
[4.2059577895131595e-05, 8.040561248599809e-05]
[-4.6088333981675333e-05, 7.571384631079037e-05]
[2.1054912890061672e-05, -3.1291458609805645e-06]
[0.0001034692595709985, -3.314959637784609e-05]
[-3.2292993410287796e-05, -8.497224936115932e-05]
[6.241166082644051e-05, -2.6951161158601106e-05]
[0.00013875428305020615, 2.22965357994237e-05]
[-7.028897957486735e-05, -4.723701210485043e-05]
[-5.055631520829024e-06, 2.93484790914178e-06]
[9.80699028711729e-05, 6.271322369370835e-05]
[-3.197471998857282e-05, 6.142001201345226e-06]
[4.037852724464441e-05, -2.8484584606025543e-05]
[0.00010793612026327448, -9.955161316541061e-05]
[2.4100942611418597e-05, -9.68984136432427e-05]
[1.960354927227348e-05, 6.139128171783748e-05]
[-1.6639338404150772e-05, 8.96667215561156e-05]
[2.0726773895460293e-05, 1.5712391721683927e-05]
[7.758989052514612e-05, -3.7880980196081104e-05]
[-1.4330720360430926e-05, -0.00010652812824962776]
[7.501796980364378e-05, -4.0348734450131735e-05]
[0.00011339915989002497, 4.375043586231364e-05]
[-7.965141639387774e-05, -1.6793623396321733e-05]
[1.3439818174414142e-05, -2.5892549433415013e-06]
[0.00010102416184687435, 3.3639078261094024e-05]
[-5.02143611424144e-05, -9.538667415265323e-06]
[4.8239694513452225e-05, -1.2131404570694948e-05]
[0.00012427172232211403, -7.151352227358077e-05]
[-3.1125467949560948e-06, -0.00010096840628948112]
[9.741663956480684e-06, 3.8236825672860464e-05]
[1.4332472597827772e-05, 9.001745293624186e-05]
[8.81177622594903e-06, 3.1407742602553024e-05]
[5.6025708669138474e-05, -3.068334859479549e-05]
[1.2341402139060681e-05, -0.0001183417075437121]
[7.787356303039228e-05, -6.068824275014262e-05]
[8.417069102509278e-05, 5.232034309861355e-05]
[-7.578695451318507e-05, 1.4639560989349043e-05]
[2.9443790982616735e-05, 3.702352359663541e-06]
[9.17538969101711e-05, 8.98775379712391e-06]
[-5.9275778860362616e-05, -3.347628301755834e-05]
[6.346412509072863e-05, -5.039819805111034e-06]
[0.00012775166592016163, -4.004527337864161e-05]
[-3.109760341353518e-05, -9.257064192008668e-05]
[1.2164793169344712e-05, 1.73669773446683e-05]
[4.051675102350119e-05, 7.807700405735446e-05]
[-1.1249883816441542e-05, 3.8701531149269025e-05]
[4.35670555962997e-05, -1.5675851422536358e-05]
[4.2011868764915694e-05, -0.00011761577554469937]
[6.901014987911736e-05, -8.20667095851324e-05]
[5.744295163206958e-05, 4.8304114967229195e-05]
[-5.9987424012225565e-05, 4.087614915228299e-05]
[3.7694716052819044e-05, 1.8485008434321326e-05]
[7.433271990002488e-05, -6.450607739183489e-06]
[-5.638197037308168e-05, -6.011792189697385e-05]
[8.02634974690769e-05, -9.243995687018003e-06]
[0.00011867739327063934, -1.1440286661022758e-05]
[-5.380454901560139e-05, -7.29357765944516e-05]
[2.3619065528560773e-05, 4.049653761106775e-06]
[5.7166009848175214e-05, 5.788940658366798e-05]
[-3.4060576016209376e-05, 3.479046779610029e-05]
[4.231371683535712e-05, 1.431958974312808e-06]
[6.850275281518325e-05, -0.00010465029940551207]
[4.9562961129276384e-05, -9.855217989757081e-05]
[3.846704627238906e-05, 3.491467086513822e-05]
[-3.6246454367033776e-05, 5.725190905404853e-05]
[3.5333396498415937e-05, 3.647939877673978e-05]
[5.4424588078128694e-05, -1.0532892499914848e-05]
[-4.1800532711980254e-05, -8.342627206570086e-05]
[9.279152804943583e-05, -2.3717803528229553e-05]
[0.00010023231866747306, 9.098637141824462e-06]
[-6.666243561873064e-05, -4.596560688949203e-05]
[3.8899963242917945e-05, 1.1957412434648873e-06]
[6.21362512316509e-05, 3.5084343286528874e-05]
[-5.3717251745993844e-05, 1.98663900724122e-05]
[5.134393495684342e-05, 1.4845465958160386e-05]
[8.669294574704944e-05, -8.259103399102519e-05]
[2.331017723242179e-05, -0.00010564640264884573]
[3.0179260938845154e-05, 1.7308762664591804e-05]
[-1.013618427164742e-05, 6.165997037404364e-05]
[2.245085227750923e-05, 5.187936166983764e-05]
[3.780119249616187e-05, -4.101544308299232e-06]
[-1.860829693978161e-05, -9.838363439579334e-05]
[9.65906280140788e-05, -4.4816786982565526e-05]
[7.753306017910244e-05, 1.8642425156256692e-05]
[-6.760884614651075e-05, -1.7133689013987263e-05]
[5.225664100866334e-05, 8.806849568304687e-06]
[5.62324565976241e-05, 1.541709412850034e-05]
[-6.529674217634063e-05, -3.103320347808136e-06]
[6.713850143816313e-05, 2.011610416292886e-05]
[9.369235234929496e-05, -5.650306713891884e-05]
[-4.402835175023462e-06, -0.0001013094250202351]
[3.264497620920903e-05, 1.2055706516966858e-06]
[1.2630313491261182e-05, 5.490291985739415e-05]
[1.8840960061203282e-06, 5.981904475788752e-05]
[2.892618742435238e-05, 9.422489543997603e-06]
[8.212945357081308e-06, -0.00010215733161120233]
[8.961159483542036e-05, -6.733080246540402e-05]
[5.627065873542447e-05, 1.7095074300060853e-05]
[-5.744842828667163e-05, 7.929865955005888e-06]
[5.884144830739513e-05, 2.4164759297867766e-05]
[4.281787817970312e-05, 3.368169072315297e-06]
[-6.601268314165853e-05, -2.9258135833376553e-05]
[8.461102204747328e-05, 1.5156357314700941e-05]
[8.940411189529984e-05, -3.2034600895430865e-05]
[-2.805656341718643e-05, -8.632455607182621e-05]
[4.3234056801455534e-05, -8.545537286519522e-06]
[2.7583867888987534e-05, 4.031798075715409e-05]
[-2.1644881341514877e-05, 5.752166547458998e-05]
[2.9944955202199086e-05, 2.504848201279053e-05]
[3.309016497757278e-05, -9.466473014393961e-05]
[7.258508662799645e-05, -8.585530724536383e-05]
[4.1295531857998835e-05, 7.031602166751583e-06]
[-3.949369321944174e-05, 2.4807618580979796e-05]
[5.585078022325718e-05, 4.267169802193993e-05]
[2.682617585098024e-05, 1.1381384945052808e-06]
[-5.5783428500308374e-05, -5.313585859159642e-05]
[9.845810321364688e-05, 6.177175797643375e-07]
[7.637539166464175e-05, -1.4019214376943812e-05]
[-4.331100896337592e-05, -6.395466342898337e-05]
[5.744115078270412e-05, -9.09804018400795e-06]
[3.249895730784991e-05, 2.2809566302003925e-05]
[-4.2798783099429194e-05, 4.4870415606912406e-05]
[4.03004564351328e-05, 3.754573066105937e-05]
[5.1239435113092924e-05, -7.843667053278325e-05]
[4.869335999014429e-05, -9.612970704575563e-05]
[3.549240876335458e-05, -7.103011573444951e-06]
[-1.8617727507885817e-05, 3.128884496782225e-05]
[4.309899402480527e-05, 5.9098801888583796e-05]
[1.3451435756622887e-05, 8.257803548294973e-06]
[-3.71080687299255e-05, -7.003567154156842e-05]
[0.00010448286372547605, -2.0422311803318383e-05]
[5.9015057343750343e-05, -5.359094304789591e-06]
[-4.799388428838869e-05, -3.90149152020014e-05]
[7.011363003026072e-05, -1.8504977628008845e-07]
[2.778867423552933e-05, 7.558795979412114e-06]
[-5.69710765289666e-05, 2.4297017427010736e-05]
[5.70313988350335e-05, 4.275276178866694e-05]
[5.977412744186117e-05, -5.785363437986468e-05]
[2.266295312007907e-05, -9.60197762280568e-05]
[3.9201048138926e-05, -2.0201891157922702e-05]
[1.6938998188484322e-08, 2.7769183656992796e-05]
[2.291935887926283e-05, 6.891565836772418e-05]
[6.852907866214397e-06, 2.187217313576184e-05]
[-1.432100749226839e-05, -7.711769028309612e-05]
[0.00010057185608837449, -4.334781282591682e-05]
[4.240506021616075e-05, -6.443775632775095e-06]
[-4.250464529445552e-05, -1.6620962860675048e-05]
[7.676513994389622e-05, 1.596765778580367e-05]
[1.6234285828677086e-05, -1.2579589637740085e-06]
[-6.137703564937369e-05, 5.460327587303304e-08]
[7.564059010967128e-05, 3.854906707556616e-05]
[5.8287699481435196e-05, -3.7976429800204436e-05]
[-4.678393328572117e-07, -8.592599216383778e-05]
[5.0291650556713585e-05, -2.7794296122485296e-05]
[1.2225947091236422e-05, 1.6993188309694096e-05]
[-5.449750097863415e-07, 6.93731147263614e-05]
[9.188307460272771e-06, 3.759023423424712e-05]
[7.558083712097541e-06, -7.398704459787853e-05]
[8.710780816865993e-05, -6.321785672588898e-05]
[3.101767236782238e-05, -1.5214643583921772e-05]
[-2.9569658016995182e-05, -9.352887104518981e-07]
[7.46505117705798e-05, 3.5332968951903854e-05]
[2.1533804626695796e-06, -1.4306578296208183e-06]
[-5.5639091158188325e-05, -2.291312442900817e-05]
[9.128964104459722e-05, 2.527237811876526e-05]
[4.8799542590995115e-05, -2.3278690785794726e-05]
[-1.6588548840928974e-05, -6.855114462542278e-05]
[6.483906712054927e-05, -2.7112904505910418e-05]
[1.575934080268182e-05, 3.239847800262652e-06]
[-2.245279928420052e-05, 6.009000295396916e-05]
[2.0192053990147896e-05, 5.0661547105645965e-05]
[2.4076397421302076e-05, -6.264974011715996e-05]
[6.674967524303299e-05, -7.599206927483282e-05]
[2.7655786714653185e-05, -2.782270770018691e-05]
[-1.3444722807717802e-05, 5.7833768903892135e-06]
[6.335401604942725e-05, 5.317560363504725e-05]
[-9.759202977563386e-06, 6.858427736455841e-06]
[-4.175257420844375e-05, -4.02086067971541e-05]
[0.00010001081238398407, 5.51116256008316e-06]
[3.511306011126647e-05, -1.6594945977499442e-05]
[-2.346120413931896e-05, -4.811969430279506e-05]
[7.819786976952237e-05, -1.7683662218104246e-05]
[1.0731361567456466e-05, -8.819411580762715e-06]
[-3.8486232801088205e-05, 4.3028755994600765e-05]
[3.737050651823892e-05, 5.717483026427411e-05]
[3.2391881691157254e-05, -4.688623082149679e-05]
[4.36688109479947e-05, -7.946930127855634e-05]
[3.286161987635372e-05, -3.968620118416366e-05]
[1.210125540320947e-06, 3.613209752575952e-06]
[4.4774869867050815e-05, 6.525844158549593e-05]
[-1.56171350789297e-05, 2.1218071050821408e-05]
[-2.3474626159501744e-05, -4.9016082431324604e-05]
[9.963983558958223e-05, -1.6642432596469803e-05]
[2.177502191161307e-05, -1.8528235132916904e-05]
[-2.1156451681964006e-05, -2.9269283097196896e-05]
[8.619406344627378e-05, -1.3211020479519942e-06]
[-5.515508799264213e-07, -1.5293958879919467e-05]
[-4.587809360312445e-05, 2.1899605797431887e-05]
[5.673247088994193e-05, 5.498522767414388e-05]
[3.186628241945433e-05, -3.122743525710292e-05]
[2.2457224425800892e-05, -7.372650404882664e-05]
[4.491187297613053e-05, -4.66681833168614e-05]
[1.0491443373540632e-05, -5.1918953486787545e-06]
[2.254668242621105e-05, 6.886175127773786e-05]
[-1.326457427716643e-05, 3.7762481510661416e-05]
[-5.316775613287139e-06, -4.869495217788011e-05]
[9.025756476752078e-05, -3.66675773336711e-05]
[1.2911689035721707e-05, -2.7436239014244634e-05]
[-1.190271297549228e-05, -1.5902368137338252e-05]
[8.613647205693575e-05, 1.8437115438280083e-05]
[-1.4289584923009996e-05, -1.3990765620253143e-05]
[-4.400541520106771e-05, 1.1697104386476642e-06]
[7.384764175789177e-05, 4.415888816317742e-05]
[2.40875100866976e-05, -1.980442754011616e-05]
[6.991826662847145e-06, -6.097795269846551e-05]
[6.03684571787947e-05, -4.6080424917521734e-05]
[1.2163957966132566e-05, -1.688614648405473e-05]
[1.0631105757941128e-06, 6.337686872977255e-05]
[-2.723781197672137e-06, 5.2153589364375974e-05]
[8.59178609129152e-06, -4.081021331159285e-05]
[7.405920819893164e-05, -5.073780603095934e-05]
[1.12322154642297e-05, -3.996781306342401e-05]
[5.830985314037029e-07, -1.0280082930812923e-05]
[7.741073855125485e-05, 3.72881647685841e-05]
[-2.621618981636653e-05, -4.865010833104977e-06]
[-3.442769344097485e-05, -1.5059894141328245e-05]
[8.495704606644588e-05, 2.6852261228879626e-05]
[1.2346726098080851e-05, -1.5359130209870175e-05]
[-4.659775767468233e-07, -4.4920225380801204e-05]
[7.502042804070214e-05, -3.7277914926470146e-05]
[6.113946898964051e-06, -2.7243333582671614e-05]
[-1.5631454830355995e-05, 5.035218109640527e-05]
[1.391552239410343e-05, 6.069919034044219e-05]
[1.5486051013632873e-05, -2.862271406307848e-05]
[5.471350343620729e-05, -5.6615482453059585e-05]
[1.7433588096152364e-05, -5.1989412767211585e-05]
[1.209229482580787e-05, -1.256644209974081e-05]
[6.153310172699912e-05, 5.125971427445003e-05]
[-3.2684321954204454e-05, 1.0080656258598664e-05]
[-2.039003535911528e-05, -2.4028456088009964e-05]
[8.786155553291985e-05, 6.6854947727290615e-06]
[7.268941584204214e-07, -1.8648864347381444e-05]
[2.719095466841015e-07, -2.975004551648841e-05]
[8.496627167295379e-05, -2.1720493860510892e-05]
[-5.741923402531601e-06, -3.263155646002214e-05]
[-2.480819666411671e-05, 3.3009068562073196e-05]
[3.310857659814814e-05, 6.123569134306242e-05]
[1.4560718486454627e-05, -1.6192277275901834e-05]
[3.639510911509353e-05, -5.411128932153453e-05]
[3.0131216417664253e-05, -5.965444165342837e-05]
[1.898788747679847e-05, -2.0910380335796563e-05]
[4.167914420519225e-05, 5.766835757224642e-05]
[-3.154369491291387e-05, 2.7394568417882237e-05]
[-5.94063188891214e-06, -2.491075501345752e-05]
[8.238295493027958e-05, -1.2210558064523758e-05]
[-6.954063172637248e-06, -2.836944919332174e-05]
[7.393681752315695e-06, -1.9111983342381955e-05]
[8.75646383487888e-05, -2.5144107966557083e-06]
[-2.0041452089995804e-05, -3.0885217087550654e-05]
[-2.564856315927233e-05, 1.5373666070156444e-05]
[5.079398300042795e-05, 5.359083534889168e-05]
[7.054161847897325e-06, -7.33306479571913e-06]
[2.2743579915690537e-05, -4.501908540952004e-05]
[4.6304716030216506e-05, -6.034660199910613e-05]
[1.9071435079939802e-05, -3.201749469090853e-05]
[2.1829877779086515e-05, 5.571362912085154e-05]
[-2.2605311387591254e-05, 4.310003876130397e-05]
[5.1017867924996185e-06, -1.8907694212144666e-05]
[7.030688869972407e-05, -2.6223940080449815e-05]
[-8.079533246496684e-06, -4.158867506059982e-05]
[1.764675616515443e-05, -1.523682065105933e-05]
[8.202775393583578e-05, 1.6427262378326812e-05]
[-3.288685401363345e-05, -2.1771461175712492e-05]
[-1.9341132635672387e-05, 1.256442732244789e-06]
[6.341183189923633e-05, 3.953474572446908e-05]
[-4.173207630901732e-06, -4.68423270222687e-06]
[1.6007168755327594e-05, -3.256901479475882e-05]
[6.212331914413893e-05, -5.327289778214728e-05]
[1.2051367016846504e-05, -4.204639789388842e-05]
[5.763555736670867e-06, 4.6580952476130144e-05]
[-7.600671405108561e-06, 5.37021399568266e-05]
[1.007035355242436e-05, -8.83602660470273e-06]
[5.484803456770257e-05, -3.311209256307013e-05]
[-1.8269745558074924e-06, -5.4557887416095685e-05]
[2.7220977371671118e-05, -1.847154715090525e-05]
[6.953044847536529e-05, 3.138052492175636e-05]
[-4.0840474278089345e-05, -6.95755664942288e-06]
[-8.682328467155692e-06, -6.663101071585631e-06]
[6.874836635287207e-05, 2.225715760661995e-05]
[-1.5437158888603753e-05, -9.117393183655231e-06]
[1.6571485214916803e-05, -2.0557134836868274e-05]
[7.392958054076859e-05, -3.957884591687666e-05]
[-4.815992638504407e-07, -4.759373632917674e-05]
[-3.852319972685869e-06, 3.3053138705801954e-05]
[1.032890303684364e-05, 5.702656808950421e-05]
[8.042225282334226e-06, 1.6569429331508845e-06]
[3.97924457158777e-05, -3.24741800219186e-05]
[1.0710628308215064e-05, -6.368379949830971e-05]
[3.2723287149628855e-05, -2.729620423172832e-05]
[5.2832407434325046e-05, 3.971098550486357e-05]
[-4.1758040331324464e-05, 1.0487727014479864e-05]
[2.6962922702045145e-06, -7.427940245108289e-06]
[6.640906251026424e-05, 5.522507556310341e-06]
[-2.3189953604840774e-05, -1.960900783722075e-05]
[2.2969021738039608e-05, -1.2380882242105096e-05]
[7.913248804976292e-05, -2.198153843277484e-05]
[-1.5541206327050056e-05, -4.6522090410033856e-05]
[-6.051539376439319e-06, 1.8750095210212647e-05]
[2.7464371242243157e-05, 5.269343333819121e-05]
[-2.791884089192731e-08, 9.04253661666854e-06]
[2.8543133160516265e-05, -2.5748465229180617e-05]
[2.6880889097361665e-05, -6.641438461099658e-05]
[3.200049975192465e-05, -3.8799102948683384e-05]
[3.5530296829761054e-05, 4.046320642643597e-05]
[-3.526326186895079e-05, 2.6913443745765764e-05]
[1.1266329650608253e-05, -1.9425452036647695e-06]
[5.7822627140005634e-05, -7.274250580835417e-06]
[-2.489931620958119e-05, -3.358585549212423e-05]
[3.234329080091525e-05, -1.0221337731926988e-05]
[7.679555704472041e-05, -4.034250287804353e-06]
[-2.9552380759214486e-05, -3.8435540480469266e-05]
[-1.713341173430194e-06, 7.2013437071305475e-06]
[4.044280023791924e-05, 4.2127783702612664e-05]
[-1.1643006980879833e-05, 1.0783007055450294e-05]
[2.3307470016248333e-05, -1.5758826475975596e-05]
[4.319493372090949e-05, -6.182584124381219e-05]
[2.4615942345082575e-05, -4.9471279277596425e-05]
[2.1141158158363704e-05, 3.450970805393694e-05]
[-2.2764919063111844e-05, 3.9009916690577184e-05]
[1.4468305357936972e-05, 7.352324043335967e-06]
[4.579788717905264e-05, -1.391488354543502e-05]
[-1.9634463307077743e-05, -4.76356340312345e-05]
[4.123143262172585e-05, -1.4565546956075287e-05]
[6.77905706149718e-05, 1.0779169737594463e-05]
[-3.926442830835819e-05, -2.470339942473032e-05]
[6.753282317075934e-06, 9.86827270038626e-07]
[4.7059035473535904e-05, 2.81267647679051e-05]
[-2.34621884459274e-05, 5.916772428782302e-06]
[2.4618685709049126e-05, -5.9436115537048195e-06]
[5.622197866025913e-05, -5.078112298986803e-05]
[1.1879852352097986e-05, -5.6109715609486965e-05]
[1.2249953324786067e-05, 2.424447897089732e-05]
[-7.034313383141866e-06, 4.46047458336242e-05]
[1.1296112239038425e-05, 1.7166650700541075e-05]
[3.376387094358724e-05, -1.3836896894214856e-05]
[-8.229535071901939e-06, -5.839064049775744e-05]
[4.645781497223528e-05, -2.4169587219527444e-05]
[5.4500166851649545e-05, 1.988981917937574e-05]
[-4.254143944530664e-05, -8.048002440391722e-06]
[1.608542645142874e-05, 1.1533946016051289e-06]
[4.674494297379761e-05, 1.4110868123293208e-05]
[-3.2173899148307816e-05, -4.773202849528424e-06]
[3.129269105960064e-05, 5.2864222722937e-07]
[6.34278165201202e-05, -3.5641627325930236e-05]
[-3.552520611717347e-06, -5.660234333504377e-05]
[9.927246700458525e-06, 1.2918053239940885e-05]
[8.532267211890099e-06, 4.314211099273359e-05]
[2.4702541029826552e-06, 2.4223964590803365e-05]
[2.489469963461166e-05, -8.182570871595463e-06]
[6.99554630487903e-06, -6.335929214154601e-05]
[4.591389210560626e-05, -3.6450329754675326e-05]
[4.016373542968521e-05, 2.2224584010237247e-05]
[-3.8841646116991035e-05, 8.181551236649542e-06]
[2.3019138335078626e-05, 7.036940751076193e-06]
[4.062396676222241e-05, 3.2580130029380427e-06]
[-3.5320632281218844e-05, -1.9029387694852185e-05]
[4.081003876073297e-05, 1.5341210790713322e-06]
[6.375401501380884e-05, -1.9623952490353813e-05]
[-1.839592311755206e-05, -5.0407576366318096e-05]
[1.3547067700042659e-05, 3.7943873600621014e-06]
[2.0770161614204474e-05, 3.574264414717143e-05]
[-9.823121947215296e-06, 2.6079634388057743e-05]
[2.1339577993800818e-05, 5.736026544855832e-07]
[2.2867391103367773e-05, -6.15036856182749e-05]
[3.903808214932025e-05, -4.818937802590628e-05]
[2.8044005486366208e-05, 1.8392218169516195e-05]
[-2.92825591797774e-05, 2.0856599014476562e-05]
[2.5101457733683885e-05, 1.651465613815295e-05]
[3.11476139335104e-05, -2.2614418256350355e-06]
[-3.187499748673328e-05, -3.374109091083821e-05]
[5.000911812837877e-05, -3.525949183713281e-06]
[5.780772210179676e-05, -5.976291489070279e-06]
[-2.9572876498351608e-05, -3.862478081162468e-05]
[2.103082018588623e-05, -6.550288922935188e-07]
[2.750610578276108e-05, 2.4848752829938203e-05]
[-2.2542889116045073e-05, 2.1695610035274426e-05]
[2.374210135724919e-05, 9.30775316576593e-06]
[3.617283629865631e-05, -5.343308102120914e-05]
[2.6891666528153224e-05, -5.636156852925622e-05]
[2.0627371299083985e-05, 1.0447414801773025e-05]
[-1.629507267360275e-05, 2.7823292643211484e-05]
[2.1263970781185138e-05, 2.660524934292724e-05]
[2.1422667712940602e-05, -1.7655570695718215e-06]
[-2.243696431787623e-05, -4.574823693490049e-05]
[5.590565941941336e-05, -1.3643959803300021e-05]
[4.763348682471774e-05, 2.8148548276724777e-06]
[-3.49625974766371e-05, -2.365720869260124e-05]
[2.9437437514309717e-05, 6.764677464576874e-07]
[2.8038981191289003e-05, 1.3561707795567424e-05]
[-3.258694043681287e-05, 1.1641536260556529e-05]
[3.1153611025985795e-05, 1.5057462944487177e-05]
[4.4445678127613686e-05, -4.118340937706022e-05]
[1.183061502522259e-05, -5.8878522977479086e-05]
[1.9052885046055845e-05, 1.3103803704339612e-06]
[-2.9704012520608003e-06, 2.8382999018809058e-05]
[1.2027836707661013e-05, 3.425344047609455e-05]
[1.4408783743105613e-05, 3.84752323137616e-06]
[-9.021107988190988e-06, -5.2621487801440825e-05]
[5.6431132940001905e-05, -2.652523460817957e-05]
[3.614235817972489e-05, 5.59408030893771e-06]
[-3.3880931798041525e-05, -8.568851961612833e-06]
[3.57386979846358e-05, 7.321865841874997e-06]
[2.3236165968616718e-05, 4.84756691218613e-06]
[-3.756579273336835e-05, -2.1101950690993743e-06]
[4.134383751103199e-05, 1.5755255652553923e-05]
[4.653423883894253e-05, -2.7655853445829326e-05]
[-3.1275792153687143e-06, -5.506814700184659e-05]
[2.289982412586461e-05, -5.9995836042825434e-06]
[7.725628200790091e-06, 2.3393058670339445e-05]
[-6.933637181766317e-07, 3.709726134445285e-05]
[1.2189755368818833e-05, 1.2401859683347505e-05]
[5.495266825673861e-06, -5.3227862662375e-05]
[5.091196057790959e-05, -3.921125189165764e-05]
[2.635422100487339e-05, 2.7527746312566714e-06]
[-2.7185366038351422e-05, 3.692781556693947e-06]
[3.758047856508573e-05, 1.7429982340042005e-05]
[1.5239249623530404e-05, 8.13185317416476e-07]
[-3.6366297080231424e-05, -1.6726716915133055e-05]
[5.141437270905075e-05, 1.0707682276357364e-05]
[4.282005723151537e-05, -1.586795052291312e-05]
[-1.5072540781251031e-05, -4.578388962803159e-05]
[3.036983003458678e-05, -9.11948609508273e-06]
[1.3671700631892603e-05, 1.4980215592964863e-05]
[-1.4126322994606477e-05, 3.4030006390510514e-05]
[1.5494487247566524e-05, 2.1047752481170856e-05]
[1.811215464857241e-05, -4.795226588064083e-05]
[4.0183119396366984e-05, -4.88397162810017e-05]
[2.0648179916885057e-05, -3.945998067328427e-06]
[-1.69960156261445e-05, 1.1010743903777653e-05]
[3.384312568607828e-05, 2.8288745908572333e-05]
[6.869100700744243e-06, 2.2273278726114842e-06]
[-2.9375999714011114e-05, -2.924575865062562e-05]
[5.8550338598004764e-05, 7.133656547975153e-07]
[3.504948715633144e-05, -8.209854608014905e-06]
[-2.1909889873591992e-05, -3.313327412635125e-05]
[3.880107305511554e-05, -6.901548187415729e-06]
[1.4069560658400149e-05, 5.954528748103316e-06]
[-2.5360132307708505e-05, 2.54275232477591e-05]
[2.3574516025956505e-05, 2.70052814523164e-05]
[2.6444545318346502e-05, -3.8535640263612225e-05]
[2.632429011209872e-05, -5.334820891519931e-05]
[2.0205157644864746e-05, -1.1872887026448398e-05]
[-6.118254682475899e-06, 1.25766075415399e-05]
[2.4871788688485275e-05, 3.703852626201973e-05]
[8.901710457018264e-07, 8.393905995829343e-06]
[-1.8327829090147504e-05, -3.730716526673117e-05]
[6.071892926071132e-05, -1.2193172571464683e-05]
[2.5836805898807325e-05, -5.888603451867369e-06]
[-2.283841616157467e-05, -1.9909256100847372e-05]
[4.5373052844840944e-05, 3.533870231164915e-07]
[9.574797480593755e-06, -9.186781929348964e-07]
[-3.207159689640193e-05, 1.2999502321572876e-05]
[3.4452554778435784e-05, 2.8257958201358818e-05]
[2.9276259297633667e-05, -2.7586428421003117e-05]
[1.2100027919065628e-05, -5.1950500645880915e-05]
[2.4771515604628258e-05, -1.8228829069627528e-05]
[2.677753531282051e-06, 9.024979149768048e-06]
[1.233438270197007e-05, 4.139135601225093e-05]
[-6.784804862658422e-07, 1.739308542256235e-05]
[-5.819903808393367e-06, -3.970464849972766e-05]
[5.7144934721947704e-05, -2.5292472043372816e-05]
[1.7975635885153496e-05, -8.689004606737827e-06]
[-1.8488088014204096e-05, -8.877396026382711e-06]
[4.7819945658597596e-05, 1.103123531441541e-05]
[2.0628810849208923e-06, -3.6032390162421546e-06]
[-3.30748316823698e-05, -6.822970531616956e-07]
[4.5464643937634386e-05, 2.40276178695778e-05]
[2.6801514985607885e-05, -1.789989756558613e-05]
[2.5469827992508076e-07, -4.527795344982932e-05]
[3.27879356005218e-05, -2.0752761483250337e-05]
[7.3369119254207416e-06, 2.2063691247492523e-06]
[-1.24170768077414e-06, 4.0178436184697824e-05]
[2.9624096605507244e-06, 2.6614827935422802e-05]
[5.357200859382183e-06, -3.662958146760653e-05]
[4.8455570740672804e-05, -3.587735396631819e-05]
[1.3736706460473758e-05, -1.509629415584468e-05]
[-1.0699516354434335e-05, -2.100699196212752e-06]
[4.497618182957436e-05, 2.2659527228657828e-05]
[-5.89606035313571e-06, -1.266099386304509e-06]
[-2.8567178858740494e-05, -1.2848736832576924e-05]
[5.394957091785224e-05, 1.4922787518068664e-05]
[2.050818604007465e-05, -1.1761355203048288e-05]
[-7.157814428865317e-06, -3.5165472625109384e-05]
[4.1836011338475254e-05, -1.826544180238976e-05]
[6.992606704489535e-06, -5.330006232887041e-06]
[-1.3126198835228253e-05, 3.359820427176197e-05]
[1.1240319820873812e-05, 3.344068849192583e-05]
[1.2911682415683856e-05, -2.9559930572950477e-05]
[3.647294431664838e-05, -4.191822494126196e-05]
[1.4325709775969697e-05, -2.2734747267660893e-05]
[-2.01456839390296e-06, -4.669314745738701e-07]
[3.7026777704967165e-05, 3.255588723694719e-05]
[-1.1711673492967312e-05, 5.567095419795054e-06]
[-2.0023698996717368e-05, -2.1218824137331227e-05]
[5.7909194158822785e-05, 2.737751447101644e-06]
[1.2746868806395861e-05, -1.0405736212207306e-05]
[-9.245833270651871e-06, -2.414985098521394e-05]
[4.927880033778198e-05, -1.0922153316411665e-05]
[2.1257399395041565e-06, -1.1003544234500229e-05]
[-2.106561488537939e-05, 2.311639648498731e-05]
[2.2405231738742426e-05, 3.589929990798629e-05]
[1.5589025105428034e-05, -2.083677595984823e-05]
[2.3720170865748277e-05, -4.253368620243947e-05]
[1.962820872926374e-05, -2.9000565034492665e-05]
[4.9839998755418086e-06, -3.5263883812926278e-06]
[2.5413053907769045e-05, 3.850192214384547e-05]
[-1.342423378949964e-05, 1.519970663685366e-05]
[-9.781045795707877e-06, -2.4536121146834233e-05]
[5.6477907305868547e-05, -1.0033469050013677e-05]
[6.105393025881978e-06, -1.376024667788106e-05]
[-6.445055245427045e-06, -1.4816324261812674e-05]
[5.2929026559955794e-05, -1.241469044926946e-07]
[-5.616584747063225e-06, -1.2848667086451382e-05]
[-2.3817441861112565e-05, 1.1057298153233086e-05]
[3.4007748645183133e-05, 3.3134788562125955e-05]
[1.3431394839899871e-05, -1.3046035762430408e-05]
[1.2774935366187401e-05, -3.815844946380986e-05]
[2.829250594054214e-05, -3.1724610453309765e-05]
[8.314605593612301e-06, -9.667091613416168e-06]
[1.2431343918831161e-05, 3.927508379975714e-05]
[-1.0172167347430316e-05, 2.523439716753395e-05]
[-4.263494141135138e-07, -2.282993322830218e-05]
[5.009325085943844e-05, -2.0836432346488243e-05]
[2.751339548787146e-06, -2.052171110394907e-05]
[-3.4919711075498405e-07, -9.160894507670436e-06]
[5.157874400612411e-05, 1.187513963892689e-05]
[-1.3883733050550073e-05, -9.981574042861041e-06]
[-2.1412924494278174e-05, -1.5682019571805483e-10]
[4.353123578198191e-05, 2.558014629513647e-05]
[7.705554689978189e-06, -8.366116305820112e-06]
[5.6363386234659085e-06, -3.037963475624461e-05]
[3.8115969354827334e-05, -2.970004120333991e-05]
[7.062843957815479e-06, -1.657010675372439e-05]
[6.364131640707038e-07, 3.491301060371682e-05]
[-2.368294039239993e-06, 3.319816112207219e-05]
[5.849994849094209e-06, -1.734821769096284e-05]
[4.0337803759019075e-05, -2.7684750030121386e-05]
[3.906287194196945e-06, -2.8535628075310182e-05]
[6.738229894200087e-06, -8.125175280032995e-06]
[4.5265281909540045e-05, 2.255928113407968e-05]
[-2.0239641407682196e-05, -2.779424160770372e-06]
[-1.5094773234722997e-05, -7.864350351272087e-06]
[4.901552956303179e-05, 1.480476901054295e-05]
[5.308121896197004e-07, -8.043987062767571e-06]
[3.2607857477495727e-06, -2.149546961224824e-05]
[4.662690214736476e-05, -2.2949981626163574e-05]
[1.5635737442773467e-06, -2.182095994415767e-05]
[-7.79511684879941e-06, 2.6655959206645097e-05]
[8.446901580430599e-06, 3.716130711937243e-05]
[7.776351726621056e-06, -1.0192270884445964e-05]
[2.9504769979395856e-05, -2.9622957283148565e-05]
[9.57632035365058e-06, -3.5370886500435406e-05]
[1.2408872983822594e-05, -1.1411561169337794e-05]
[3.521844326298887e-05, 2.977996437225107e-05]
[-2.277722358449974e-05, 7.260627138794273e-06]
[-6.958409248119385e-06, -1.1250940948420718e-05]
[4.951844967564928e-05, 3.086993379919356e-06]
[-5.688791147692718e-06, -1.2123876236294628e-05]
[5.374646294561969e-06, -1.391667695001264e-05]
[5.1710194077771165e-05, -1.2679582200456063e-05]
[-6.734356370871608e-06, -2.3519666641852455e-05]
[-1.1582480847649457e-05, 1.6594547750048427e-05]
[2.002569890476036e-05, 3.619761977009979e-05]
[5.272831431774733e-06, -3.7555905620552388e-06]
[2.0005712442906776e-05, -2.6916132252557956e-05]
[1.859505407290213e-05, -3.894011922297991e-05]
[1.4755354845116808e-05, -1.761300332596416e-05]
[2.35147944309122e-05, 3.227233207887814e-05]
[-2.0577293150858544e-05, 1.7934800402102935e-05]
[6.026445157417126e-07, -1.0057317758327411e-05]
[4.5307559763126115e-05, -7.171728120758392e-06]
[-8.8797448653255e-06, -1.9485434146163105e-05]
[1.0598789851656854e-05, -9.564807770798267e-06]
[5.212029750634173e-05, -9.369418622201531e-07]
[-1.567451432500297e-05, -2.0738564919908775e-05]
[-1.0616473730511167e-05, 7.121652356167907e-06]
[2.999242209500777e-05, 3.057824695038014e-05]
[-5.821827795751688e-07, -1.1351556087821346e-07]
[1.3773095286023773e-05, -2.0930362364057764e-05]
[2.8956042303539264e-05, -3.801042438242308e-05]
[1.2828123827850202e-05, -2.461265004388702e-05]
[1.2536141207067364e-05, 2.9931791597527513e-05]
[-1.3904658863805874e-05, 2.690539770910938e-05]
[5.502308406790668e-06, -5.333577138361134e-06]
[3.774549330361199e-05, -1.4039936077597792e-05]
[-7.807700187226208e-06, -2.8169546728074035e-05]
[1.684171600008222e-05, -9.416372832421124e-06]
[4.775911647067477e-05, 9.921734447596031e-06]
[-2.2959097463685907e-05, -1.3720727165988933e-05]
[-5.934639960698124e-06, 3.317058649143778e-07]
[3.643206544043376e-05, 2.166186563522937e-05]
[-7.871440765569448e-06, -5.165584137899193e-07]
[1.1805515410079348e-05, -1.374590037191148e-05]
[3.8340898943972634e-05, -3.2482418178131356e-05]
[6.836237373034071e-06, -3.0143753657063677e-05]
[4.373788250786048e-06, 2.3793263649443674e-05]
[-4.1031981935779616e-06, 3.22848904570211e-05]
[6.466678786169744e-06, 1.0307239477688745e-06]
[2.8909272990516183e-05, -1.6509647973589336e-05]
[-2.3578076349534127e-06, -3.589980880008836e-05]
[2.1853384424863967e-05, -1.3299741591015629e-05]
[3.965928126278134e-05, 1.782278679864427e-05]
[-2.6728543941326177e-05, -3.7800236880602966e-06]
[5.860430738295619e-07, -2.4820143328663224e-06]
[3.834232459343917e-05, 1.1520161036546184e-05]
[-1.4353831865890343e-05, -5.108707477406715e-06]
[1.3962448386903303e-05, -7.609222070589783e-06]
[4.47047992111968e-05, -2.3377600808838217e-05]
[-1.947563597490265e-06, -3.236496135666789e-05]
[3.280097959357242e-07, 1.5729652994095344e-05]
[6.772429748634623e-06, 3.3086418076729365e-05]
[3.3170589780751047e-06, 6.815337985389969e-06]
[2.104817284717675e-05, -1.4703544728239537e-05]
[6.473733355463057e-06, -4.066293177482083e-05]
[2.379637471971313e-05, -1.9985146636494755e-05]
[2.9688384087914188e-05, 2.1473283176046132e-05]
[-2.601053296071021e-05, 7.060853896817543e-06]
[6.731901250417449e-06, -1.1116138901590134e-06]
[3.584252320601444e-05, 2.4015243683533916e-06]
[-1.8039856090126816e-05, -1.2931656492715105e-05]
[1.9049526130118788e-05, -4.365858519053689e-06]
[4.677223129165298e-05, -1.2548424210161169e-05]
[-1.1542514505595916e-05, -3.030794030331463e-05]
[6.228281447875905e-07, 7.955038256818314e-06]
[1.648715293308886e-05, 2.943435657937546e-05]
[-3.030117159321527e-06, 1.0040057645014852e-05]
[1.602051134147464e-05, -9.79418133467691e-06]
[1.6863692655869067e-05, -4.1202095405423744e-05]
[2.1692279634624723e-05, -2.7534131166476183e-05]
[2.0058101759812264e-05, 2.0647043986549152e-05]
[-2.0932209965338067e-05, 1.659473811252421e-05]
[1.0518711883303333e-05, 3.561514648614539e-06]
[3.009711214368993e-05, -3.828115262421994e-06]
[-1.7682701626081654e-05, -2.220289076637627e-05]
[2.5161973909199054e-05, -5.015149582929951e-06]
[4.432371835805943e-05, -2.1934346191403165e-06]
[-1.9778138498093012e-05, -2.4091353233141044e-05]
[4.3983560673796496e-06, 2.4630459334595844e-06]
[2.318048155383612e-05, 2.2492005972350043e-05]
[-1.0835528918173853e-05, 9.453672881049036e-06]
[1.4849575789566138e-05, -3.666325548712379e-06]
[2.664055696081913e-05, -3.730437740401271e-05]
[1.563753491629072e-05, -3.3811925935156584e-05]
[1.2767142948885701e-05, 1.6195849306649412e-05]
[-1.2652070807500637e-05, 2.2980695651562966e-05]
[1.0678646670689296e-05, 9.8332791807626e-06]
[2.2983597797659322e-05, -6.128069126559721e-06]
[-1.3066478292016181e-05, -3.078830695321666e-05]
[3.019124212597698e-05, -9.492522448667495e-06]
[3.821046277795864e-05, 5.695086783139708e-06]
[-2.4840642539214475e-05, -1.4857018336617012e-05]
[9.971959164481459e-06, 5.419153475683114e-07]
[2.580781804815968e-05, 1.4135023411229741e-05]
[-1.800355037998025e-05, 4.823122825500792e-06]
[1.7504081214550493e-05, 1.5841398850885424e-06]
[3.3832084157678355e-05, -2.9818835407535715e-05]
[6.743932266808916e-06, -3.702961259893778e-05]
[9.118420770309887e-06, 9.793503792349112e-06]
[-3.0389212176684666e-06, 2.5183729027718205e-05]
[6.950399926795164e-06, 1.5637613913006138e-05]
[1.6596823605892486e-05, -4.504082064621384e-06]
[-5.027816422122078e-06, -3.6744930529741815e-05]
[3.2363099509297166e-05, -1.6724621664222783e-05]
[3.01035365142463e-05, 9.811685762944888e-06]
[-2.571096193342004e-05, -4.454475750106934e-06]
[1.529334020974188e-05, 2.4834380796256994e-06]
[2.4363101901507533e-05, 6.461035034696638e-06]
[-2.262020720047997e-05, -3.0413041561816456e-06]
[2.2949048754022927e-05, 4.184413991269176e-06]
[3.714346202875196e-05, -2.04108312457027e-05]
[-3.171138919434713e-06, -3.618056925383528e-05]
[9.427203476783386e-06, 3.486221909654308e-06]
[5.813132075115947e-06, 2.3198714131507717e-05]
[1.080116521466612e-07, 1.9079835599509695e-05]
[1.2718560600283313e-05, 3.8486215575561644e-08]
[4.7845987825364394e-06, -3.879661871319939e-05]
[3.067261036138885e-05, -2.493340378254688e-05]
[2.2049662969633732e-05, 9.830182437851887e-06]
[-2.2389926445126607e-05, 5.038543482577262e-06]
[1.8473477671795968e-05, 7.5505933053166e-06]
[1.9835835239456756e-05, 1.2630089563370195e-06]
[-2.3426478750240842e-05, -1.2521152939690139e-05]
[2.9444355551605517e-05, 3.1184182779711578e-06]
[3.6250193088338545e-05, -1.1123242005858097e-05]
[-1.2058669579387282e-05, -3.126690481333738e-05]
[1.2985382554321634e-05, -8.320244754556061e-07]
[1.2107437007934096e-05, 1.801110616497792e-05]
[-8.26903077483232e-06, 1.8907676483728708e-05]
[1.2385143139032051e-05, 5.787866092052396e-06]
[1.4343295893733121e-05, -3.6627314741494166e-05]
[2.5111940479355388e-05, -3.210457275504286e-05]
[1.595082037705864e-05, 6.442559946431836e-06]
[-1.58625803930168e-05, 1.1834875143779122e-05]
[1.825353283926856e-05, 1.42022634662467e-05]
[1.3923012822261369e-05, -4.017881249096522e-07]
[-2.0111957063015384e-05, -2.1617474497165334e-05]
[3.5007743562491186e-05, -1.6439330836059973e-06]
[3.183997034818774e-05, -3.860387770164564e-06]
[-1.815269796356933e-05, -2.3267426236178723e-05]
[1.828119288049823e-05, -1.886371949311183e-06]
[1.4774388890664847e-05, 1.1313853107187966e-05]
[-1.621787137298658e-05, 1.4805451829573435e-05]
[1.5656717714057633e-05, 1.078364670750731e-05]
[2.1753648130187764e-05, -3.092583505538704e-05]
[1.664205744673214e-05, -3.649815317416372e-05]
[1.309943392188706e-05, 1.1440272469215307e-06]
[-7.820027630195403e-06, 1.4865907034143297e-05]
[1.429963141125895e-05, 2.0509822768736974e-05]
[8.576404733191129e-06, 1.5560640517220392e-06]
[-1.33625719589206e-05, -2.84579239786531e-05]
[3.7921399108277465e-05, -9.171232198720847e-06]
[2.540235942893182e-05, 7.460696384645193e-08]
[-2.0396573497186155e-05, -1.386445657179658e-05]
[2.3410493088973916e-05, 6.834989827453342e-07]
[1.3704804526885883e-05, 5.059607440502378e-06]
[-2.1894842700209693e-05, 7.444808399079128e-06]
[2.1637957178771705e-05, 1.3319524181910902e-05]
[2.571419564718902e-05, -2.3180105374637217e-05]
[6.924606420835588e-06, -3.707301376471017e-05]
[1.3882348706181769e-05, -4.173149276420762e-06]
[-2.1654992842824738e-07, 1.4016001411897017e-05]
[7.2567120094554904e-06, 2.4655245560674388e-05]
[5.503485719982049e-06, 6.27518568291352e-06]
[-4.6594119433966685e-06, -3.175465475704908e-05]
[3.7154814460357843e-05, -1.7833589358556834e-05]
[1.8827602158669188e-05, 2.762847686604841e-07]
[-1.8678299249563768e-05, -5.005923996187489e-06]
[2.6570586818257247e-05, 6.266410462710259e-06]
[9.736357442086119e-06, 9.652513505431504e-07]
[-2.4030907497904486e-05, -1.7117893021389996e-06]
[2.8735991651686332e-05, 1.2364633652405671e-05]
[2.581338697723451e-05, -1.5280895581407106e-05]
[-2.110933350271682e-06, -3.372309641841431e-05]
[1.7720866918223555e-05, -7.709347787626664e-06]
[5.222254895850126e-06, 1.011221995750669e-05]
[-1.443260069761143e-06, 2.5384168981058136e-05]
[5.747518291202014e-06, 1.2196376919224039e-05]
[4.112559392074888e-06, -3.1101200266142603e-05]
[3.2601965143722045e-05, -2.5730351098374182e-05]
[1.3920931139402293e-05, -2.7003467922698254e-06]
[-1.382341447583868e-05, 1.5827898999926093e-06]
[2.651104179620528e-05, 1.3466762082053885e-05]
[4.405357679834396e-06, 9.335786937958446e-08]
[-2.22286427628976e-05, -1.0797271328993885e-05]
[3.508303367945852e-05, 7.801779968149083e-06]
[2.2595022179831142e-05, -9.040147033517396e-06]
[-8.751572349495473e-06, -2.727342221381379e-05]
[2.3253225328137214e-05, -8.206295813717457e-06]
[7.416573216546818e-06, 4.680677130268485e-06]
[-9.962372969268829e-06, 2.2303034920234666e-05]
[9.448190478489327e-06, 1.748027754421011e-05]
[1.1142082839588063e-05, -2.704042533631379e-05]
[2.5080492319549952e-05, -3.117052537845999e-05]
[1.195591862297729e-05, -7.517879886634327e-06]
[-7.355801277149354e-06, 4.814381432551029e-06]
[2.2831097770605047e-05, 2.0480498553399756e-05]
[-4.6612168447951463e-07, 2.611700464033584e-06]
[-1.7032655512616568e-05, -1.8013338921374356e-05]
[3.9012927128628805e-05, 4.298837874561201e-07]
[1.738441049314171e-05, -5.746413344999771e-06]
[-1.19146304990575e-05, -1.9245328503378345e-05]
[2.870556783392958e-05, -5.24483822203492e-06]
[6.173896339597973e-06, -4.61713399776964e-07]
[-1.652586952008428e-05, 1.5952016514636513e-05]
[1.5835854322313048e-05, 2.048015259657754e-05]
[1.5133955614116124e-05, -2.0894775974666935e-05]
[1.6101428591260708e-05, -3.308480298935823e-05]
[1.337632960540791e-05, -1.2422662770461557e-05]
[-1.0939578024456165e-06, 4.482014784311025e-06]
[1.6055192596153497e-05, 2.55599500358257e-05]
[-3.239423627371396e-06, 7.784209805378195e-06]
[-9.763889574011114e-06, -2.207047531788131e-05]
[3.9471378274202884e-05, -8.261721550419099e-06]
[1.1926855112240342e-05, -5.866412295829626e-06]
[-1.1390835389521459e-05, -1.1457271160725258e-05]
[3.23526312182576e-05, 6.76871804522472e-07]
[2.2012210426150536e-06, -3.6729437480204075e-06]
[-1.985972914560208e-05, 7.643428940454222e-06]
[2.345261992103137e-05, 2.0150426611600242e-05]
[1.560763400169224e-05, -1.4409296727219134e-05]
[7.4746050855410695e-06, -3.126926537017072e-05]
[1.771527981625498e-05, -1.570149114249464e-05]
[3.311289966698855e-06, 1.2745014796311516e-06]
[7.475558928667081e-06, 2.7448985655105507e-05]
[-2.8662721885258646e-06, 1.4187507545976308e-05]
[-2.1671609157225546e-06, -2.2486546783329064e-05]
[3.626026970193069e-05, -1.6483188312030328e-05]
[7.934809074877647e-06, -8.961640760155043e-06]
[-7.862311312945014e-06, -5.565989920137959e-06]
[3.295055987889012e-05, 8.296541169433569e-06]
[-3.1070609121854748e-06, -3.891404515649066e-06]
[-1.9489165750563586e-05, -8.861538745574826e-07]
[3.053752070620447e-05, 1.629168005336072e-05]
[1.298299198701329e-05, -9.302558456365448e-06]
[8.533723293846496e-07, -2.6406082527380415e-05]
[2.3744203049071502e-05, -1.6112218336167272e-05]
[4.780824576285092e-06, -3.4315682599095343e-06]
[-1.1909915805657922e-06, 2.568139705205058e-05]
[8.654475574521037e-07, 2.009139116955494e-05]
[4.034124704489772e-06, -1.967476774214494e-05]
[3.006106137993375e-05, -2.259577210816932e-05]
[6.659357487434625e-06, -1.3833265731857947e-05]
[-2.6987892943544645e-06, -2.6640023864585305e-06]
[3.003524749348868e-05, 1.5926239661390867e-05]
[-8.045100776524206e-06, -8.825100974441114e-07]
[-1.5828691811568818e-05, -7.917304632260036e-06]
[3.54744229850365e-05, 9.576819773510215e-06]
[8.439329591276856e-06, -6.840196089480735e-06]
[-2.666244825991204e-06, -1.9863712148848744e-05]
[2.9806680978648747e-05, -1.3182163259933821e-05]
[3.0546868634989677e-06, -7.943386813646924e-06]
[-8.240495559988514e-06, 2.0673045276656254e-05]
[7.30266671285229e-06, 2.3903078473566652e-05]
[7.5623237778196795e-06, -1.4806440862491499e-05]
[2.2238981784021214e-05, -2.551089107544202e-05]
[8.591664835841395e-06, -1.885140823257303e-05]
[2.4097207060730375e-06, -3.0314370357067966e-06]
[2.4016628449443495e-05, 2.1885796759553433e-05]
[-1.1036293218302795e-05, 4.729390572721925e-06]
[-1.0048490172106378e-05, -1.2169868183115051e-05]
[3.718923992685613e-05, 1.3593318320195835e-06]
[3.5904634664435386e-06, -7.536213572870154e-06]
[-2.7942762263477583e-06, -1.3333739647250487e-05]
[3.4247844991272536e-05, -7.304634639507257e-06]
[-1.2731743323085576e-06, -1.0689233334665316e-05]
[-1.2401616814566863e-05, 1.3591854397781988e-05]
[1.5114743532336494e-05, 2.4562607582961915e-05]
[7.884303514706092e-06, -9.490270412575164e-06]
[1.448406033657812e-05, -2.4939277884272748e-05]
[1.3364168217275263e-05, -2.238066718712739e-05]
[5.886950714812517e-06, -6.0985751104240815e-06]
[1.6052354583601103e-05, 2.492016959122073e-05]
[-1.1026964480978507e-05, 1.1644467530325109e-05]
[-3.7578694876902463e-06, -1.3101620641872702e-05]
[3.539943706860893e-05, -6.681412386091989e-06]
[6.292770857174723e-08, -1.1051925978847188e-05]
[-8.680403316974061e-08, -8.400107746324437e-06]
[3.582935703133616e-05, 3.8363080492875845e-07]
[-6.934262745061925e-06, -1.0610570494701266e-05]
[-1.3134078948831562e-05, 6.045417219824323e-06]
[2.2643804738504275e-05, 2.1792716624790404e-05]
[5.314634483034007e-06, -5.3541620282059055e-06]
[8.383661361112404e-06, -2.1433370704732058e-05]
[1.9869344556779425e-05, -2.319281531626416e-05]
[6.660958259276095e-06, -1.0621259120699444e-05]
[7.739623137381635e-06, 2.4497573961487773e-05]
[-7.736711208669589e-06, 1.823337996360863e-05]
[1.4093875608522932e-06, -1.1013435676818228e-05]
[3.0658746770877154e-05, -1.2964215151817227e-05]
[-9.145648806607731e-07, -1.6310983558795455e-05]
[4.225664710144628e-06, -6.150050119252404e-06]
[3.402725276542562e-05, 8.306338264804647e-06]
[-1.232720124235212e-05, -7.412936768536049e-06]
[-1.0735658930172143e-05, -3.300724453481063e-07]
[2.8325307246605813e-05, 1.6145898968672467e-05]
[9.041789799102418e-07, -3.636748060083933e-06]
[5.0350206529797825e-06, -1.621932889510347e-05]
[2.6559251274049095e-05, -2.076443840774711e-05]
[4.415617805800243e-06, -1.5018393945687158e-05]
[7.077849286246662e-07, 2.0918226041284627e-05]
[-1.707870897579844e-06, 2.2954316017502474e-05]
[4.201449934286561e-06, -6.941318012952669e-06]
[2.4192766436333807e-05, -1.6391786841790656e-05]
[1.1913388667933456e-06, -2.1794641020284056e-05]
[8.571692598258879e-06, -6.9220392406570824e-06]
[2.9142439916921697e-05, 1.4851261466910376e-05]
[-1.593131064170361e-05, -1.6179069488586606e-06]
[-6.23752169616118e-06, -4.274128952874712e-06]
[3.107193882830733e-05, 8.843608262518177e-06]
[-3.85103940629683e-06, -4.88988973712523e-06]
[4.792746923720781e-06, -1.0867425310243095e-05]
[3.184535613286882e-05, -1.5389263263859698e-05]
[-3.5490919537278787e-07, -1.7782189638645973e-05]
[-3.783733644902032e-06, 1.5212905482023253e-05]
[5.851592657299398e-06, 2.4735025194583954e-05]
[4.045876053015984e-06, -2.3692513284150063e-06]
[1.7573198651251593e-05, -1.6603545095777994e-05]
[6.104392784610224e-06, -2.5937844879586613e-05]
[1.1445956411809677e-05, -1.0248869687368156e-05]
[2.2202502693170756e-05, 1.8769984215722887e-05]
[-1.6686823191933153e-05, 5.590276674544148e-06]
[-1.120916639601316e-06, -5.199254841992129e-06]
[3.052660148089581e-05, 1.4543879476164312e-06]
[-7.402304020118211e-06, -8.862492328759464e-06]
[7.20959352215611e-06, -6.888108820310435e-06]
[3.449590244934686e-05, -8.083273618161857e-06]
[-6.495792476877982e-06, -1.7856663852677812e-05]
[-5.142415424180813e-06, 8.863446278914444e-06]
[1.3385987795641596e-05, 2.3225943679410638e-05]
[1.1676959822074645e-06, 1.1597937002189723e-06]
[1.2317011203924477e-05, -1.4036997572797194e-05]
[1.2830253344956258e-05, -2.752426697436028e-05]
[1.178614904817632e-05, -1.5003604472409171e-05]
[1.4686014612380616e-05, 1.9474473022366295e-05]
[-1.4248189723370386e-05, 1.2678565221260762e-05]
[3.0684422536453315e-06, -3.310799235975437e-06]
[2.7125828588145384e-05, -4.503804974187453e-06]
[-8.541014637472588e-06, -1.458860924147265e-05]
[1.1178875754302986e-05, -5.356644014978262e-06]
[3.393202032785786e-05, -3.12921964923385e-07]
[-1.2501355733510189e-05, -1.489121987466313e-05]
[-3.5641355454058e-06, 3.4204605320609094e-06]
[1.9386308957657777e-05, 1.8865602671457732e-05]
[-3.4953602447776455e-06, 2.43456356228966e-06]
[9.512641687081658e-06, -9.788696748766479e-06]
[1.9924299860842043e-05, -2.5981988846693338e-05]
[9.22691412566512e-06, -1.970544108306771e-05]
[8.143657162618112e-06, 1.716006026278305e-05]
[-9.051514320554399e-06, 1.8156180627469654e-05]
[5.109049635534935e-06, 4.7461570690243704e-07]
[2.196399875942917e-05, -7.93573681495685e-06]
[-6.694036045820639e-06, -2.0651285526612773e-05]
[1.5236519940280135e-05, -6.658792277897466e-06]
[3.0352158024224765e-05, 6.380264781160813e-06]
[-1.6902813534128147e-05, -9.310186232125428e-06]
[4.536970016864872e-08, 1.1670108032713067e-07]
[2.2760597137738703e-05, 1.2748067146274578e-05]
[-8.552802318324837e-06, 8.70628361071546e-07]
[9.565348060389112e-06, -5.315862789137538e-06]
[2.5863466306508265e-05, -2.15094103836605e-05]
[4.171555481415068e-06, -2.290418334542632e-05]
[3.813696179383319e-06, 1.2729834484206948e-05]
[-2.185257824111053e-06, 2.0943115842386728e-05]
[4.398515994250007e-06, 4.785264513303827e-06]
[1.6498535819432433e-05, -8.423759057907265e-06]
[-2.0511621020707915e-06, -2.555081668650927e-05]
[1.794239712083444e-05, -1.0416929258183494e-05]
[2.4659347667981002e-05, 1.0761984200420571e-05]
[-1.8634898678315803e-05, -2.186859661634788e-06]
[4.323051360135416e-06, -4.2761098195676084e-07]
[2.3088880860444583e-05, 6.33169668773359e-06]
[-1.252613450877793e-05, -3.3605253032115145e-06]
[1.2121230236222802e-05, -2.058063898052742e-06]
[2.942622911413645e-05, -1.5005422627140108e-05]
[-2.3305263525813524e-06, -2.3545060895746595e-05]
[2.3276484130696495e-06, 7.545606293415941e-06]
[4.897386345098509e-06, 2.062506093409959e-05]
[1.0843062267368309e-06, 8.155695373551416e-06]
[1.2174534024134154e-05, -6.305747287077557e-06]
[4.501730455897662e-06, -2.808240792739891e-05]
[1.8243443754062394e-05, -1.5609226970192402e-05]
[1.8215655355556526e-05, 1.2199024144666365e-05]
[-1.7290755012486225e-05, 5.040423882080036e-06]
[7.806677610099066e-06, 1.6628909498411781e-06]
[2.070293379018151e-05, 1.0667268096481441e-06]
[-1.4224247202695994e-05, -9.395300396522477e-06]
[1.6183121538580758e-05, -1.0756960343652477e-06]
[2.998590910122112e-05, -7.827385502940515e-06]
[-8.864016097681268e-06, -2.1223643517559454e-05]
[3.5764988564543354e-06, 3.0729422966224718e-06]
[1.0747880971754067e-05, 1.7534883751359892e-05]
[-3.997026533798104e-06, 9.399963724879626e-06]
[1.0064799749451292e-05, -2.5623592454226962e-06]
[1.1621099780416422e-05, -2.7628887224934173e-05]
[1.5728688977194316e-05, -2.0846106126612418e-05]
[1.2490372650622583e-05, 1.0794365155719632e-05]
[-1.3205121508291784e-05, 1.0934555757631526e-05]
[9.306016976948217e-06, 5.576523308147008e-06]
[1.6576541466611916e-05, -1.9630882630017332e-06]
[-1.3035592093660342e-05, -1.5912746185120508e-05]
[2.0383404334325256e-05, -2.7947693071513763e-06]
[2.7646992040011864e-05, -1.442539451227548e-06]
[-1.4010771197899008e-05, -1.6270778225829785e-05]
[6.765677887427338e-06, 5.119774652839748e-07]
[1.4279003645187305e-05, 1.2645816890539952e-05]
[-9.550945480822637e-06, 7.903362813480724e-06]
[1.061444220225305e-05, 1.452282424929674e-06]
[1.785101867269462e-05, -2.429821772907681e-05]
[1.071602343681588e-05, -2.4730159579114397e-05]
[8.692847224670008e-06, 7.334888016019558e-06]
[-7.350427394837988e-06, 1.4414507599969789e-05]
[8.19420723855574e-06, 1.0042089058207027e-05]
[1.2059554408569428e-05, -2.296013647651307e-06]
[-9.06693076709042e-06, -2.1476470078662935e-05]
[2.3340857160696754e-05, -6.918255058774303e-06]
[2.319542407180908e-05, 2.9370606110471625e-06]
[-1.670280430422777e-05, -9.651644560432215e-06]
[1.0639164505471532e-05, 5.063822620943181e-07]
[1.5020395685010068e-05, 7.308809424982909e-06]
[-1.4163482228338187e-05, 3.7624881516831743e-06]
[1.3550349910324e-05, 4.3644851419957775e-06]
[2.1986034077429994e-05, -1.8876358421321404e-05]
[4.1542872981081835e-06, -2.620727262642175e-05]
[7.48183615568998e-06, 3.0705696827393325e-06]
[-1.077446630221024e-06, 1.5010771583756286e-05]
[4.549197749150781e-06, 1.3664151587104018e-05]
[8.52683693622347e-06, -1.8464004500340359e-07]
[-3.098806370470386e-06, -2.4895223155269042e-05]
[2.400999023532968e-05, -1.2520923852288313e-05]
[1.7881022982786654e-05, 4.644697372924861e-06]
[-1.6477543069423617e-05, -2.7097743224152593e-06]
[1.3811607209299193e-05, 3.0005415913025857e-06]
[1.3212519074407014e-05, 2.904272082770998e-06]
[-1.66595512212514e-05, -2.2566069357715657e-06]
[1.7972983907807438e-05, 5.128644041934444e-06]
[2.3360707842277895e-05, -1.2612882730439479e-05]
[-2.62926929257834e-06, -2.4821705590649668e-05]
[8.821380296827885e-06, -6.146012100638476e-07]
[4.230133559115189e-06, 1.2960842344306514e-05]
[-8.853632460746608e-07, 1.5279151076404845e-05]
[7.032204069182257e-06, 3.4929642262065963e-06]
[3.6255762313613937e-06, -2.5511754607410175e-05]
[2.193601719296251e-05, -1.8298408324193827e-05]
[1.3091368096615486e-05, 3.704297498546838e-06]
[-1.3574764808677031e-05, 3.175477717901054e-06]
[1.5122351353528962e-05, 7.27595213284582e-06]
[9.720616914475622e-06, 4.975892243519464e-07]
[-1.6391114686487018e-05, -8.926195806446824e-06]
[2.260199820405817e-05, 3.282191892352987e-06]
[2.199597764145772e-05, -6.8978556579443046e-06]
[-8.268529315451356e-06, -2.0814481898168147e-05]
[1.2014574757600316e-05, -2.554657788950143e-06]
[7.498573240935502e-06, 9.125862817357944e-06]
[-6.904535412133317e-06, 1.4242943124024438e-05]
[8.053434641774881e-06, 7.475533032041959e-06]
[9.720416338995785e-06, -2.3350149028031342e-05]
[1.735475735929748e-05, -2.2903721015335443e-05]
[1.0001725944036588e-05, 7.991550726449415e-07]
[-8.855862007078885e-06, 6.9300682898724986e-06]
[1.3922444210494322e-05, 1.2152276763953418e-05]
[5.795642454587205e-06, 5.841025502162367e-07]
[-1.3385490691728008e-05, -1.487380596118526e-05]
[2.610976534796368e-05, -9.529095238609842e-07]
[1.857024787649264e-05, -2.9137566682161525e-06]
[-1.1697822636422273e-05, -1.5045281208728167e-05]
[1.5901364939677892e-05, -2.088196155963784e-06]
[8.219048389018768e-06, 4.75465143248005e-06]
[-1.2155832455326698e-05, 1.0580133805074277e-05]
[1.1389152237348266e-05, 1.0449231580979268e-05]
[1.4003308480996235e-05, -1.9089210851516714e-05]
[1.111721680910685e-05, -2.528470243502723e-05]
[9.2889646327865e-06, -2.9227373009449442e-06]
[-3.5709174812000033e-06, 8.040072127195666e-06]
[1.0225074889852123e-05, 1.6297933994567637e-05]
[2.746407906463466e-06, 2.9843938156581817e-06]
[-8.321029311128547e-06, -1.892603146402827e-05]
[2.7456986068825906e-05, -6.742832924726272e-06]
[1.4227730039576003e-05, -1.3499127113486553e-06]
[-1.2406465428799196e-05, -8.762583666097057e-06]
[1.9166070789715384e-05, 7.900302508578871e-07]
[6.553871364826935e-06, 1.1585371001016087e-06]
[-1.5480806760254096e-05, 4.9621032537500165e-06]
[1.6228707808846332e-05, 1.1381513066996418e-05]
[1.5780183361936706e-05, -1.3873752827062158e-05]
[4.462869720155485e-06, -2.4938243481154032e-05]
[1.0978820519022547e-05, -6.153268929359745e-06]
[9.638018045026592e-07, 6.659278634768909e-06]
[4.686014686450246e-06, 1.8569476407812036e-05]
[1.6073794610327319e-06, 6.9114305152051525e-06]
[-2.341359781624086e-06, -2.039274440417127e-05]
[2.6146616352036578e-05, -1.2865399797168386e-05]
[1.0276705065065395e-05, -2.248709558574924e-06]
[-1.0547624571574654e-05, -3.283863297301459e-06]
[2.0674641411241867e-05, 5.446218964991201e-06]
[3.2719770109920776e-06, -6.192607728827682e-07]
[-1.6198477080370255e-05, -1.475727999925014e-06]
[2.137246984721536e-05, 9.774824833479884e-06]
[1.5000030972482647e-05, -9.015660212267906e-06]
[-1.297367730246357e-06, -2.2020367246966543e-05]
[1.4460587091045043e-05, -7.7594475458298e-06]
[3.6948821923316055e-06, 3.547180241415121e-06]
[-1.5760290844046843e-06, 1.829424989798628e-05]
[2.885109382844142e-06, 1.1187680934179878e-05]
[3.240715394321747e-06, -1.9222642006849755e-05]
[2.2335186430952336e-05, -1.8024253194026674e-05]
[7.856225851393672e-06, -5.01795797738791e-06]
[-6.878703176435574e-06, 3.3180376426272806e-07]
[1.9756618379711266e-05, 1.078404974343139e-05]
[-4.651242475235684e-07, -5.710604039643741e-08]
[-1.426164323994894e-05, -7.427101064536035e-06]
[2.554312264257952e-05, 5.7792316296989554e-06]
[1.2244729340228633e-05, -5.6625159689377424e-06]
[-5.106787177321104e-06, -1.7288968038001173e-05]
[1.8660571577712448e-05, -7.064755110544607e-06]
[4.085119830757322e-06, -1.4212997200002686e-07]
[-7.269638919615851e-06, 1.5427488871788686e-05]
[6.444240712055738e-06, 1.455358694067016e-05]
[7.272621971698978e-06, -1.5995161783813328e-05]
[1.6777917784524532e-05, -2.1172684640510808e-05]
[7.655313534610242e-06, -8.601376892139467e-06]
[-2.5530897728408275e-06, 1.5368944095376508e-06]
[1.6363075983277103e-05, 1.5531907345798374e-05]
[-3.409093686138065e-06, 2.729663162281959e-06]
[-1.0250835122998375e-05, -1.1742258279739959e-05]
[2.7707645291669136e-05, 1.3997506795662695e-07]
[8.56141033598462e-06, -4.517357395726618e-06]
[-6.415731718001361e-06, -1.1898382580199929e-05]
[2.2326355837862244e-05, -4.008006370834205e-06]
[2.2302642598143185e-06, -3.1630904418628036e-06]
[-1.1255883946542644e-05, 1.0548314826316907e-05]
[1.1557446000523552e-05, 1.5987737628009313e-05]
[9.04162451280388e-06, -1.1755595450517464e-05]
[1.0626151442566512e-05, -2.1766077985374555e-05]
[9.753145154632603e-06, -1.1759990092993777e-05]
[1.1804328003840042e-06, 4.134346544490408e-07]
[1.1064731110746462e-05, 1.856590510963471e-05]
[-4.5432224601224536e-06, 7.03616119387962e-06]
[-5.212134573488736e-06, -1.3706816880731942e-05]
[2.732932688671863e-05, -6.0021705968263395e-06]
[5.18381253870881e-06, -5.677941269578712e-06]
[-5.3007252800857385e-06, -7.101330741908496e-06]
[2.434768423589112e-05, 8.563665778588136e-07]
[-1.1859529114623124e-06, -4.495506511867364e-06]
[-1.2826367774582126e-05, 4.700291616061003e-06]
[1.710208784507991e-05, 1.4958493169570097e-05]
[8.436393818145316e-06, -7.739107674379492e-06]
[5.131872665545961e-06, -1.9882081954220032e-05]
[1.3616574757841296e-05, -1.3390966824539108e-05]
[3.292951292255264e-06, -2.3696247147264593e-06]
[4.895297065127258e-06, 1.9187072250209658e-05]
[-3.333742213146307e-06, 1.1761627863773882e-05]
[-3.8383800481101016e-07, -1.3204053889798173e-05]
[2.4488952754440907e-05, -1.1403710917082255e-05]
[3.2153891020153536e-06, -8.632116041421e-06]
[-2.4240752236753815e-06, -3.9352370703842066e-06]
[2.40328219885122e-05, 6.512102316322266e-06]
[-5.082565354527953e-06, -3.595622115853958e-06]
[-1.186613739539294e-05, -8.79227196201593e-07]
[2.1850308549368688e-05, 1.1546219448890782e-05]
[5.953681868668681e-06, -5.0557296317286365e-06]
[1.3356890774529617e-06, -1.618235266864776e-05]
[1.8251051120809353e-05, -1.2803230100541518e-05]
[3.226283195059687e-06, -5.744338599039667e-06]
[-9.164102138803365e-07, 1.7284850650181594e-05]
[1.468225360873321e-07, 1.5696791723626702e-05]
[3.1166638348317788e-06, -1.0723508728924247e-05]
[1.9848664129198945e-05, -1.5028705023914513e-05]
[3.354368630942295e-06, -1.240592338713764e-05]
[1.1513552117745074e-06, -2.971616813941119e-06]
[2.1272668839094483e-05, 1.1746182996118237e-05]
[-8.266069683088989e-06, -5.206487641573609e-07]
[-8.864121781280293e-06, -5.07027257472259e-06]
[2.477749040413063e-05, 6.409302258265914e-06]
[2.5529317533301565e-06, -4.416048832500685e-06]
[-1.8344716828933016e-07, -1.1729955042463769e-05]
[2.246285982050733e-05, -9.882256034446368e-06]
[1.0186916351503927e-06, -8.525901632763788e-06]
[-5.255613746743548e-06, 1.334933737193178e-05]
[5.251420008206553e-06, 1.7830510143194978e-05]
[4.5665435533873144e-06, -7.218188739478715e-06]
[1.4471977717429862e-05, -1.6298604822301277e-05]
[5.728204455386632e-06, -1.582306426740898e-05]
[4.241817371595201e-06, -4.189230906977495e-06]
[1.6554835888232117e-05, 1.5455876335626617e-05]
[-9.735300818117243e-06, 4.100731233011579e-06]
[-4.772850522445984e-06, -7.143186505936816e-06]
[2.531158564435254e-05, 6.068311696472151e-07]
[-6.005130236685918e-07, -5.964886843463912e-06]
[5.638877518948648e-07, -7.712099286891205e-06]
[2.5164052905451983e-05, -5.1060497971572305e-06]
[-2.7223473566886924e-06, -9.715849457886394e-06]
[-7.393672701416776e-06, 8.333495066084606e-06]
[1.0933055226050592e-05, 1.759858009937887e-05]
[3.8045874038959704e-06, -3.850348796186065e-06]
[9.548936787270867e-06, -1.5221046684610329e-05]
[9.875645238070774e-06, -1.780776731694078e-05]
[5.844287142568044e-06, -6.999121345649395e-06]
[1.0828385516581385e-05, 1.6919929377433307e-05]
[-8.929772766036459e-06, 9.24017213158046e-06]
[-7.567367984531725e-07, -6.926306214682931e-06]
[2.3462755079528552e-05, -4.673775015132109e-06]
[-2.4363070389304964e-06, -9.261411295355404e-06]
[3.0005368829091883e-06, -5.140087493242518e-06]
[2.5642723802891954e-05, 5.875190149662313e-07]
[-6.989186655404454e-06, -8.750008722399616e-06]
[-7.156293040232187e-06, 3.403934032711331e-06]
[1.6014615511999834e-05, 1.501421368878958e-05]
[1.2529840235780965e-06, -1.6924734430323607e-06]
