[421.97387108618506, -11.725695982194509]
[0.22515550957834307, -0.6857505615078523]
[1.6525696746682286, -4.310009213951481]
[0.23391527281077806, -0.05432657723072509]
[0.010507202302447283, -0.025256918136250306]
[0.0795074505084088, -0.1426707333549544]
[-0.19246686795461443, 0.5893907296429148]
[0.027475221458971077, 0.08100165929895109]
[0.05340024077272609, 0.08804632674804314]
[-0.026333114001548807, -0.05037172573731574]
[-0.018835079824622625, -0.012797687070058572]
[0.01624007781764547, -0.028085045866948377]
[0.016421836785751154, -0.013697674423884365]
[-0.0018242889620161407, -0.01601103034531448]
[-0.018305084510902958, 0.02200499235208042]
[0.010351890977146283, 0.008315904524446971]
[0.002928352170087578, 0.023519718877362372]
[-0.005436281938611565, 0.00044528852602816055]
[-0.004047959052273134, -0.00015400200099802835]
[0.002800844853579676, -0.008917418642271357]
[0.004755883915802173, -0.002186929456203579]
[-0.0019009521604371749, -0.005396203114578668]
[-0.002224357027716728, -0.0003593380434470106]
[0.0033705368199630215, -0.00042245596316980993]
[-0.0012898740294975397, 0.008479368852441382]
[-0.0002977117667946061, 0.0031652586255916937]
[-0.0015154616943013899, 0.0013533014246620567]
[0.00044893682086177833, -0.002934581415277693]
[0.001009953370995298, 8.366751388555471e-05]
[-0.0009467353902277154, -0.002357653344862598]
[0.001013098215307373, -0.0016964888527191135]
[0.0005414687759497383, -0.0017005781077408244]
[-0.0011669487836978298, 0.002982708076917362]
[0.0009343680381421748, 0.0019094262534911088]
[-0.0008207016968739822, 0.0013943449525659624]
[0.00013078308781294679, -0.0006284542471542247]
[-0.00034195977049404636, 0.0004331229002843967]
[-0.000315924837662962, -0.0011223470199550611]
[0.0013568550459126527, -0.0009174916402905353]
[-0.0005228447852310136, -0.0014058198198680927]
[-0.0004430049131974867, 0.0007757310015117369]
[0.0008666624605320195, 0.000670804224517596]
[-0.0005255155031380632, 0.0010928309505890965]
[0.0002490409389479531, 0.00020728990827545424]
[-0.0007272272140763647, 0.00033015209640885335]
[4.710496357640537e-05, -0.000545254456930766]
[0.0009021414479242207, -0.0002410596293297429]
[-0.0007379413608257224, -0.0008507921147922204]
[0.0001405545006276654, -6.332428867494855e-06]
[0.0004148580174886396, -4.597480112611407e-05]
[-0.0003162572150017251, 0.0007437390574231983]
[0.0003641267142975302, 0.00037951600778463046]
[-0.0006926712956398795, 0.00018189515377198262]
[0.0002318191422343574, -0.00026094283355169653]
[0.000340000592875242, 7.134982804258075e-05]
[-0.0005686517990390882, -0.0004098318162371051]
[0.00042966079435347027, -0.00015988388179932755]
[-2.3648194893644003e-05, -0.00030838527618914924]
[-0.00012921169851620729, 0.0004544334868814559]
[0.0003605204172563159, 0.00028133437598354405]
[-0.0005026865718900098, 9.809006551986243e-05]
[0.00030041598447061446, -0.00012043006319123473]
[-7.457862831317108e-05, 0.00011499171549778087]
[-0.00028308306823521256, -0.00016198132965516976]
[0.00045800850502453194, -8.965913048897267e-05]
[-0.00029021393325767697, -0.0002942687886893225]
[2.8549093651797364e-05, 0.00025814252201250554]
[0.0002489130835847675, 0.000124593685493668]
[-0.0002931626437314705, 8.3952387747388e-05]
[0.00029451239572253485, -5.309130038888554e-05]
[-0.00028016019030108197, 3.633018123871956e-05]
[-2.9255646720516282e-05, -7.398944638792662e-05]
[0.00032637975567217925, 1.008371128416452e-06]
[-0.000362237058591397, -0.00017174948827425318]
[0.00013624228922837212, 0.00014783685519614842]
[8.836677691370642e-05, 1.1553037430278579e-05]
[-0.00012624872589273028, 0.00011003871086723294]
[0.00024323390862668326, -2.129398687999995e-05]
[-0.00031130016575109387, -5.0802132162797164e-05]
[0.00012989964594178893, -7.720882518125194e-05]
[0.00014270209608735485, 3.3626765398975245e-05]
[-0.0002913327023745804, -5.666986279673214e-05]
[0.00018256691554041637, 9.584597179057575e-05]
[-5.765589803208293e-05, -2.983077491114372e-05]
[-1.9275401468954456e-05, 0.00014361713197663661]
[0.00016885838691216293, -3.395678416229231e-06]
[-0.00024041229693338995, -8.730487999741854e-05]
[0.00018923172918139386, -0.0001071622269628314]
[-1.2302017457832548e-05, 5.769244534770124e-06]
[-0.00015558770819501522, -2.7999325619455784e-06]
[0.00017297113609224257, 7.003327574275908e-05]
[-0.00014676932314072744, -1.6819335087125964e-05]
[3.497803521024245e-05, 0.0001622391361910669]
[8.978624407435243e-05, 1.2424160036328402e-05]
[-0.00013904519993895859, -6.380043743492436e-05]
[0.0001756651642792484, -0.00012203085198647656]
[-9.938551727883826e-05, -4.889456585299712e-05]
[-2.4558170575117444e-05, -1.2258274658005774e-05]
[0.0001268120228319347, 4.603877943221146e-05]
[-0.00016715902332764543, 1.5250375260233984e-05]
[5.346212205492584e-05, 0.0001569662825921525]
[2.0949997585173463e-05, 3.030341986720586e-05]
[-5.599351678742259e-05, -2.5387321076486558e-06]
[0.0001261150366615449, -0.00010632996256099148]
[-0.00011804827296424403, -9.206324396693333e-05]
[6.02332885637491e-05, -5.685841593816576e-05]
[6.8933892947598e-05, 1.3443856255346276e-05]
[-0.00013362070748698662, 3.4788138606333015e-05]
[5.3277334576024016e-05, 0.0001298405141928003]
[-2.7499548872711443e-05, 4.825261689411775e-05]
[-1.0929734327369545e-05, 6.375815220094339e-05]
[7.205601900156511e-05, -6.50588045369993e-05]
[-9.252085469471649e-05, -0.00010039510817305697]
[8.915332923886687e-05, -0.0001011518708522452]
[2.0349235492433948e-05, -2.4787272560944373e-05]
[-7.515515630773795e-05, 2.6562589870493536e-05]
[4.69245114858019e-05, 8.914151735114895e-05]
[-5.175714696514788e-05, 6.066018172251608e-05]
[2.0999469596549858e-07, 0.00010869068976004925]
[3.205129684036301e-05, -1.370185028637394e-05]
[-5.4018563627078464e-05, -7.190527903810917e-05]
[7.641224919519018e-05, -0.00011971850454139954]
[-8.052632155197692e-06, -5.7971074461704575e-05]
[-2.0560472107300498e-05, -6.119493412004573e-06]
[4.119557725723588e-05, 4.486445611384671e-05]
[-5.470031788243346e-05, 6.172614629862665e-05]
[-6.173478283508227e-06, 0.00012071189648330677]
[1.1272820853447385e-05, 3.1354202829292355e-05]
[-2.6237071803381085e-05, -2.1470860781747092e-05]
[4.638642665649728e-05, -0.00010486772868967265]
[-1.675400406986327e-05, -7.525255677620635e-05]
[1.2261568439253523e-05, -4.7508045461830406e-05]
[3.81482559687063e-05, 5.60163667628899e-06]
[-4.4243941548449683e-05, 4.8747518408581714e-05]
[-1.2927718158639578e-05, 0.00010324760738703032]
[5.471410122637188e-06, 5.915759435543011e-05]
[-1.8299415215028425e-05, 2.95034448625775e-05]
[2.0711152837971092e-05, -6.501763921895609e-05]
[-1.4169044671552555e-05, -7.161147116296895e-05]
[2.012894178582414e-05, -7.928585455863058e-05]
[3.682428672785454e-05, -2.3016783744278513e-05]
[-3.0050312490037534e-05, 2.391978174576259e-05]
[-9.807566674902013e-06, 6.909732770032928e-05]
[6.454502643749027e-06, 6.64524850807367e-05]
[-2.5690732107189196e-05, 6.354099155025938e-05]
[1.0547680503347756e-05, -1.712718150204129e-05]
[-1.0745084297769658e-05, -5.008341355305923e-05]
[1.1626070183345938e-05, -8.934725034892566e-05]
[3.491482727266404e-05, -3.871308114944405e-05]
[-1.9841864357439398e-05, -6.12832337076874e-06]
[4.290920033622747e-06, 3.298015389052722e-05]
[6.746963357118219e-06, 5.661180888158479e-05]
[-3.662100345341868e-05, 7.339875613299185e-05]
[1.5384422631936623e-05, 2.2234999083770024e-05]
[-1.3513915268825727e-05, -1.9892735519944083e-05]
[8.174487864387459e-08, -7.608978297191094e-05]
[3.0091898918449544e-05, -4.2244631832000223e-05]
[-1.6832101929209475e-05, -3.283248257934801e-05]
[2.3610458756040398e-05, 5.592766070483535e-06]
[2.2387739597728995e-06, 3.677124734491333e-05]
[-3.978980519758757e-05, 6.264151651036443e-05]
[2.6947435491822547e-05, 4.3331585978990776e-05]
[-2.335324168981079e-05, 8.010256444530676e-06]
[-3.7459964880026675e-06, -4.7346395831371346e-05]
[2.0985618939706185e-05, -3.666102399180193e-05]
[-1.9298118551946963e-05, -4.905564007295915e-05]
[4.0016008348853216e-05, -9.022864015939547e-06]
[-7.284820542463599e-06, 1.4693902337548082e-05]
[-2.994025532199185e-05, 4.159331156960988e-05]
[3.523296784641028e-05, 4.532799173845303e-05]
[-3.568845846446678e-05, 2.5613074144864578e-05]
[3.85148609460817e-06, -1.5473930985887563e-05]
[7.791033205251097e-06, -2.6253265248299407e-05]
[-2.2329934469489388e-05, -5.17762733203142e-05]
[4.722796691603026e-05, -1.2788866880608651e-05]
[-1.9133961972173097e-05, -3.5942171257019595e-06]
[-9.348690153676564e-06, 2.14228375490233e-05]
[3.364023366492219e-05, 3.430730101383617e-05]
[-4.373219725239963e-05, 3.057967704689357e-05]
[1.921277063215987e-05, 8.566557698869506e-06]
[-7.602566024778046e-06, -1.5311265908554347e-05]
[-2.0808222954693534e-05, -4.2925477411692725e-05]
[4.317691004995794e-05, -1.083853541572477e-05]
[-2.9398795346774476e-05, -1.4974676084245075e-05]
[1.4473027485431555e-05, 9.281304285346792e-06]
[2.132950173239223e-05, 1.9063258054563548e-05]
[-4.235568183630356e-05, 2.610864603558305e-05]
[3.444004456859551e-05, 1.9410108806586224e-05]
[-2.2068966066213225e-05, -6.937217938512985e-06]
[-1.2160208526013072e-05, -2.8097318291342432e-05]
[3.006227309576559e-05, -8.382138942830686e-06]
[-3.4614151776302116e-05, -1.9272977402895464e-05]
[3.30292770266416e-05, 6.325229465531379e-06]
[2.529664758776917e-06, 6.92408200220207e-06]
[-3.067694327135717e-05, 1.8391502322634423e-05]
[4.1927017872089856e-05, 1.8285108165705388e-05]
[-3.223497374593709e-05, -2.2758712423520677e-06]
[2.3560861519278387e-06, -1.384303443225732e-05]
[1.271628548202286e-05, -8.520704353930791e-06]
[-3.29466420220248e-05, -1.8479489245715186e-05]
[4.076080055870346e-05, 8.828263938331915e-06]
[-1.6170902266271492e-05, 1.276732778610068e-06]
[-1.2311336740705725e-05, 1.3173938927302231e-05]
[3.799420464389858e-05, 1.0980132137405896e-05]
[-3.5695139792069064e-05, -4.704114995313091e-07]
[1.8317782303933772e-05, -4.858233865256967e-06]
[-3.6395578562054e-06, -1.1574536528127788e-05]
[-2.4695657119377934e-05, -1.5551903548877144e-05]
[3.69664041535156e-05, 1.1211526153576123e-05]
[-2.8949316459914165e-05, 1.3540325918270923e-06]
[6.543268921799239e-06, 1.3122099323359393e-05]
[2.4151034177077868e-05, 4.239907879233229e-06]
[-3.196556848583665e-05, 6.002364243418157e-07]
[3.0288816008638975e-05, -2.3228872531033673e-06]
[-1.5237097662823551e-05, -1.574071149457179e-05]
[-1.2088882802574474e-05, -1.3182262666069054e-05]
[2.5270481505676456e-05, 9.235744708360749e-06]
[-3.290977854120136e-05, 3.790575877515856e-06]
[2.0028824252671384e-05, 1.7088328757464133e-05]
[5.8171066016632356e-06, 2.4730869137012945e-06]
[-2.2732151672338885e-05, 3.0927729777197044e-06]
[3.433541938357987e-05, -4.022373548906444e-06]
[-2.063591385614849e-05, -1.8442229772430707e-05]
[1.500895865258478e-06, -1.2860763980743206e-05]
[1.1344215367692367e-05, 1.8944957613509228e-06]
[-2.8627759326493862e-05, 4.862338207206607e-06]
[2.5077561840392004e-05, 2.1339516101642753e-05]
[-1.0506221515160785e-05, 6.1769288052238025e-06]
[-1.1229506692189695e-05, 8.021334174879158e-06]
[2.970210742880841e-05, -6.0033995461505896e-06]
[-2.0581227886840026e-05, -1.7661499064347552e-05]
[1.26631102367325e-05, -1.448100627260418e-05]
[2.09947853213599e-07, -8.579017658938426e-06]
[-1.9231410021539053e-05, 2.3216244684973186e-06]
[2.2317516617256783e-05, 2.1887217188574365e-05]
[-2.0101741644462656e-05, 1.2469561092243175e-05]
[-9.843200785564221e-07, 1.4675286317933356e-05]
[1.8934610486007197e-05, -4.832099036233828e-06]
[-1.7170779427089222e-05, -1.2764808460019594e-05]
[1.9030429347810518e-05, -1.6584035875788494e-05]
[-5.624789134905939e-06, -1.8224860063309478e-05]
[-8.718679923525041e-06, -3.825267645862773e-06]
[1.5213274244862962e-05, 1.6657239991904604e-05]
[-2.1666745976534063e-05, 1.710943287053235e-05]
[5.531968201744064e-06, 2.0909211575881326e-05]
[6.520365006090767e-06, 6.683767321824519e-07]
[-1.2795217848138307e-05, -4.646331707269802e-06]
[1.9969507315531487e-05, -1.7135652278454927e-05]
[-6.567938804491469e-06, -2.3420550264940942e-05]
[-3.37360805513498e-07, -1.1665033008256831e-05]
[8.06848384815595e-06, 6.477456356679401e-06]
[-1.7198949033653266e-05, 1.6822362722272027e-05]
[7.739943204465582e-06, 2.41633439564716e-05]
[-3.1991879470005813e-06, 8.969344074460928e-06]
[-9.254737999508933e-06, 4.703711884657125e-06]
[1.6630767456615736e-05, -1.453057232470023e-05]
[-5.008289415138478e-06, -2.2472696417308313e-05]
[4.3730545078446426e-06, -1.8454973832682242e-05]
[3.962335764384761e-06, -5.448509598493523e-06]
[-1.0488967369215452e-05, 1.0821154794546373e-05]
[6.915137141849659e-06, 2.2716135667379123e-05]
[-7.821476962044382e-06, 1.6762805899322997e-05]
[-7.28762217094836e-06, 1.294788452937956e-05]
[1.1337035702940756e-05, -8.409740178239034e-06]
[-3.7295179565188796e-06, -1.6117656797765e-05]
[5.678325380897853e-06, -2.1848405241442492e-05]
[3.5801971879911854e-06, -1.5157227644668758e-05]
[-5.126367993601999e-06, 9.554370727360428e-07]
[5.3310116631677396e-06, 1.655839081393662e-05]
[-7.593732624933125e-06, 2.0689448033545978e-05]
[-6.565639470129669e-06, 1.817627101410868e-05]
[6.557803923668004e-06, 6.509643835084233e-08]
[-4.4997553779735355e-06, -6.908233679658871e-06]
[5.055360326661207e-06, -2.0766977976705014e-05]
[5.353073741047598e-06, -1.9745453490593867e-05]
[-2.9828300296963484e-06, -9.360833013838388e-06]
[5.023428077066683e-06, 7.468405480715035e-06]
[-4.837140048369326e-06, 1.897085781216168e-05]
[-6.068969789052581e-06, 1.9466813648630343e-05]
[3.89851233456584e-06, 8.613118364003691e-06]
[-7.417452943192515e-06, 2.050314763551997e-06]
[4.286405875686405e-06, -1.566495031313231e-05]
[6.653182442473149e-06, -1.852176505223735e-05]
[-3.7545477687694895e-06, -1.6774335120373074e-05]
[6.782482156242331e-06, -1.7377030967491436e-06]
[-2.499704775116296e-06, 1.2179776280873966e-05]
[-4.66380569180691e-06, 1.7084757652774396e-05]
[3.5349888704849786e-06, 1.4747030770860536e-05]
[-1.1147539769967851e-05, 8.363769806167543e-06]
[4.640191994587095e-06, -8.204017737822866e-06]
[5.332404696190007e-06, -1.303767365445907e-05]
[-5.573457368276968e-06, -1.9365626999112706e-05]
[9.841587027006882e-06, -8.407359219697597e-06]
[-2.6148159534278292e-06, 2.8627612161935545e-06]
[-1.6677395649478122e-06, 1.2287493240337177e-05]
[4.3264852612190374e-06, 1.6793813558936554e-05]
[-1.3770477229640976e-05, 1.1090065889972356e-05]
[6.416986455981544e-06, -5.557344394113706e-07]
[8.254179073574619e-07, -6.123440557281867e-06]
[-6.221862403898992e-06, -1.7211934986050004e-05]
[1.2373343964700023e-05, -1.1126674939410108e-05]
[-5.400595266352726e-06, -5.703085112274131e-06]
[2.7972766325490284e-06, 6.817490794341907e-06]
[4.530413270253941e-06, 1.4564581610698735e-05]
[-1.3760413925034687e-05, 1.0759401194049278e-05]
[8.952629667380307e-06, 5.371070814365331e-06]
[-5.652205049264114e-06, -4.973839221912579e-07]
[-4.300906256471393e-06, -1.2029665274859713e-05]
[1.2503452728684916e-05, -1.017572328820826e-05]
[-9.351656250863871e-06, -1.0961010398657933e-05]
[7.793319648584374e-06, 2.2647469368752837e-06]
[2.764253601794664e-06, 9.373941495249838e-06]
[-1.065058363741711e-05, 8.81234544536369e-06]
[1.100649189017533e-05, 8.509381436663799e-06]
[-1.1793353401623463e-05, 2.362362420807451e-06]
[1.6137542435679109e-07, -6.204250062952221e-06]
[9.316000757875198e-06, -7.190439054755027e-06]
[-1.2167543544494563e-05, -1.2046898100193104e-05]
[1.1905082099361586e-05, -4.706768361728564e-07]
[-1.2491676349424274e-06, 3.4120791780889448e-06]
[-5.161485369276075e-06, 6.8021023460485e-06]
[1.1343913095873681e-05, 8.85341134015949e-06]
[-1.534487409732277e-05, 2.6101914745446653e-06]
[5.840435299969693e-06, -1.723502713588121e-06]
[3.3555601517409883e-06, -4.245402908576237e-06]
[-1.1984155397881668e-05, -9.893374976976954e-06]
[1.380110273291324e-05, -1.4150202164442405e-06]
[-6.503343827332642e-06, -1.22680180569823e-06]
[1.169755919780413e-06, 5.728081953537689e-06]
[9.282310461267151e-06, 7.286674345352573e-06]
[-1.5120992196249183e-05, 1.6206456825429427e-06]
[1.080951587167922e-05, 5.214728994173967e-07]
[-3.59634869243064e-06, -2.833556958251049e-06]
[-8.290119942799823e-06, -6.52200535095071e-06]
[1.2790522237626778e-05, -1.3674080102665798e-06]
[-1.1166941431051125e-05, -3.4042355369079402e-06]
[6.62955583830005e-06, 5.737943552519553e-06]
[5.0013907397505886e-06, 5.116486812895005e-06]
[-1.1433973251540053e-05, 1.0817339187729758e-06]
[1.3410624763288137e-05, 8.443045715622599e-07]
[-9.327981566886745e-06, -3.234055754919307e-06]
[-2.1261196232885693e-06, -3.948394313023351e-06]
[9.136259638220512e-06, -1.4276239749463904e-06]
[-1.3442321153300796e-05, -3.2987022824393364e-06]
[9.94804841464303e-06, 6.241992964839405e-06]
[-4.907334685555487e-07, 3.5048376488822086e-06]
[-5.818109382417502e-06, 2.0860882224971178e-06]
[1.2906405111590136e-05, 3.4609223997783545e-07]
[-1.217160796651573e-05, -4.5361716199399105e-06]
[4.454640955831035e-06, -3.252291432880028e-06]
[3.979147274957295e-06, -2.416262195659158e-06]
[-1.2401570590847566e-05, -2.1327336267307206e-06]
[1.0671933297512481e-05, 6.317084278617546e-06]
[-5.71743479882425e-06, 3.01422997173173e-06]
[-2.610117859069838e-07, 4.6410908648431e-06]
[9.676344626785571e-06, 2.446746694140245e-07]
[-1.1675596481797168e-05, -5.250448505411676e-06]
[9.340043571948176e-06, -4.219825104234687e-06]
[-1.1053786239667573e-06, -4.4510893647820016e-06]
[-8.403119298450168e-06, -1.4366325462658591e-06]
[9.194473910650869e-06, 5.192342573855785e-06]
[-9.278648545052448e-06, 3.439417321338123e-06]
[3.651763633094607e-06, 7.765477069987536e-06]
[4.947789434994743e-06, 1.2759196053035993e-06]
[-8.681150090230141e-06, -4.16024340943455e-06]
[1.1247297747651874e-05, -5.648710982630867e-06]
[-4.729472591946671e-06, -6.875898728497809e-06]
[-2.907709992727714e-06, -2.2301281167973197e-06]
[6.485207698303519e-06, 2.616157221121962e-06]
[-1.0365702246106778e-05, 3.98259437031645e-06]
[5.292590593508617e-06, 1.0047516366712417e-05]
[2.4023971595399374e-07, 3.4032650277904253e-06]
[-4.814929438240467e-06, -9.782405437919195e-07]
[1.0152352264869435e-05, -6.088525417391466e-06]
[-6.219378671956655e-06, -8.575268440891293e-06]
[2.1938374190622056e-06, -4.520021901655014e-06]
[3.6586688023088065e-06, -1.0212672502118991e-06]
[-9.03803850887952e-06, 3.688937315912341e-06]
[5.052291993337676e-06, 1.0348047445835756e-05]
[-3.2169255603786695e-06, 5.905268653183526e-06]
[-1.683939265972878e-06, 3.498379580968436e-06]
[7.123591318727862e-06, -4.615513412797867e-06]
[-5.812702055383451e-06, -8.525295525529941e-06]
[5.403181204510776e-06, -7.335989232915008e-06]
[1.5555754410701006e-06, -4.831732973997749e-06]
[-6.148353758894665e-06, 1.947762692449534e-06]
[3.957626615647136e-06, 8.31164096471923e-06]
[-4.867555349563624e-06, 7.748889847808416e-06]
[-1.7442439986803393e-07, 7.773991280934922e-06]
[3.70957324163923e-06, -1.2759884500113117e-06]
[-4.445756478066443e-06, -6.315837895343179e-06]
[6.198033975252093e-06, -9.253812196297062e-06]
[4.835625525001497e-07, -7.76515995204452e-06]
[-2.9501388911779003e-06, -1.166854558004582e-06]
[3.08367513635055e-06, 4.482646325243422e-06]
[-4.900082229100655e-06, 8.05963986411258e-06]
[-1.702102201545097e-07, 1.0358329389406618e-05]
[1.211445133375566e-06, 2.9692206546250155e-06]
[-3.242841751738279e-06, -2.392165517450806e-06]
[5.125185217995376e-06, -9.123441414349287e-06]
[1.9447251370027785e-07, -9.002165290761255e-06]
[-5.597990545003206e-07, -4.873560484952577e-06]
[3.0500506950636996e-06, 2.5455562657761277e-08]
[-4.028591980884122e-06, 6.490882352359201e-06]
[-7.773972212493652e-07, 1.0431071104009815e-05]
[1.7740312868719244e-07, 6.717894882934949e-06]
[-2.9576924950314165e-06, 2.1010394671561183e-06]
[3.4002063254712223e-06, -6.638318485352457e-06]
[8.585860991616734e-08, -8.25425236161692e-06]
[4.895088485667998e-07, -7.993989234345023e-06]
[3.80661899154755e-06, -3.780710074563487e-06]
[-3.108288548991922e-06, 3.359244228728908e-06]
[-8.943189070964586e-07, 8.158968952592938e-06]
[3.104091513272955e-07, 8.756949442512846e-06]
[-3.633544042924708e-06, 5.7986022295244966e-06]
[2.2437255852714166e-06, -2.4817332495152833e-06]
[-4.668542676888876e-07, -5.860443266836324e-06]
[4.071632364599509e-07, -9.456857959388998e-06]
[4.756394756381954e-06, -6.0317797038189624e-06]
[-2.7529362959799464e-06, -4.845193018465643e-07]
[1.8134434676131406e-07, 4.547935176790752e-06]
[7.693235901384821e-07, 8.552738180057223e-06]
[-4.635136415853669e-06, 7.688108819649958e-06]
[2.2898761218859143e-06, 1.9946913374924158e-06]
[-1.7880365864031411e-06, -2.646149217883087e-06]
[-4.478542933727958e-08, -8.765051048298389e-06]
[5.111568026933133e-06, -6.475694777852148e-06]
[-3.1004118873356745e-06, -3.9800174890247675e-06]
[2.402428099207432e-06, 9.403527369000741e-07]
[6.719834817481285e-07, 6.4039099474388905e-06]
[-5.020998204263716e-06, 7.508343526474448e-06]
[3.340053814290811e-06, 5.380282769489389e-06]
[-3.724528739104671e-06, 3.986110102167928e-07]
[9.852250237862847e-09, -6.210492472458196e-06]
[4.296275161408403e-06, -5.4961607333647855e-06]
[-3.8027886937325173e-06, -6.24262895654315e-06]
[5.021506548727461e-06, -1.5788253410198294e-06]
[-4.529072429870773e-07, 3.2327834689205304e-06]
[-4.0600488739883644e-06, 5.794427237915123e-06]
[4.547698617851648e-06, 6.800009230065879e-06]
[-5.6895061942979774e-06, 2.492281500541399e-06]
[1.089691212707855e-06, -2.739340690227632e-06]
[2.2183634525996254e-06, -3.85394412211193e-06]
[-4.22711734707204e-06, -6.862139080299201e-06]
[6.9788405705761836e-06, -2.589440132316767e-06]
[-2.459555894479548e-06, 1.498969319779775e-07]
[-1.633235222370244e-06, 3.5653797147983113e-06]
[4.907487257344023e-06, 6.222972501884749e-06]
[-6.910777769597587e-06, 3.3341263007968802e-06]
[3.077855600094881e-06, 4.658277845299985e-07]
[-6.881576611050821e-07, -2.3246288429201734e-06]
[-3.7733267669870507e-06, -6.006571106831338e-06]
[7.415522912501693e-06, -2.3955901406469415e-06]
[-4.684490947950287e-06, -1.996256463687729e-06]
[1.6735049109886657e-06, 1.8196847224594137e-06]
[3.7886640610884648e-06, 4.369354660083147e-06]
[-6.776816770803773e-06, 3.1643310324791507e-06]
[5.267308838013962e-06, 2.4888860963093173e-06]
[-3.64255662224644e-06, -1.390656615469013e-06]
[-2.1732507863858608e-06, -4.3006486079022466e-06]
[6.061711715243945e-06, -1.7535882183283835e-06]
[-6.271357310072556e-06, -2.896600662216642e-06]
[4.821111504793585e-06, 1.087104869679223e-06]
[1.2539263309629956e-06, 2.2969784054804876e-06]
[-5.126916621966959e-06, 2.590767486432277e-06]
[6.700526316100186e-06, 3.0350275811164007e-06]
[-5.824884311778078e-06, -1.100569755746461e-06]
[3.5519881534662456e-07, -2.5361600262639727e-06]
[3.33329223596579e-06, -1.4340835517677453e-06]
[-6.555576717193201e-06, -2.79745844117274e-06]
[6.78180732488487e-06, 1.2439248079365584e-06]
[-1.9709372468881825e-06, 8.887732567686157e-07]
[-2.35230530760272e-06, 2.264261149909075e-06]
[6.633335915662286e-06, 2.4814559880237397e-06]
[-6.679631293748933e-06, -1.1279224840232693e-06]
[3.1648064745676274e-06, -1.3371325813006651e-06]
[1.209191331646986e-07, -1.8392455197278196e-06]
[-5.339849796393015e-06, -2.2870854578249666e-06]
[6.987270602998308e-06, 1.660052873692086e-06]
[-4.8357549307376235e-06, 4.856591342417005e-07]
[7.425184560816422e-07, 2.5528429946630737e-06]
[4.897076286813906e-06, 1.617046802737665e-06]
[-6.099648767660115e-06, -9.816236142823342e-07]
[5.424835539918904e-06, -9.196035195280228e-07]
[-2.6043044147328054e-06, -2.8434670742705226e-06]
[-2.9578774943389563e-06, -1.973524461428011e-06]
[5.550753738106651e-06, 1.5827573679703943e-06]
[-6.432330034888967e-06, 8.165637090939981e-07]
[3.2601087787687e-06, 3.3660657057232868e-06]
[1.98821674740092e-06, 1.2116226898450932e-06]
[-4.4306646453246e-06, -2.6706947509058665e-07]
[6.4527246621537415e-06, -1.0448349630487463e-06]
[-4.176930658683631e-06, -3.903754637768486e-06]
[-1.2189943114637725e-07, -2.2013212573803592e-06]
[3.172156584158037e-06, 5.542440495998058e-07]
[-6.365662449714371e-06, 1.2239803502955837e-06]
[4.569268408749494e-06, 4.2101824236639995e-06]
[-1.149732000466086e-06, 1.6296706157326035e-06]
[-2.3084375229687204e-06, 1.1124336851686678e-06]
[5.98941105248163e-06, -1.1807996192492176e-06]
[-4.450067121047896e-06, -4.358497044998355e-06]
[2.3640700237692602e-06, -2.9190105375331843e-06]
[7.902735351117407e-07, -1.3424909431070109e-06]
[-4.872174241207783e-06, 1.0475162971791685e-06]
[4.54118892374844e-06, 4.445447089093668e-06]
[-3.5395111518399247e-06, 2.670991405329115e-06]
[-4.017890474494745e-07, 2.8931215546590394e-06]
[4.298161382957147e-06, -7.945950730725571e-07]
[-3.766101712529557e-06, -3.7586550262203033e-06]
[3.900387209321288e-06, -3.734917696118778e-06]
[-8.392060451556382e-07, -3.5186338180892562e-06]
[-2.6573517325906293e-06, -2.9729473403905526e-08]
[3.557817097057936e-06, 3.6200644880132055e-06]
[-4.578505712837799e-06, 3.702129496685469e-06]
[8.345239224105683e-07, 4.5477905883384295e-06]
[2.043251821515213e-06, 3.607508430869544e-07]
[-2.7296436761747866e-06, -2.079539355603899e-06]
[4.282331909299941e-06, -4.119647179112729e-06]
[-1.4399945011123183e-06, -5.1622316376565e-06]
[-5.536813983408884e-07, -1.8288593667120656e-06]
[2.294880888542572e-06, 1.718571161379856e-06]
[-4.254316898183452e-06, 3.9990448989606076e-06]
[1.3019925152318867e-06, 5.499209157537599e-06]
[2.8675647412157446e-09, 2.0994410113717166e-06]
[-1.9057545492529027e-06, 2.6860482338353364e-07]
[3.7220652547905603e-06, -3.6596029338031855e-06]
[-1.2608342905284786e-06, -5.61928874742712e-06]
[8.318312433863717e-07, -3.7684971361806596e-06]
[1.387578896561159e-06, -7.959116785083431e-07]
[-3.080744754857534e-06, 3.124063724284712e-06]
[1.244924786814039e-06, 5.360597336172973e-06]
[-1.2544994279772848e-06, 3.865854440676664e-06]
[-1.5816376234822904e-06, 2.6167994870429645e-06]
[2.709058086913796e-06, -2.253595787982121e-06]
[-8.734479090832803e-07, -4.68761159716502e-06]
[1.3265180211496919e-06, -5.138759276213101e-06]
[1.1396926125062379e-06, -3.16620800533407e-06]
[-1.8039778076905932e-06, 1.1532788463525234e-06]
[1.0943436727361977e-06, 4.102854985268967e-06]
[-1.5848052487138498e-06, 4.978924552603847e-06]
[-1.6844664426640676e-06, 4.308447121952053e-06]
[1.7772590669706823e-06, -1.7417588343837664e-07]
[-8.414553768765209e-07, -2.6921463052720362e-06]
[1.18483846766812e-06, -5.416987086614977e-06]
[1.4115363772410072e-06, -4.663947923533307e-06]
[-1.0331085702475207e-06, -1.3476917615218298e-06]
[1.2406671351383736e-06, 2.0776354555662735e-06]
[-1.280571716215373e-06, 4.943757505235062e-06]
[-1.870150763819134e-06, 4.944534510738403e-06]
[1.2784639473739645e-06, 2.0272267313714565e-06]
[-1.4284907417505543e-06, -3.223453914902308e-07]
[8.958869328890007e-07, -4.48260480379048e-06]
[1.7321231073202936e-06, -4.897403896975128e-06]
[-9.73286478689328e-07, -3.5761389289290513e-06]
[1.836177746600276e-06, -1.1511040737266498e-07]
[-8.821221227917064e-07, 3.684063559369899e-06]
[-1.724570766664657e-06, 4.506497036621537e-06]
[1.2530658683035378e-06, 3.7294132149423564e-06]
[-2.47982911402711e-06, 1.6765238149522854e-06]
[9.130828101111543e-07, -2.6475448948737323e-06]
[1.571366412350672e-06, -3.961254155748772e-06]
[-1.3778276701584269e-06, -4.843127376086276e-06]
[2.715273002822094e-06, -1.8604365765173547e-06]
[-8.838086605622575e-07, 1.5863906568935882e-06]
[-9.791907105982656e-07, 3.320424209696249e-06]
[1.4461435972265568e-06, 4.478034005478589e-06]
[-3.5182348794501883e-06, 2.8074668482237775e-06]
[1.4339064488000375e-06, -5.067048220452897e-07]
[6.330076861849054e-07, -2.364132115045825e-06]
[-1.723257772395792e-06, -4.855348178900432e-06]
[3.4686266095623752e-06, -2.7635219775890008e-06]
[-1.4785687019458482e-06, -6.635085664230544e-07]
[3.521199894440663e-07, 1.8932383301084599e-06]
[1.4556687797373513e-06, 4.1530447591614505e-06]
[-3.991091934496538e-06, 2.9867798367888554e-06]
[2.3205642617485367e-06, 1.311672423027349e-06]
[-9.760609740033788e-07, -7.770907348228495e-07]
[-1.5058177896820624e-06, -3.804310695132429e-06]
[3.638040434850165e-06, -2.785642694902446e-06]
[-2.4623207195255403e-06, -2.3737759918818213e-06]
[1.9668731686198204e-06, 6.984080852534547e-07]
[9.444567279637273e-07, 2.999382899826486e-06]
[-3.541429100556437e-06, 2.5116347808773476e-06]
[3.1816125586614508e-06, 2.383094750877182e-06]
[-2.7792087746239535e-06, 2.712674332348841e-07]
[-5.088352182380795e-07, -2.23746228456001e-06]
[2.9427209017607314e-06, -2.223267387468919e-06]
[-3.3399109051202025e-06, -3.1312409705108735e-06]
[3.392917319308686e-06, 4.753549220914977e-10]
[-1.7922165951311797e-07, 1.5102898234253814e-06]
[-2.1759634017404217e-06, 1.8666058607674785e-06]
[3.5640396457425894e-06, 2.616620219872412e-06]
[-4.144331649885702e-06, 6.083633892900453e-07]
[1.083943946753041e-06, -7.878441848664652e-07]
[1.4314524506980897e-06, -1.5428896065518283e-06]
[-3.5761416276591795e-06, -2.9476035682818313e-06]
[4.177387176729219e-06, -2.1597465971190388e-07]
[-1.6938237637972864e-06, 2.1481130180189822e-07]
[-2.616018600840042e-07, 1.4736064138931582e-06]
[3.164060721011497e-06, 2.236874967587177e-06]
[-4.570869489489704e-06, 4.464938944126473e-07]
[2.7719920185353963e-06, 1.0333428736210987e-07]
[-5.122589675568556e-07, -1.1498460483127734e-06]
[-2.866865361050852e-06, -2.206097155038611e-06]
[4.065995390351018e-06, -1.9381700050447037e-07]
[-3.1416136350992385e-06, -5.381303763152268e-07]
[1.6348567981050444e-06, 1.5033290651778053e-06]
[1.9657858394139804e-06, 1.6419463357286723e-06]
[-3.911191287536697e-06, 2.2668705262907096e-07]
[3.9666293876750025e-06, 3.461345339794697e-07]
[-2.3174276551629625e-06, -1.1993065548027149e-06]
[-1.2987747793485882e-06, -1.4439691864605309e-06]
[3.1007526335724567e-06, -2.5858688980362476e-07]
[-4.018124261734313e-06, -7.056019571405336e-07]
[2.9810878583169664e-06, 1.8256545749051334e-06]
[2.543708542725176e-07, 1.2082007408986684e-06]
[-2.425479512603579e-06, 3.652270709753047e-07]
[4.25012213695064e-06, 1.839821277827003e-07]
[-3.459314287690418e-06, -1.536905230886676e-06]
[6.763360808209606e-07, -1.0819583524074132e-06]
[1.5993038856160213e-06, -6.478072052597695e-07]
[-3.9900769162881655e-06, -5.333823411002303e-07]
[3.48074393749509e-06, 2.106188639272588e-06]
[-1.4946552719385942e-06, 1.127295535752193e-06]
[-6.528357672230811e-07, 1.031225018099935e-06]
[3.5462950736253607e-06, 2.536479060122332e-08]
[-3.6728330244928387e-06, -1.7942499780931875e-06]
[2.4361630092395448e-06, -1.2315338743240645e-06]
[2.7273473451883135e-08, -1.3884932143631845e-06]
[-3.0434904530751705e-06, -4.0728191331648733e-07]
[3.1601982233564474e-06, 1.990721683529234e-06]
[-2.79859940449656e-06, 1.339923671739296e-06]
[8.31762351022336e-07, 2.060443217377639e-06]
[2.1336764602607194e-06, 2.1743474076796332e-07]
[-3.0483673455830584e-06, -1.5903304408926289e-06]
[3.4551648952774183e-06, -1.6668474459025084e-06]
[-1.182304989216787e-06, -2.2747080487550697e-06]
[-1.4942166868675555e-06, -6.448488697602395e-07]
[2.3160504130786963e-06, 1.286898359863578e-06]
[-3.3463583888337922e-06, 1.5865147594551487e-06]
[1.6564759417470043e-06, 3.0387800777909035e-06]
[5.083447668224883e-07, 8.707491801485112e-07]
[-1.968465799057073e-06, -7.39452320319689e-07]
[3.518087806325676e-06, -1.9650900047185615e-06]
[-1.7878238153801185e-06, -2.953978828601489e-06]
[1.4452385432850434e-07, -1.326474212415274e-06]
[1.3601479448843712e-06, 6.267923802205644e-08]
[-3.1017505455477323e-06, 1.5460505912896771e-06]
[1.7796850748375004e-06, 3.5059917695805243e-06]
[-8.309892800539842e-07, 1.8105036309612466e-06]
[-9.190150421223287e-07, 6.358097779934901e-07]
[2.784535649107134e-06, -1.7382348603822706e-06]
[-1.8115116351830052e-06, -3.0846182882404705e-06]
[1.3774156175927477e-06, -2.2458973883143774e-06]
[6.375882328490956e-07, -1.3753845014008448e-06]
[-2.2939028946553086e-06, 9.993727877084801e-07]
[1.457181463195012e-06, 3.176544288338058e-06]
[-1.5764467273526872e-06, 2.6656616511633313e-06]
[-2.666186373068147e-07, 2.1412153418387536e-06]
[1.6840242208215894e-06, -8.396236942376234e-07]
[-1.4977125698811822e-06, -2.4948419471426675e-06]
[1.926995519957453e-06, -3.003240381826977e-06]
[2.960896425541204e-07, -2.6067058542800225e-06]
[-1.303956195353173e-06, -5.4447087227682545e-08]
[1.0791094668116674e-06, 2.0731794159317696e-06]
[-1.7031694316688162e-06, 3.0450342896719274e-06]
[-1.0713818796026509e-07, 3.2788608012521148e-06]
[7.010002391338865e-07, 5.528471206384111e-07]
[-1.1784310995355263e-06, -1.272739371616094e-06]
[1.8281703630801394e-06, -3.195729091742816e-06]
[2.5548436985434186e-07, -3.2651554482954204e-06]
[-4.989560145329808e-07, -1.3787274872889554e-06]
[9.637166641096595e-07, 5.163707477717772e-07]
[-1.432176632707588e-06, 2.715741522402431e-06]
[-2.530458363403376e-07, 3.665614921291322e-06]
[1.563816371397131e-07, 2.011225772480252e-06]
[-1.1079092600840834e-06, 2.545373653239924e-07]
[1.3776156052719424e-06, -2.6147302653045656e-06]
[2.798056209646349e-07, -3.1792299707844585e-06]
[-8.391489195180846e-08, -2.5852004569837383e-06]
[1.2071829882664975e-06, -1.0168911939167913e-06]
[-1.09392314534551e-06, 1.7058889760779294e-06]
[-3.585769804692607e-07, 3.198455863079319e-06]
[8.613069804597195e-08, 3.0476631323432535e-06]
[-1.3415323887738806e-06, 1.6454180052430378e-06]
[9.670350887835966e-07, -1.3550659911376606e-06]
[1.1189830068092377e-07, -2.4286504889392546e-06]
[-3.366398766690981e-08, -3.2888539425734997e-06]
[1.6541364926681013e-06, -2.0931476111818448e-06]
[-9.615623100811543e-07, 2.9244922347682056e-07]
[-1.1575284583620338e-07, 2.0908795541341174e-06]
[2.6472984195405336e-07, 3.3265101938983067e-06]
[-1.7141384358321243e-06, 2.5187742460515677e-06]
[8.831342773740758e-07, 2.1506121924974586e-07]
[-3.9195249645906927e-07, -1.2997411984461138e-06]
[-1.3094206917363405e-07, -3.2652647680153635e-06]
[1.9922575244524232e-06, -2.488812763712378e-06]
[-1.1286250219677552e-06, -1.1129245958141354e-06]
[5.769926913756773e-07, 7.677130219319039e-07]
[3.5037375190061226e-07, 2.8002162818785425e-06]
[-1.9270785239777766e-06, 2.702022273946836e-06]
[1.1705095100678076e-06, 1.608547173407443e-06]
[-1.185372430281828e-06, -1.6358656579340547e-07]
[-9.069115408655293e-08, -2.542483661605033e-06]
[1.917201247730871e-06, -2.2532051606738435e-06]
[-1.4797185532641755e-06, -2.1259709401255655e-06]
[1.55465981870051e-06, -3.273495504108048e-07]
[7.392507442305352e-08, 1.71235303364492e-06]
[-1.7026655842466987e-06, 2.286959435382485e-06]
[1.6206889689937554e-06, 2.4247783514405943e-06]
[-2.0437761018288203e-06, 6.697221904526391e-07]
[2.8743781840812055e-07, -1.387436420918764e-06]
[1.2865787935301132e-06, -1.650637553723966e-06]
[-1.7591873265054847e-06, -2.5302773897784014e-06]
[2.4595671622440474e-06, -9.18741485000929e-07]
[-6.20533878170626e-07, 4.7558986132623104e-07]
[-9.326107417162444e-07, 1.5696858589597795e-06]
[1.8881299846396082e-06, 2.5101420668832697e-06]
[-2.657134562683572e-06, 1.0608859877248022e-06]
[1.0089163938881152e-06, -1.9276816103433458e-07]
[1.9339331001899662e-07, -1.0187069215752964e-06]
[-1.7010252993387986e-06, -2.3409233522730943e-06]
[2.9094318692302057e-06, -9.95138181802968e-07]
[-1.546141757104158e-06, -5.117153690226139e-07]
[2.5075267445079374e-07, 9.041951896660017e-07]
[1.6729303791984673e-06, 2.0016936156941334e-06]
[-2.762508155534915e-06, 1.0728751823063654e-06]
[1.86794927908851e-06, 6.859153249866475e-07]
[-1.0690379166587716e-06, -6.128605275621717e-07]
[-1.1602296555723868e-06, -1.7714451534533993e-06]
[2.67643406950957e-06, -7.766702534994785e-07]
[-2.361314115864599e-06, -1.0243779876017989e-06]
[1.5156428845308767e-06, 5.388341914880357e-07]
[8.797949655747761e-07, 1.2392941460825924e-06]
[-2.259409706412141e-06, 9.155053559695148e-07]
[2.533439735163956e-06, 1.0703084626639825e-06]
[-2.1285374238733112e-06, -5.062317043891262e-07]
[-1.8879154212170235e-07, -1.1247966949720634e-06]
[1.7924396054080916e-06, -5.779213190712507e-07]
[-2.7276709642087837e-06, -1.0772341216269687e-06]
[2.466522837418772e-06, 5.118454815544737e-07]
[-3.2297673328157694e-07, 5.936926600336179e-07]
[-1.2588634137472576e-06, 8.308487602914916e-07]
[2.6984353166947805e-06, 1.0154413220830882e-06]
[-2.6839653401444785e-06, -5.827933498570026e-07]
[9.745727809935822e-07, -6.583796024708282e-07]
[5.34243732568801e-07, -6.386867174336397e-07]
[-2.4619425273986195e-06, -8.795740157607757e-07]
[2.8116175263270815e-06, 6.53094256175546e-07]
[-1.5704602276123136e-06, 2.951099756787201e-07]
[-4.514991543136393e-08, 9.714176081865311e-07]
[2.2241148305846004e-06, 7.585153660727428e-07]
[-2.618113875196837e-06, -6.176833921012204e-07]
[1.9947397974229286e-06, -4.807154666483515e-07]
[-6.990081294899753e-07, -1.0048233301460097e-06]
[-1.614310084205317e-06, -7.085363458100846e-07]
[2.4845927842215287e-06, 6.877910888186678e-07]
[-2.4592574265347444e-06, 3.421970571904076e-07]
[1.0337865186393902e-06, 1.3251905144895382e-06]
[1.211157380262562e-06, 5.870931550910896e-07]
[-2.0291462822993878e-06, -4.014307420363572e-07]
[2.5712801845489963e-06, -5.212055378400748e-07]
[-1.5549244400114848e-06, -1.5124221655338221e-06]
[-4.4331575127509737e-07, -7.657712720744291e-07]
[1.6648263228766225e-06, 3.893448963848342e-07]
[-2.7203579923418264e-06, 5.289473832548186e-07]
[1.7008096442339138e-06, 1.7205174036305504e-06]
[-3.534153898698822e-08, 6.903548969150464e-07]
[-1.173833016052117e-06, 1.5032317318697253e-07]
[2.5550535680540776e-06, -5.820755979990544e-07]
[-1.8647237126634408e-06, -1.8763914390040881e-06]
[6.950031935099021e-07, -1.0830893363983352e-06]
[6.89028858441576e-07, -2.9410571682209063e-07]
[-2.3266138478306164e-06, 5.69292748324457e-07]
[1.851655581114331e-06, 1.9083604243519403e-06]
[-1.1317634876217841e-06, 1.0642395251170278e-06]
[-3.5290459085568493e-07, 9.491210573031594e-07]
[2.0020273945320355e-06, -4.464981611662644e-07]
[-1.6892151364703012e-06, -1.8354841223588991e-06]
[1.4904942128302068e-06, -1.51527258709927e-06]
[-1.0199065320071199e-07, -1.2008176923372638e-06]
[-1.4889822123175661e-06, 2.5407193982311845e-07]
[1.5813083617463586e-06, 1.6844484447746475e-06]
[-1.7747743764617852e-06, 1.5148206353454707e-06]
[2.0985429638464836e-07, 1.765683351723224e-06]
[1.142970140408095e-06, 6.6268578957640045e-09]
[-1.2608881117884274e-06, -1.282550581127584e-06]
[1.7920415414096613e-06, -1.8166334193603362e-06]
[-5.084838339275422e-07, -2.022148097746701e-06]
[-5.495400055149924e-07, -4.3651302367858635e-07]
[1.1246979498419352e-06, 9.952901547788384e-07]
[-1.8602995668082212e-06, 1.7568542104440255e-06]
[4.4471790602851335e-07, 2.3244430888205714e-06]
[2.833282610748e-07, 7.32986684237602e-07]
[-8.571119473055333e-07, -3.201877025182931e-07]
[1.64584676056595e-06, -1.761569504765692e-06]
[-5.422220966944113e-07, -2.4416264239324192e-06]
[1.7379710637310808e-07, -1.3164744987470556e-06]
[7.39874700395049e-07, -2.1517893078470962e-08]
[-1.5095242496335204e-06, 1.5588808649189033e-06]
[4.4107834490207665e-07, 2.4181395892699555e-06]
[-3.228895481821592e-07, 1.529946386163994e-06]
[-6.676095933022541e-07, 7.799969360122727e-07]
[1.2494806754664856e-06, -1.2532289642153138e-06]
[-3.934363078245129e-07, -2.279219820211509e-06]
[5.174732879698052e-07, -2.0771472668545954e-06]
[5.876025038487054e-07, -1.0829001689249829e-06]
[-9.932439848231445e-07, 8.644687541359275e-07]
[3.838736274131005e-07, 1.9936043937976433e-06]
[-5.706766452590051e-07, 2.1180723263208856e-06]
[-7.165284508503511e-07, 1.6911822301804436e-06]
[8.483957329996628e-07, -3.733301374431175e-07]
[-3.155834148726999e-07, -1.5727478272498097e-06]
[5.207426860276421e-07, -2.4266595781696765e-06]
[6.626065913589718e-07, -1.8727801466833505e-06]
[-5.936613535761914e-07, -1.6858670279229493e-07]
[4.5308212806571824e-07, 1.1737409934819976e-06]
[-5.314877973730363e-07, 2.26137829670433e-06]
[-8.696105336276905e-07, 2.163780088797608e-06]
[6.234035005436844e-07, 6.458347536764109e-07]
[-4.873011045514186e-07, -5.600253344673067e-07]
[3.7729909627137737e-07, -2.2189789356530376e-06]
[8.074394821505626e-07, -2.171266985317999e-06]
[-4.708531603503374e-07, -1.2293723543610469e-06]
[7.317951976060222e-07, 2.0820850801794855e-07]
[-4.004378750532833e-07, 1.8726773260702156e-06]
[-9.160468199542748e-07, 2.117814845797872e-06]
[6.175589758461442e-07, 1.5123106424028143e-06]
[-9.190021742905286e-07, 4.2687969775689893e-07]
[3.2039278874407273e-07, -1.5144756626284117e-06]
[8.010512227429878e-07, -1.942195405807423e-06]
[-5.965518058842489e-07, -1.985617012145724e-06]
[1.1628693992044026e-06, -6.250783490813205e-07]
[-3.89196361083588e-07, 1.0563785677042414e-06]
[-6.819036612593088e-07, 1.6585191278950528e-06]
[7.308209735400195e-07, 1.987932339984032e-06]
[-1.4471303273247936e-06, 1.1033784874847543e-06]
[4.997341467027905e-07, -5.486066644022625e-07]
[4.788419056267479e-07, -1.3396493764861184e-06]
[-7.836079328193968e-07, -2.2237072474506903e-06]
[1.5721993330622408e-06, -1.1257698513955638e-06]
[-6.150964152185079e-07, 6.875369834569156e-08]
[-1.2127294082842077e-07, 1.0146204559302596e-06]
[7.804498089736267e-07, 1.976580424986607e-06]
[-1.8153141053411925e-06, 1.3439390251779315e-06]
[9.076967990850893e-07, 3.719299529192366e-07]
[-1.7392191249687716e-07, -6.316301057185392e-07]
[-7.92834903146078e-07, -1.9323331922060927e-06]
[1.7475507697595205e-06, -1.2402748454654056e-06]
[-1.0385108643456986e-06, -7.870832950951367e-07]
[6.548181299831368e-07, 4.320531160617591e-07]
[5.973494274780222e-07, 1.5520587454687096e-06]
[-1.8003446157210945e-06, 1.2148493201136201e-06]
[1.3855060841364182e-06, 9.95401202438296e-07]
[-1.0006625787255252e-06, -7.742365978273113e-08]
[-4.626700692844654e-07, -1.2935687977166932e-06]
[1.53776394676286e-06, -1.0666509233092647e-06]
[-1.477961726573107e-06, -1.284483599706121e-06]
[1.4215164995112772e-06, 7.207382202167878e-08]
[1.1453390078020043e-07, 9.167641474572275e-07]
[-1.321579105401094e-06, 9.187714462288721e-07]
[1.7015590167146488e-06, 1.2173994969888469e-06]
[-1.7348971366459853e-06, 1.8380517834842847e-07]
[2.017776859764009e-07, -5.896680607270222e-07]
[9.281427293394984e-07, -7.953418711681426e-07]
[-1.6959106348968245e-06, -1.3595360195128858e-06]
[1.9330543736539862e-06, -4.333969128023085e-08]
[-5.913159629861164e-07, 3.1124096117052247e-07]
[-4.829703118686135e-07, 6.829964236954034e-07]
[1.662052493661692e-06, 1.1024427978290063e-06]
[-2.1157816243455585e-06, 1.8210167131160748e-07]
[1.0220053134838564e-06, -7.259637544213514e-08]
[5.797473740963219e-08, -6.135738113861042e-07]
[-1.5147374023138926e-06, -1.1222746773287273e-06]
[2.023213246465927e-06, -1.9684842034184413e-08]
[-1.3232254882228345e-06, -8.559724196111063e-08]
[4.692739430309234e-07, 6.471569494181928e-07]
[1.2023360730917254e-06, 8.31764607189811e-07]
[-2.0034240744981613e-06, 8.298151146779453e-08]
[1.7227771464539687e-06, 1.418156515692326e-07]
[-8.286840449123201e-07, -6.167945967236466e-07]
[-9.079281935858718e-07, -7.89807380364993e-07]
[1.6704083592722352e-06, -2.242813425951118e-08]
[-1.842007807340007e-06, -2.2315858275168132e-07]
[1.2506351134838889e-06, 8.025416347035019e-07]
[4.192881949763305e-07, 6.065407479050045e-07]
[-1.440115759268612e-06, 9.014112517524708e-08]
[2.0538319151497397e-06, 1.0810400982719237e-07]
[-1.478333616466987e-06, -7.670183368585493e-07]
[-2.3000408390372318e-08, -5.746336352597517e-07]
[1.0018084119003956e-06, -1.874494289625956e-07]
[-1.9652063289465893e-06, -1.8560045264570668e-07]
[1.6542283097498167e-06, 1.007643016220916e-06]
[-4.666932941696511e-07, 5.526522176557691e-07]
[-6.298016411027119e-07, 3.336392433439528e-07]
[1.898760673635369e-06, 2.8812646435394385e-09]
[-1.7280599872993019e-06, -9.165399789679007e-07]
[8.751570898524186e-07, -5.817574453143015e-07]
[2.3771968792052345e-07, -5.502472867936758e-07]
[-1.6439871598911138e-06, -1.3742484169382285e-07]
[1.6267405110043098e-06, 1.0676101662790427e-06]
[-1.2003995111531385e-06, 6.686331931182732e-07]
[1.5302781065928972e-07, 7.981511786769868e-07]
[1.3216902216839355e-06, 2.2228974272398005e-08]
[-1.566373934294707e-06, -8.855164301269092e-07]
[1.5143801660733036e-06, -7.629513657514408e-07]
[-3.9788767061677e-07, -1.0243296943573954e-06]
[-9.845135834941898e-07, -2.3431818444667046e-07]
[1.273744994872636e-06, 8.36596284562298e-07]
[-1.5911367942100796e-06, 8.3649486781745e-07]
[6.811655694216601e-07, 1.3251667496383401e-06]
[5.334308451621084e-07, 2.765819516747925e-07]
[-1.1283025114910972e-06, -5.56891230130141e-07]
[1.727745295748706e-06, -9.48374258874507e-07]
[-7.622162748188721e-07, -1.4367002489079628e-06]
[-2.04420331800792e-07, -5.404757799538917e-07]
[7.974158531820486e-07, 2.941088542880721e-07]
[-1.5806184635314136e-06, 8.864576220776743e-07]
[8.643697732291233e-07, 1.6866031688766991e-06]
[-2.0351590973577416e-07, 7.329285893753479e-07]
[-6.278279551380495e-07, 5.6271077186753615e-08]
[1.5170154844534878e-06, -9.384023442193801e-07]
[-8.391800972035179e-07, -1.603589517285009e-06]
[4.565861194683052e-07, -9.90547290899424e-07]
[3.993974066196504e-07, -4.386316112409139e-07]
[-1.2531797789552823e-06, 6.838627252779561e-07]
[7.712963013151858e-07, 1.6931722136901252e-06]
[-6.851578071842557e-07, 1.229143720304915e-06]
[-2.592382205013344e-07, 8.03528039633461e-07]
[1.0394051084758327e-06, -6.100394738806081e-07]
[-7.289070265495412e-07, -1.4127954254816721e-06]
[8.327402721830524e-07, -1.414078001110708e-06]
[1.9437971648939012e-07, -1.1471530942386288e-06]
[-7.877553502150247e-07, 1.9872192137324052e-07]
[5.774538019559516e-07, 1.2852705234267514e-06]
[-8.416406965527923e-07, 1.550364594815612e-06]
[-1.1295791049747983e-07, 1.4545234731030976e-06]
[5.264832960705235e-07, 1.3837769735625116e-08]
[-5.886415967160108e-07, -8.767844345003439e-07]
[8.927267741570821e-07, -1.6117351189226525e-06]
[1.7151364158085602e-07, -1.612600823375221e-06]
[-3.753456603583505e-07, -4.723003842049822e-07]
[4.67847280943845e-07, 5.639487727637782e-07]
[-7.475433653827968e-07, 1.529287567145557e-06]
[-1.442305284492934e-07, 1.795467493937732e-06]
[1.7538058821875424e-07, 7.653755323133726e-07]
[-5.528113007913227e-07, -1.3362344575273966e-07]
[7.386811004053695e-07, -1.4485718444756657e-06]
[2.1669080547612185e-07, -1.7002506314534038e-06]
[-1.387234626337719e-07, -1.1401102861519075e-06]
[5.427558045223435e-07, -2.509770371805775e-07]
[-5.676176062785476e-07, 1.1234591549107165e-06]
[-2.0783380751121516e-07, 1.7204173560214642e-06]
[6.390226206520744e-08, 1.4016710089895246e-06]
[-6.681614333481356e-07, 6.047215508342418e-07]
[5.457080133469683e-07, -9.212408243752801e-07]
[1.8084722830380429e-07, -1.4095736433905603e-06]
[-8.820969850387161e-08, -1.597987271562129e-06]
[7.710745623945581e-07, -9.142090854896701e-07]
[-4.6759363889203875e-07, 4.3567469887317856e-07]
[-1.4069602272126502e-07, 1.2753828315115179e-06]
[1.278235516426196e-07, 1.7099411282121661e-06]
[-8.72535151498488e-07, 1.1346419778836877e-06]
[4.711361885068044e-07, -1.6758162221797157e-07]
[-3.972781700833927e-08, -8.667350244739858e-07]
[-1.30468639329695e-07, -1.7044855020742489e-06]
[1.0109127087307157e-06, -1.2553586997143817e-06]
[-5.33042173553322e-07, -3.2901557897591083e-07]
[1.4825187116818128e-07, 6.353237109735232e-07]
[2.077179796639017e-07, 1.5984168389437947e-06]
[-1.0262381718445512e-06, 1.338556086770415e-06]
[5.764369035293759e-07, 5.866580839036795e-07]
[-4.4802538713695217e-07, -2.662086675958575e-07]
[-1.2393334375415677e-07, -1.4391923609247126e-06]
[1.0844376320123805e-06, -1.2410540103369172e-06]
[-7.324445825684922e-07, -9.477872305874158e-07]
[6.246388475766862e-07, 2.5483590071484485e-08]
[1.395206364052104e-07, 1.1316088310148187e-06]
[-9.813861562291137e-07, 1.224936230281859e-06]
[7.984109283327989e-07, 1.1201766750847347e-06]
[-9.3959031264787e-07, 2.107157015945058e-07]
[4.5449306429468095e-08, -9.082138841681742e-07]
[8.690981754266858e-07, -9.733298899639031e-07]
[-9.382352324782683e-07, -1.2673381189487465e-06]
[1.1373740022441181e-06, -3.7577642175712356e-07]
[-1.5651443198427817e-07, 4.958791992859535e-07]
[-6.574502472711519e-07, 9.141482055496919e-07]
[9.82717283576351e-07, 1.3056557415930259e-06]
[-1.3455976200504871e-06, 4.6489133260704807e-07]
[4.027182950033792e-07, -2.9793236091396613e-07]
[3.6153646695846753e-07, -6.293729066242371e-07]
[-9.927745663190768e-07, -1.2566507755495948e-06]
[1.4852106421658906e-06, -5.07645094627307e-07]
[-6.310560637240448e-07, -8.600756368215556e-08]
[-8.810270087089567e-08, 5.774390617885317e-07]
[9.631462276893377e-07, 1.1560406752431085e-06]
[-1.5052512951918562e-06, 5.077500132982804e-07]
[8.644487103082188e-07, 2.0237722180070725e-07]
[-3.1471196021079506e-07, -3.739759484596523e-07]
[-7.870653803421224e-07, -1.0052729446097253e-06]
[1.5092056463994474e-06, -4.3959866222187394e-07]
[-1.125016347656993e-06, -4.501424523684072e-07]
[5.829172961477336e-07, 3.571566225546441e-07]
[6.483167829807179e-07, 8.075169622701051e-07]
[-1.3352776883357453e-06, 4.401044083890415e-07]
[1.2703333899799496e-06, 4.754286580151146e-07]
[-9.593550270581286e-07, -2.862845548019799e-07]
[-3.162594025829524e-07, -6.718799870908398e-07]
[1.1671427264381418e-06, -3.229097690418681e-07]
[-1.441830115647691e-06, -5.530468821790535e-07]
[1.156233889187952e-06, 3.045053030281686e-07]
[7.407449492680129e-08, 4.4878798183267676e-07]
[-8.667130423911651e-07, 3.9375730148671906e-07]
[1.4519969718379544e-06, 5.162035724148861e-07]
[-1.378521221784279e-06, -3.3300284096871025e-07]
[3.1192945504354697e-07, -4.087675911753274e-07]
[5.55145235520832e-07, -3.065809260410432e-07]
[-1.4372629766890022e-06, -4.740342431780453e-07]
[1.457852296465889e-06, 3.6289326935112776e-07]
[-6.036421512992107e-07, 2.3104760044079242e-07]
[-2.3401724882909924e-07, 4.635196532154495e-07]
[1.308433928690067e-06, 4.2108364034509904e-07]
[-1.4626202257117527e-06, -3.9685911482068015e-07]
[9.181850014194914e-07, -2.964112158082566e-07]
[-1.3281355325245325e-07, -4.5927462205899716e-07]
[-1.0847021866405848e-06, -3.615230736025987e-07]
[1.4105675450598598e-06, 4.037422880395769e-07]
[-1.1723105986238824e-06, 2.012143729135385e-07]
[3.7790914760027494e-07, 6.600761235653341e-07]
[8.541444670370768e-07, 3.3214614508780826e-07]
[-1.225078300956528e-06, -3.434257840051469e-07]
[1.322860592845032e-06, -3.156489767758286e-07]
[-6.875519645843653e-07, -7.344621396898621e-07]
[-4.870411472526759e-07, -3.5195648058017424e-07]
[1.0636118599471889e-06, 2.9715383224708514e-07]
[-1.452942786306366e-06, 2.88875264362054e-07]
[8.056753308949283e-07, 9.039947068412157e-07]
[2.1791719297115097e-07, 3.6299680322704475e-07]
[-7.874619517185544e-07, -9.31081414745627e-08]
[1.416381447377768e-06, -3.6719725107769996e-07]
[-9.705358767486683e-07, -9.94107582141801e-07]
[1.6804313132667836e-07, -5.007079334623521e-07]
[5.673549087342744e-07, -1.6544161866860474e-08]
[-1.3749135632512566e-06, 3.5109574471337e-07]
[9.677928900914123e-07, 1.062704987266072e-06]
[-4.07804620336516e-07, 5.407171487226137e-07]
[-3.2090706503229427e-07, 3.3515038069809044e-07]
[1.1992096525109686e-06, -3.272694555633837e-07]
[-9.639570278663356e-07, -1.0777886380597401e-06]
[6.8695009358688e-07, -7.563523121700833e-07]
[1.0507778366863896e-07, -4.888061868324467e-07]
[-1.0014883301268096e-06, 2.5162751117566596e-07]
[8.885968386281029e-07, 1.0134024508359069e-06]
[-8.44751299022839e-07, 7.909514101456239e-07]
[2.789778706657753e-08, 8.272327178260319e-07]
[7.757574633157627e-07, -1.1295318252946274e-07]
[-7.642346337086159e-07, -8.829928520581731e-07]
[9.467251806116739e-07, -9.878678918495698e-07]
[-1.864914006832752e-07, -9.770478145154637e-07]
[-4.95789937854374e-07, -6.468803572315385e-08]
[6.768469676676769e-07, 7.035524082644323e-07]
[-9.99236433332773e-07, 9.731004726731829e-07]
[1.9323665499670906e-07, 1.2210494654274484e-06]
[3.065657313422454e-07, 2.722650764008794e-07]
[-5.252462632054922e-07, -4.1817135612576273e-07]
[9.3617762007836e-07, -1.0495719559300287e-06]
[-2.713815787924734e-07, -1.3048932495651755e-06]
[-4.4878343236076645e-08, -5.381580284735676e-07]
[4.6979944419434094e-07, 1.817367309836504e-07]
[-8.939055990454803e-07, 9.491524502056514e-07]
[2.0640003210378732e-07, 1.3751425509823771e-06]
[-5.953563309013532e-08, 7.329642951331428e-07]
[-3.8046638872746286e-07, 1.9577395179992685e-07]
[7.462106534524005e-07, -8.522731282378793e-07]
[-2.1917026995707523e-07, -1.3405084763329356e-06]
[2.2162843070494542e-07, -1.0166440795322806e-06]
[3.683353854144755e-07, -4.154283264612424e-07]
[-6.473504396489749e-07, 6.537568725435705e-07]
[1.673900705267961e-07, 1.2279951732800665e-06]
[-2.4384683648681627e-07, 1.118535341716742e-06]
[-3.8131184107448313e-07, 7.750057207656091e-07]
[5.174174949745813e-07, -4.079799323097877e-07]
[-1.5982243534162777e-07, -1.0564320991335308e-06]
[2.8096252158160695e-07, -1.3226030795010502e-06]
[3.9227765051552677e-07, -9.152305968651575e-07]
[-4.121415931451766e-07, 1.3230785193829586e-07]
[1.8794634043528546e-07, 8.228174757651807e-07]
[-2.6230159358431315e-07, 1.2859964160128086e-06]
[-4.793480473767875e-07, 1.1491948399299824e-06]
[3.71190156500667e-07, 1.7101516028295016e-07]
[-2.1160861043978407e-07, -5.430849551457673e-07]
[2.1377258152543988e-07, -1.332499001055476e-06]
[4.756826765921207e-07, -1.1773007264626045e-06]
[-3.0090906739943524e-07, -4.714058300936408e-07]
[3.330200365192493e-07, 2.8852340117069275e-07]
[-2.0684256483299857e-07, 1.161351398718674e-06]
[-5.580709264915718e-07, 1.2295593025176549e-06]
[3.5596839526030877e-07, 7.167262411275632e-07]
[-4.1742293299673605e-07, 2.998094351946978e-08]
[1.525757173104214e-07, -1.0314916825127085e-06]
[5.036795064222721e-07, -1.1486701854968029e-06]
[-3.3521809138237213e-07, -9.728672023257001e-07]
[5.869757044307811e-07, -2.133644783075539e-07]
[-1.9345559765238107e-07, 7.726271186447864e-07]
[-4.966390965560619e-07, 1.0386961209335466e-06]
[4.314264566221415e-07, 1.0727852892506926e-06]
[-7.200809910672124e-07, 4.865879414638064e-07]
[2.0902095576591506e-07, -5.190165213025955e-07]
[3.734079085382369e-07, -8.813342033120453e-07]
[-4.407293768167453e-07, -1.2234881759110028e-06]
[8.587411584829591e-07, -5.522154780668309e-07]
[-3.01178752257214e-07, 2.400719270878593e-07]
[-2.3406448679264003e-07, 6.912075741494217e-07]
[4.952188388113177e-07, 1.1547412979602545e-06]
[-9.87933459734025e-07, 7.163520776582583e-07]
[4.1542909313962983e-07, 3.560560092596976e-08]
[5.040134856693079e-08, -5.048901370804937e-07]
[-4.898700744354612e-07, -1.1711362751798404e-06]
[1.0225608802899577e-06, -6.75229554936152e-07]
[-5.301380407995993e-07, -2.7227915003202874e-07]
[1.962328225885157e-07, 3.3679283525933634e-07]
[4.3789231431168307e-07, 9.781474701181514e-07]
[-1.0778447335768604e-06, 7.140914607267623e-07]
[7.076431417438189e-07, 4.655286673807633e-07]
[-4.063606200734038e-07, -1.6701436998580593e-07]
[-3.706246897439147e-07, -8.771827159359535e-07]
[9.755803229982707e-07, -6.190238741043963e-07]
[-7.979150502580856e-07, -6.225169397189312e-07]
[6.765268391207419e-07, 9.34690080889311e-08]
[1.999374767275297e-07, 6.442780594029252e-07]
[-9.049746724915098e-07, 5.696797939491738e-07]
[9.556318502287886e-07, 6.730936438058971e-07]
[-8.631953902563105e-07, 3.0964672761632506e-08]
[-4.787705215614224e-08, -4.832792569534061e-07]
[6.865846158277122e-07, -4.828269943440988e-07]
[-9.76096202892629e-07, -7.454267834106076e-07]
[1.053540721274171e-06, 1.12959075426744e-09]
[-1.9480207730931953e-07, 2.9183150321299145e-07]
[-4.861273703998803e-07, 4.154723962923601e-07]
[1.025761073289444e-06, 6.61652501662835e-07]
[-1.166424545770428e-06, 7.411321242822844e-08]
[4.122998002870082e-07, -1.445257847496051e-07]
[2.1446623584345237e-07, -3.7671351563834873e-07]
[-9.504301244495084e-07, -6.720425918121942e-07]
[1.2027346984327947e-06, 1.4529126624029942e-08]
[-6.438059881146152e-07, 3.69532014432572e-08]
[6.342451886950928e-08, 3.5795150254980257e-07]
[8.447065907302154e-07, 5.207110288230066e-07]
[-1.208330107471678e-06, 3.179588470292316e-08]
[8.669910134331826e-07, 3.913087958003214e-08]
[-3.11666114909126e-07, -3.6857992642518045e-07]
[-6.769692775104863e-07, -5.063254765319547e-07]
[1.0792010245314065e-06, 3.5920382522591776e-08]
[-1.0060297466057966e-06, -7.227205930937508e-08]
[5.774642754391435e-07, 4.2649796375138216e-07]
[4.3554028988923577e-07, 3.743492945351701e-07]
[-9.741498003534854e-07, 1.547119768408045e-08]
[1.1577611777613406e-06, 6.157818795149428e-08]
[-7.421903186199952e-07, -4.5342918343627137e-07]
[-2.0806912756285434e-07, -3.7052724354480135e-07]
[7.335645326282669e-07, -3.012193594206791e-08]
[-1.159611239601177e-06, -6.814646590080908e-08]
[9.07975646502468e-07, 5.627216017600745e-07]
[-8.952424720293228e-08, 3.1877256398415987e-07]
[-5.485049586885331e-07, 1.1722383039258766e-07]
[1.1799839459980532e-06, 2.68247360435403e-09]
[-9.651160616519494e-07, -5.582089822042668e-07]
[3.2432881037075534e-07, -3.449800260700575e-07]
[2.8765132976948937e-07, -2.2596246061247494e-07]
[-1.052018434213875e-06, -3.887202755514796e-08]
[9.839636172792599e-07, 6.536689605499135e-07]
[-5.75035448702188e-07, 3.7806966127207353e-07]
[-7.841645999207003e-08, 3.5880498899798496e-07]
[9.279656388375135e-07, -2.0261765321105685e-08]
[-9.477674944996517e-07, -5.794544445936189e-07]
[7.611747960267756e-07, -4.303932401999999e-07]
[-1.176509861755548e-07, -5.171987797897293e-07]
[-7.212318931110184e-07, -7.970987449344019e-08]
[8.339990342984271e-07, 5.914017492609017e-07]
[-8.851869751080876e-07, 4.971979227219592e-07]
[2.898431742670571e-07, 6.757373625099206e-07]
[4.956423797150555e-07, 8.304078882859223e-08]
[-7.443883939558908e-07, -4.362747067498951e-07]
[9.810912334762278e-07, -5.500393742141618e-07]
[-3.7867972632610325e-07, -8.057429491392654e-07]
[-2.793151434588026e-07, -2.425193606856585e-07]
[5.642736225081046e-07, 3.2972050440470413e-07]
[-9.556380306807721e-07, 5.732667604507746e-07]
[4.7089721876003576e-07, 9.441729994161263e-07]
[3.376675651589611e-08, 3.27012385170633e-07]
[-4.6704179057499573e-07, -1.142577039092707e-07]
[9.482598162316447e-07, -5.903725456002373e-07]
[-4.653576378410573e-07, -9.727282483662503e-07]
[1.340289331880351e-07, -5.06624836915659e-07]
[3.0462208414072656e-07, -8.873881635756975e-08]
[-8.125963612964915e-07, 5.088746476309899e-07]
[4.701285607963679e-07, 1.0377479165617556e-06]
[-3.154849044784136e-07, 6.398513068134326e-07]
[-2.3333518953116972e-07, 3.201917161965717e-07]
[7.220278963014637e-07, -4.604565121690829e-07]
[-4.2346595042434126e-07, -9.314350002398442e-07]
[4.0755009056425706e-07, -7.841703840993919e-07]
[1.4884768127776393e-07, -5.470126530071617e-07]
[-5.529667522832793e-07, 2.6219059638329933e-07]
[3.7065506137273774e-07, 8.874370357181416e-07]
[-4.760183215241076e-07, 8.956902304915748e-07]
[-1.146664211915116e-07, 7.423392094224601e-07]
[4.2461579705110886e-07, -1.4166928133385603e-07]
[-3.4406489959892816e-07, -6.667316092001663e-07]
[4.999773927788498e-07, -9.57637215664997e-07]
[1.1673958978664079e-07, -9.022466621599889e-07]
[-2.965922453329606e-07, -1.2888688047385521e-07]
[2.8517606401323725e-07, 5.161286643629026e-07]
[-4.619629233176825e-07, 9.730974073252942e-07]
[-1.0822975819030356e-07, 1.0190048750817818e-06]
[1.8268612757277314e-07, 2.9624767318436884e-07]
[-3.153606267375375e-07, -2.4407737500564686e-07]
[4.4947315851195935e-07, -9.327672574888091e-07]
[1.5364449663371124e-07, -1.0451902530406176e-06]
[-1.3300792278680973e-07, -5.586996867368299e-07]
[2.9672908585798297e-07, 3.1783764231629874e-08]
[-3.595255442384593e-07, 8.119416383730454e-07]
[-1.450318307047449e-07, 1.0637931499562353e-06]
[7.038086029254043e-08, 7.207861579261454e-07]
[-3.791721292639716e-07, 2.1531138409691675e-07]
[3.478451518768022e-07, -6.831027679343737e-07]
[1.6536669805722326e-07, -9.43852607265816e-07]
[-8.614623846214808e-08, -8.958508832535017e-07]
[4.169253820796026e-07, -4.17351053744186e-07]
[-2.774989643072878e-07, 4.4232905038743553e-07]
[-1.2953145553384893e-07, 8.729087456055273e-07]
[8.017537346527437e-08, 9.922173926698447e-07]
[-5.112299956352984e-07, 5.81973238845783e-07]
[2.920393899763507e-07, -2.658937083011015e-07]
[7.016587731667467e-08, -6.527629777541843e-07]
[-1.1128332573842603e-07, -1.0363231664478612e-06]
[5.811098651273446e-07, -7.043943715812073e-07]
[-2.9117480483675795e-07, -2.6896477406390673e-08]
[8.158717410000627e-09, 5.254128672416147e-07]
[1.3424915394633086e-07, 1.0233363425902336e-06]
[-6.334491404330622e-07, 7.678427265756307e-07]
[3.3550413572336346e-07, 1.9821601421332602e-07]
[-1.5717779749957472e-07, -2.854834781212956e-07]
[-1.2370823836149736e-07, -9.446040932226119e-07]
[6.817826318783471e-07, -7.739460912981055e-07]
[-4.0609072928660117e-07, -4.5367623199843443e-07]
[2.7245280892485013e-07, 1.4789645327861756e-07]
[1.2965124536468142e-07, 8.158713370245985e-07]
[-6.520233175599799e-07, 7.570599224737684e-07]
[4.618933072270126e-07, 5.731025528553368e-07]
[-4.693599964175621e-07, 3.565111537234822e-08]
[-4.4746813657181583e-08, -6.656524925846563e-07]
[6.233802005428668e-07, -6.584482438176664e-07]
[-5.574840287042582e-07, -7.207708759282561e-07]
[5.940386078196608e-07, -1.4021772057337678e-07]
[-5.3318921916512e-09, 4.572319782236711e-07]
[-5.03851498773189e-07, 6.055220635597935e-07]
[5.932167763955665e-07, 7.615808981951619e-07]
[-7.650626085778378e-07, 2.2941911213218008e-07]
[1.5626608199093006e-07, -3.035584764526922e-07]
[3.718004569774891e-07, -4.5492845471284404e-07]
[-6.440606006991034e-07, -7.802085391639402e-07]
[8.575560529605619e-07, -2.7575756231246196e-07]
[-2.710313431741884e-07, 7.996142778465831e-08]
[-1.9024241303122746e-07, 4.104496993118101e-07]
[6.285668216338136e-07, 7.422282238961353e-07]
[-9.326166469925123e-07, 2.8365299772903363e-07]
[4.429968295735498e-07, 2.2934785935853352e-08]
[-2.4798300836403886e-08, -2.7476518077527295e-07]
[-5.789810908624071e-07, -6.654669958833237e-07]
[9.526095684359026e-07, -2.731283703649723e-07]
[-5.916053318648015e-07, -1.9654720881390197e-07]
[2.174808661345104e-07, 2.641817072879249e-07]
[4.952590504647691e-07, 5.724775350157696e-07]
[-8.986215983275425e-07, 2.506044848443745e-07]
[7.244441208170693e-07, 2.2836162147724104e-07]
[-4.5330719998515345e-07, -1.9099338909381314e-07]
[-3.338643509986916e-07, -4.680793663017213e-07]
[8.244127529671852e-07, -2.0891348320728476e-07]
[-8.475454798262394e-07, -3.1490870328054754e-07]
[6.034250696687615e-07, 2.1302260222455516e-07]
[1.8826985680175934e-07, 3.572394438322579e-07]
[-6.599328911810476e-07, 2.1402091970879056e-07]
[8.929691294456976e-07, 2.913907823018369e-07]
[-7.824655945815051e-07, -2.076329274902644e-07]
[4.41865201442071e-08, -2.912984687535383e-07]
[5.004144191037008e-07, -1.7806484747546342e-07]
[-9.297157823329183e-07, -2.9734027609529257e-07]
[8.527955131232279e-07, 2.3938067686413156e-07]
[-2.2088799448219398e-07, 1.9806706891278836e-07]
[-2.8553330658383225e-07, 2.4438303294904706e-07]
[8.71126531826194e-07, 2.5605693408647934e-07]
[-9.171824839754317e-07, -2.6410635522999826e-07]
[4.4956348727726025e-07, -2.0283031467067947e-07]
[8.045931557815189e-08, -2.432106239787929e-07]
[-7.893341267967147e-07, -2.255090513283986e-07]
[8.979086954796767e-07, 2.7477674989506706e-07]
[-6.105768858705174e-07, 1.4666643260996537e-07]
[1.1163296995131411e-07, 3.6306517126050153e-07]
[6.466008623390307e-07, 2.040249160173424e-07]
[-8.357467009417752e-07, -2.7086297738065923e-07]
[7.607253880992371e-07, -2.0770682608584057e-07]
[-3.049276886407659e-07, -4.014948560837617e-07]
[-4.6077421357593185e-07, -1.9397173550098762e-07]
[7.443864540115919e-07, 2.3726040492694223e-07]
[-8.590135183728087e-07, 1.8422792065486693e-07]
[4.198789452652951e-07, 5.312323274331288e-07]
[2.798090443715921e-07, 2.112379106633533e-07]
[-5.940516250406425e-07, -1.5798375851971969e-07]
[8.889991842536693e-07, -2.521743576594515e-07]
[-5.487863836001194e-07, -5.846349712818055e-07]
[-4.72675105549214e-08, -2.6037546092382707e-07]
[4.660986434451564e-07, 7.561239250171436e-08]
[-8.950628945791905e-07, 2.3568067724494268e-07]
[5.712946060248969e-07, 6.67701003424781e-07]
[-1.1927522450272399e-07, 3.0898062292061823e-07]
[-2.9656159759861023e-07, 8.668242856835207e-08]
[8.123375784818698e-07, -2.550772950360436e-07]
[-6.096357410140252e-07, -6.918111781217817e-07]
[3.230419206162738e-07, -4.161115448458874e-07]
[1.7134935230422865e-07, -2.0047868793532375e-07]
[-7.267024740714723e-07, 2.113890606118135e-07]
[5.637699006313945e-07, 6.87046884648157e-07]
[-4.3501336553786185e-07, 4.671572623321518e-07]
[-4.8690793189032355e-08, 4.074663061126582e-07]
[5.802034110566866e-07, -1.5116033297291054e-07]
[-5.224365200572761e-07, -6.39337360025527e-07]
[5.499562386740431e-07, -5.905533350808456e-07]
[-4.431341545096945e-08, -5.187396951988887e-07]
[-4.344589129290366e-07, 5.587786002826667e-08]
[4.5418695319293656e-07, 5.405336531813694e-07]
[-5.915605320039319e-07, 6.074174158168799e-07]
[8.721781986908983e-08, 7.028879989018355e-07]
[2.8881245849043946e-07, 7.388894696092052e-08]
[-3.7482027311075417e-07, -4.0326324168837857e-07]
[5.990673704603378e-07, -6.857738062970853e-07]
[-1.3733414273853217e-07, -7.725218525156397e-07]
[-1.334429618471411e-07, -2.1998559369962312e-07]
[3.271207196370307e-07, 2.41530985829741e-07]
[-5.801159709897807e-07, 6.401465060708322e-07]
[1.1302667952267642e-07, 8.689052873496472e-07]
[3.872406043048393e-08, 3.723908631458883e-07]
[-2.610544220377209e-07, -3.470016507467477e-08]
[5.085689839760127e-07, -6.245342525079689e-07]
[-1.2989263808819984e-07, -8.663949176423991e-07]
[7.793535000688578e-08, -5.388659334581991e-07]
[2.537779299482956e-07, -1.3585800102966505e-07]
[-4.5637974778467427e-07, 5.083567486147827e-07]
[8.515918000634448e-08, 8.433793403208115e-07]
[-1.0622334997711924e-07, 6.522265883351919e-07]
[-2.361590221156007e-07, 3.5920719128335055e-07]
[3.638559902263694e-07, -3.887946735670056e-07]
[-9.249503615110788e-08, -7.583845051950533e-07]
[1.5871652873922226e-07, -7.890538148425108e-07]
[2.5965775930780755e-07, -4.844290152072883e-07]
[-3.1003276833307947e-07, 2.181689012364929e-07]
[8.055403535878192e-08, 6.319744094013258e-07]
[-1.410929622927548e-07, 8.148802598060417e-07]
[-2.9170356507374207e-07, 6.59556321697119e-07]
[2.533477705402021e-07, -3.116180342932484e-08]
[-1.0425637289590561e-07, -4.794329175883405e-07]
[1.3727303103039032e-07, -8.736762635574991e-07]
[3.150770481880061e-07, -7.058105193635811e-07]
[-2.2065613758393e-07, -1.5851023092705585e-07]
[1.5518971542560767e-07, 3.047470784472983e-07]
[-1.1453332517466497e-07, 7.970561013057563e-07]
[-3.6383207496423764e-07, 7.845829238582562e-07]
[2.267033700070753e-07, 3.453341903963958e-07]
[-2.100845070268642e-07, -1.2104039458227245e-07]
[9.00005180520802e-08, -7.539896768049559e-07]
[3.5227047126551447e-07, -7.486049840854658e-07]
[-2.20547367299484e-07, -5.109157245608564e-07]
[3.1457943980295333e-07, -3.3982406028032486e-08]
[-9.965133974942919e-08, 5.977070510060356e-07]
[-3.685042148093842e-07, 7.209786452300193e-07]
[2.7431895047169697e-07, 6.292633014746279e-07]
[-3.9530524569009184e-07, 2.03311245042595e-07]
[9.819817291256694e-08, -4.6677181193832684e-07]
[3.0083902601008017e-07, -6.264113256437831e-07]
[-2.815410866897558e-07, -7.341940344018916e-07]
[5.093080240672898e-07, -2.8836300053347586e-07]
[-1.5505558814687959e-07, 2.789281573489788e-07]
[-2.462738207392734e-07, 5.242183980236348e-07]
[3.363042425756635e-07, 7.453910576740025e-07]
[-5.899057812508435e-07, 4.0529313827166596e-07]
[2.0443988582585781e-07, -1.0820804522554406e-07]
[1.2510275744503918e-07, -4.082860757190221e-07]
[-3.3166850010868387e-07, -7.719765586500227e-07]
[6.568843910967348e-07, -4.074645048313119e-07]
[-2.9399626229331677e-07, -5.9365551807744055e-08]
[4.993361737981594e-09, 2.8915278116325993e-07]
[3.353246990078773e-07, 6.82309302009465e-07]
[-7.004589361730984e-07, 4.5597392041296647e-07]
[3.893373540786449e-07, 2.0767415196548678e-07]
[-1.5396071365025854e-07, -1.8632146385824666e-07]
[-2.9348608351909e-07, -6.376390704471158e-07]
[6.793765938845064e-07, -4.0023588898652207e-07]
[-4.755580538017348e-07, -3.1974491634945146e-07]
[3.2474267286364267e-07, 1.0561331939551444e-07]
[2.1713970915770986e-07, 4.919467751635098e-07]
[-6.546221859304868e-07, 3.919836066013094e-07]
[5.793487835130395e-07, 3.9648153574069894e-07]
[-4.626143936328764e-07, -3.504845851845691e-08]
[-1.2569516744109777e-07, -4.0489753110745097e-07]
[5.396325236661781e-07, -3.2382802630376295e-07]
[-6.218220482273606e-07, -4.450270005285084e-07]
[6.137751853360629e-07, 1.9892945568589226e-08]
[-2.0109202927831582e-08, 2.626725556786891e-07]
[-4.3713847384940774e-07, 2.9171029389263303e-07]
[6.813259752769252e-07, 4.3524951402751366e-07]
[-7.0286439594891e-07, 1.9153603252053397e-08]
[1.5190809747600564e-07, -1.7250266155788285e-07]
[2.599987092774536e-07, -2.5193328427076944e-07]
[-6.532298491429556e-07, -4.3734847259002674e-07]
[7.761333278982763e-07, 1.921770320656435e-08]
[-3.20999840970268e-07, 7.914012992160657e-08]
[-1.0030708012809253e-07, 2.336485027121249e-07]
[6.270047829270986e-07, 3.6499095101838464e-07]
[-7.931202330724307e-07, 5.144976777948784e-09]
[4.6228720889177066e-07, -1.9656143653706826e-08]
[-8.448497661531218e-08, -2.3816444470184037e-07]
[-5.261824985447472e-07, -3.5083355453408016e-07]
[7.594505409269647e-07, 4.492236108100123e-08]
[-5.94091828613752e-07, -1.2907625301927794e-08]
[2.560431525133744e-07, 2.5708725398532195e-07]
[4.0641465258450804e-07, 2.6442947695382024e-07]
[-7.028727655455924e-07, -1.2087575135266704e-08]
[7.023908002029566e-07, 2.719047604432534e-08]
[-3.951617442848887e-07, -2.9100717643254503e-07]
[-2.558079738104735e-07, -2.618905548361361e-07]
[5.757644188225663e-07, 2.6601321929942134e-08]
[-7.494593011886375e-07, -2.1800302646424186e-08]
[5.25761854511253e-07, 3.437192840349823e-07]
[7.488200710979026e-08, 2.0855869542479866e-07]
[-4.6576110458718123e-07, 3.260507200342211e-08]
[7.874195585011456e-07, 1.1575071873215492e-09]
[-5.883092974168225e-07, -3.711640206432998e-07]
[8.664029983729282e-08, -2.3106782926982095e-07]
[2.942700599375958e-07, -7.972349698806558e-08]
[-7.357507982586053e-07, 4.4509104735190874e-10]
[6.397318661616191e-07, 4.283949110728269e-07]
[-2.690954966147463e-07, 2.3200059609540524e-07]
[-1.6507611556859647e-07, 1.6885129106025687e-07]
[6.876859406645952e-07, -2.697759274306044e-08]
[-6.265828702417542e-07, -4.1186986213248566e-07]
[4.009888792816385e-07, -2.7403077278165267e-07]
[1.0367440655967286e-08, -2.6741583280393e-07]
[-5.607287210523948e-07, -1.1932205955939024e-08]
[5.917097550267592e-07, 4.3321583546168663e-07]
[-5.244383865510294e-07, 3.1396801540573005e-07]
[1.0176595875710515e-07, 3.7236333365331387e-07]
[4.411468016831191e-07, 1.1791049497889006e-08]
[-5.301980785903104e-07, -3.5253261973511307e-07]
[5.981310166741638e-07, -3.54921746395509e-07]
[-1.94350373836083e-07, -4.798326243976581e-07]
[-2.8686550184245374e-07, -1.0330568992042086e-07]
[4.355578221808265e-07, 3.081961048468501e-07]
[-6.278955766991778e-07, 3.908727105247922e-07]
[2.6368970874879327e-07, 5.727799153310009e-07]
[1.3612900331971822e-07, 1.4705333015174737e-07]
[-3.6372191591915737e-07, -1.7024869927717567e-07]
[6.351649020630568e-07, -4.0502226358873905e-07]
[-2.832713112410623e-07, -6.348083956830841e-07]
[-4.567663400290023e-09, -2.724964460673607e-07]
[2.5628680076772437e-07, 5.893240026533242e-08]
[-5.764709596345341e-07, 3.895767732228772e-07]
[3.0311118985604235e-07, 6.843953083614934e-07]
[-1.2736466573071148e-07, 3.512342975214855e-07]
[-2.0497277629372146e-07, 1.05198451158528e-07]
[5.301855737389893e-07, -3.579145806953399e-07]
[-2.7406307371094507e-07, -6.613213276718266e-07]
[2.04868966124927e-07, -4.703918328186063e-07]
[1.2930273202149678e-07, -2.517681867431065e-07]
[-4.2290959086435653e-07, 2.650471024414659e-07]
[2.5780272282921457e-07, 6.456096103736467e-07]
[-2.79670690342404e-07, 5.501035123742226e-07]
[-1.1017247039668554e-07, 3.9985706871970006e-07]
[3.504252986397116e-07, -1.846097646140965e-07]
[-2.234160195527246e-07, -5.315744091849428e-07]
[3.0043173238070153e-07, -6.202467803528844e-07]
[8.712282729972376e-08, -5.28880917227692e-07]
[-2.4773310215719935e-07, 2.476414139029881e-08]
[1.9733293786516892e-07, 4.487096447909622e-07]
[-3.0764075753531017e-07, 6.563640841793922e-07]
[-9.084579331852805e-08, 6.241778530736986e-07]
[1.7954040786027914e-07, 8.801168133176773e-08]
[-1.9553488944668018e-07, -2.7431282113854483e-07]
[2.9357721751874233e-07, -6.514682074076905e-07]
[1.0855826453395889e-07, -6.849503300931925e-07]
[-1.2156037412780485e-07, -2.7109476963271817e-07]
[1.8577886774784336e-07, 1.4598736532145384e-07]
[-2.537293998343404e-07, 6.102959992843916e-07]
[-1.1247749532455886e-07, 7.09226944451617e-07]
[7.929941645001826e-08, 3.8447092406967975e-07]
[-2.2944051343565253e-07, 3.6074757042703354e-08]
[2.3693614253916806e-07, -5.317758593470501e-07]
[1.3428829262474018e-07, -6.763088804262463e-07]
[-7.502597493269647e-08, -5.333416473740638e-07]
[2.4866575690229986e-07, -1.7081673345242798e-07]
[-1.8967956824655907e-07, 4.0834626224145465e-07]
[-1.1503485712605066e-07, 6.346616460324583e-07]
[6.333600500313397e-08, 6.107922034710722e-07]
[-3.1993946728037237e-07, 3.093685082763975e-07]
[1.9542672440031605e-07, -2.8341303265344564e-07]
[1.0029762792518326e-07, -5.195321536033415e-07]
[-8.927405827606483e-08, -6.802894494117862e-07]
[3.598406351223993e-07, -4.083690841594212e-07]
[-1.7823706337238843e-07, 1.0651010605433608e-07]
[-4.554283730695552e-08, 4.3617202444279357e-07]
[9.483427857587268e-08, 6.938981703167278e-07]
[-4.2039556370429554e-07, 4.749243021404505e-07]
[2.132913898555966e-07, 2.3858090961170753e-08]
[-2.7333341021118507e-08, -2.8146899734571296e-07]
[-1.1012733536902575e-07, -6.70728215940164e-07]
[4.5432625789959546e-07, -5.095751927919334e-07]
[-2.4140361948310485e-07, -2.0270165282387786e-07]
[1.125938249302294e-07, 1.8918797073386173e-07]
[1.0869912271671556e-07, 6.123623464693306e-07]
[-4.65420103942793e-07, 5.074189915292571e-07]
[2.9213530216426475e-07, 3.000150887774028e-07]
[-2.3280528777674947e-07, -4.838544264730571e-08]
[-7.82757560574554e-08, -5.191446981051007e-07]
[4.607727121797023e-07, -4.742895858139695e-07]
[-3.499923110893838e-07, -4.287335717279017e-07]
[3.273716789528591e-07, -2.377007760068217e-08]
[4.7238953040928955e-08, 4.0453670877016457e-07]
[-4.0277316487591364e-07, 4.3239841306108584e-07]
[3.89905037206581e-07, 4.7042102160541055e-07]
[-4.550362015173781e-07, 1.1108584001636888e-07]
[3.901012426976713e-08, -2.872533974088154e-07]
[3.37848498552229e-07, -3.540190581657887e-07]
[-4.3874063639093297e-07, -5.191946597926655e-07]
[5.291089306275198e-07, -1.4742296949865619e-07]
[-1.0791150834021934e-07, 1.505481742325454e-07]
[-2.199085431253689e-07, 3.1018114221570414e-07]
[4.4117794238685004e-07, 5.043306277041637e-07]
[-6.136447608245943e-07, 1.724309412268199e-07]
[2.292515154794783e-07, -5.64272051497422e-08]
[9.716255757602488e-08, -2.2396526960961893e-07]
[-4.391201862269378e-07, -4.777641577913272e-07]
[6.39872016455767e-07, -1.7441038796528474e-07]
[-3.2301137379252276e-07, -6.32729494076667e-08]
[4.6786492877842756e-08, 2.0607303446995573e-07]
[3.8939878233001934e-07, 4.2395643025383567e-07]
[-6.441701263237842e-07, 1.6002446534546522e-07]
[4.374868612655458e-07, 1.0631007984411404e-07]
[-1.98182790551657e-07, -1.4616726819123614e-07]
[-3.1395832400527013e-07, -3.5670287729799854e-07]
[6.081279837616416e-07, -1.4331120840038736e-07]
[-5.247942686109619e-07, -1.809919666917459e-07]
[3.2422518358998786e-07, 1.6051574425191006e-07]
[2.1616848458472226e-07, 2.905044975964888e-07]
[-5.264104130653369e-07, 1.2938889468183667e-07]
[5.888645199375597e-07, 1.738235460950477e-07]
[-4.587487434370985e-07, -1.4122795706505986e-07]
[-7.761185252808112e-08, -2.2869422217942914e-07]
[4.327472893916884e-07, -1.1547723463394e-07]
[-6.325761684744524e-07, -1.9799719383484238e-07]
[5.310214906545374e-07, 1.7238953685383418e-07]
[-4.610072897731632e-08, 1.7391073101058474e-07]
[-2.9338279289650715e-07, 1.3633388515343903e-07]
[6.208292687576167e-07, 1.6533866846468737e-07]
[-6.059091138821415e-07, -1.8153558060951536e-07]
[2.074291618626295e-07, -1.5186992441493935e-07]
[1.6521362109292448e-07, -1.4194367941976075e-07]
[-5.948469071481721e-07, -1.5721109640487452e-07]
[6.097101175328579e-07, 2.0252598623149431e-07]
[-3.2437495317561016e-07, 1.2028886534065641e-07]
[-1.7473488253538783e-08, 2.0781392284785483e-07]
[5.105825882367743e-07, 1.319804419364079e-07]
[-6.039165359600362e-07, -2.0838440062398433e-07]
[4.5558201059586745e-07, -1.4427198039013156e-07]
[-1.111569907091825e-07, -2.3622732711614525e-07]
[-4.1327079359360086e-07, -1.2329262929176854e-07]
[5.488551578294865e-07, 1.9533407629584998e-07]
[-5.338446443931e-07, 1.3200654488954022e-07]
[2.1945358896768852e-07, 3.278642490833761e-07]
[2.857969151580375e-07, 1.287569391661414e-07]
[-4.7253073717432037e-07, -1.6406722033734944e-07]
[5.931813780862827e-07, -1.788968576055261e-07]
[-3.1562968912102196e-07, -3.6596880169381674e-07]
[-1.4304424879579142e-07, -1.477757395128114e-07]
[3.8562929169025373e-07, 1.0833455217119665e-07]
[-6.126521500393611e-07, 1.6937396541544247e-07]
[3.5846234328063e-07, 4.4458499076638347e-07]
[1.4042402074476712e-08, 1.8610381999351056e-07]
[-2.751633281158905e-07, -2.3208926197559876e-08]
[5.877038854740224e-07, -2.0054984739559245e-07]
[-4.024994267326498e-07, -4.6742843995417616e-07]
[1.3032650698213688e-07, -2.4200798684828606e-07]
[1.880568790829651e-07, -6.411235395006876e-08]
[-5.469313670014575e-07, 1.7284507027905127e-07]
[3.844277193312817e-07, 4.944158832030643e-07]
[-2.2429560690706563e-07, 2.939538773921724e-07]
[-8.883904556444833e-08, 1.916122376044438e-07]
[4.586159331049222e-07, -1.5573419004377698e-07]
[-3.7699555107545413e-07, -4.76004999444557e-07]
[3.26880852843936e-07, -3.7063761264277684e-07]
[2.5038347686856532e-08, -2.839669761278696e-07]
[-3.749399227759298e-07, 9.504124014040379e-08]
[3.2701918135577546e-07, 4.3228704790310504e-07]
[-3.6773946331114526e-07, 4.054434178113464e-07]
[2.9680963090084056e-08, 4.17162293708806e-07]
[2.6589656523107186e-07, -2.1224146051768145e-08]
[-2.878643344042531e-07, -3.5833251649242115e-07]
[4.0419832243732134e-07, -4.683750457479263e-07]
[-6.242888994645313e-08, -4.830169751113278e-07]
[-1.6861040547794248e-07, -7.271348390416876e-08]
[2.424616068544272e-07, 2.539178306851242e-07]
[-3.9638454482626706e-07, 4.584572883478688e-07]
[6.613457018828095e-08, 5.761110874469288e-07]
[8.228869406712302e-08, 1.8189195512274825e-07]
[-2.007500848749677e-07, -1.3072739178665582e-07]
[3.712927411116118e-07, -4.716960819994842e-07]
[-7.611106892999042e-08, -5.909591137831516e-07]
[-1.175444047651908e-09, -2.921129248906196e-07]
[1.851130892460695e-07, 3.515782387442101e-10]
[-3.3598114501653953e-07, 4.0518198134994543e-07]
[4.9896996605694466e-08, 6.103744486466323e-07]
[-3.780960872168393e-08, 3.948938914824507e-07]
[-1.653414178764967e-07, 1.448347083238266e-07]
[2.789509290224146e-07, -3.50287316014386e-07]
[-5.5156447204690595e-08, -5.655861388675909e-07]
[8.417407530714183e-08, -4.92057772111254e-07]
[1.819627070409613e-07, -2.571427753783606e-07]
[-2.4221064290341765e-07, 2.36212727384999e-07]
[3.466848476352258e-08, 5.059793635291132e-07]
[-7.905740959102125e-08, 5.455246694686944e-07]
[-1.9188722734375663e-07, 3.8549434565673946e-07]
[1.9206978553454324e-07, -1.2346027887522038e-07]
[-5.3403784255889875e-08, -4.1150226980091187e-07]
[9.03182935559077e-08, -5.989607231027261e-07]
[2.2133669336232842e-07, -4.45043401409162e-07]
[-1.7270135281577392e-07, -1.1854596179694532e-08]
[6.871613381087549e-08, 2.9849286953265164e-07]
[-6.697602100615846e-08, 5.785041676858917e-07]
[-2.479403515788167e-07, 5.216584299797184e-07]
[1.5759002519599719e-07, 1.459414834190098e-07]
[-1.102327243096557e-07, -1.7884734834772154e-07]
[5.998046497673881e-08, -5.69214518991723e-07]
[2.6040966654913844e-07, -5.162019614535218e-07]
[-1.5968229073737294e-07, -2.690646120628859e-07]
[1.6903531807610506e-07, 5.7175043699508876e-08]
[-5.1079959158262245e-08, 4.789088151289922e-07]
[-2.763970381874925e-07, 5.249166910442638e-07]
[1.8307260078731513e-07, 3.7706828894153166e-07]
[-2.2876321534998079e-07, 5.750436187640373e-08]
[5.081356804770287e-08, -4.08821122080405e-07]
[2.476082009428282e-07, -4.6687418646385037e-07]
[-1.9572338568960013e-07, -4.596310863858033e-07]
[3.113988953779012e-07, -1.4440068821230945e-07]
[-7.783321030740975e-08, 2.7834055085773635e-07]
[-2.2578279172680293e-07, 4.172385436318482e-07]
[2.3540752565505418e-07, 5.041466618027862e-07]
[-3.717906243167618e-07, 2.2896400639165187e-07]
[1.0409514202003312e-07, -1.7116911760206577e-07]
[1.494110525440684e-07, -3.351836836557043e-07]
[-2.3894236763494225e-07, -5.322863394496835e-07]
[4.4051161958783003e-07, -2.5782333148982595e-07]
[-1.6612535248816673e-07, 4.157176766717008e-08]
[-7.807419898087087e-08, 2.578495502947309e-07]
[2.5943370599718074e-07, 5.021791023400446e-07]
[-4.775743208812466e-07, 3.005360179678118e-07]
[2.2214666993425336e-07, 6.588063800050392e-08]
[-3.078351594465456e-08, -1.8223952475554528e-07]
[-2.3508339981603843e-07, -4.800587597442174e-07]
[4.951439800948698e-07, -2.765515266095475e-07]
[-2.964250437852145e-07, -1.6011739240040512e-07]
[1.3925936505690406e-07, 1.1454774967445402e-07]
[2.070306608231709e-07, 3.9417675581909783e-07]
[-4.882831003694132e-07, 2.82249727520667e-07]
[3.6523975233929314e-07, 2.3290640676124595e-07]
[-2.504150229884483e-07, -6.46352425573188e-08]
[-1.46062585887341e-07, -3.408078964178829e-07]
[4.3646218350623656e-07, -2.3326407645740677e-07]
[-4.1836192146010864e-07, -2.771127574907606e-07]
[3.6267206063311797e-07, 3.316505106654155e-08]
[6.272962400910576e-08, 2.37562727267715e-07]
[-3.778844031854245e-07, 2.1992918186608534e-07]
[4.693670127356442e-07, 2.967218821932349e-07]
[-4.4337385134152196e-07, -1.0628971727072445e-08]
[2.8487463561710502e-08, -1.785242513749341e-07]
[2.6666871534575254e-07, -1.8016994062994285e-07]
[-4.7314940601617117e-07, -2.9904450001005944e-07]
[5.18947828723193e-07, 1.924791100116341e-08]
[-1.4605651449048351e-07, 9.679756632352543e-08]
[-1.6639333358381414e-07, 1.7009467337403272e-07]
[4.7634348702974005e-07, 2.7064850427471754e-07]
[-5.467225598770886e-07, -1.0424646978979268e-08]
[2.4699077972060654e-07, -5.409806377745883e-08]
[2.97558121690588e-08, -1.6204495018208847e-07]
[-4.2066938520102237e-07, -2.5461542377258617e-07]
[5.562984138340887e-07, 3.984639629361908e-08]
[-3.586875439373638e-07, 1.5095763056249822e-08]
[8.634408111760083e-08, 1.7109487437938498e-07]
[3.6196599112470196e-07, 2.0328229952126797e-07]
[-5.267901885958048e-07, -2.4507350218638813e-08]
[4.4137016512457716e-07, 1.0198343732004123e-09]
[-2.056719521567607e-07, -1.9453674219432893e-07]
[-2.590338349442445e-07, -1.9446993155397552e-07]
[4.659368076781467e-07, 4.3658620729053466e-08]
[-5.061750357610029e-07, -2.125716019873991e-09]
[3.046828960379111e-07, 2.2417110422112696e-07]
[1.4902166019237217e-07, 1.5185024232478028e-07]
[-3.931280221775024e-07, -5.807755415476734e-09]
[5.453784806958017e-07, -3.69360758645243e-09]
[-3.7367061821169667e-07, -2.573742964306902e-07]
[-2.7824783340249515e-08, -1.6532478509307573e-07]
[2.8461804623910493e-07, -1.0710215516383532e-08]
[-5.399065251959767e-07, 1.4695444902623755e-08]
[4.281239547876403e-07, 2.933090138546035e-07]
[-1.0082492232776907e-07, 1.532104265955514e-07]
[-1.9416785136325276e-07, 7.477584629267398e-08]
[5.229866708172937e-07, -2.6157098126367018e-08]
[-4.363244248406506e-07, -3.05065907271751e-07]
[2.0654446399037685e-07, -1.872658816834405e-07]
[7.757363634786074e-08, -1.3204203903535716e-07]
[-4.514502095834261e-07, 1.7837664591929814e-08]
[4.3512968163350596e-07, 3.237447789329606e-07]
[-3.1235827534226157e-07, 2.062125644686219e-07]
[3.4508096657948073e-09, 2.1147576029223458e-07]
[3.838734497357832e-07, -1.5494071387012198e-08]
[-3.9642302334524926e-07, -2.897360760201195e-07]
[3.770099384903247e-07, -2.4447986833597835e-07]
[-8.984410011791955e-08, -2.89985527882064e-07]
[-2.750171699482905e-07, -3.177526704836687e-08]
[3.491953457003018e-07, 2.7013268219641586e-07]
[-4.2761013178960194e-07, 2.733699338425266e-07]
[1.42646783621303e-07, 3.6340800270429074e-07]
[1.789639770544138e-07, 6.023215368133883e-08]
[-2.925276432544366e-07, -1.8544342522686108e-07]
[4.421649920233195e-07, -2.934955010969187e-07]
[-1.787329324959286e-07, -4.2750493536858336e-07]
[-7.205207293997651e-08, -1.435026226112579e-07]
[2.2490263407171085e-07, 1.208421436579149e-07]
[-4.2819030268009817e-07, 3.0049211310542723e-07]
[1.9838890356893568e-07, 4.713687541194056e-07]
[-2.184773897906389e-08, 1.9569525644413943e-07]
[-1.7931109901753173e-07, -2.867908147075049e-09]
[4.012685584121878e-07, -2.850211411886683e-07]
[-1.8972447328458042e-07, -4.862242811154438e-07]
[9.475368020761543e-08, -2.903735986242717e-07]
[1.2096700462149723e-07, -9.324996027432197e-08]
[-3.394992423291429e-07, 2.4454414548978187e-07]
[1.8500977144730868e-07, 4.841708545488561e-07]
[-1.594844251245897e-07, 3.4821966675424587e-07]
[-1.0235752280485233e-07, 2.1228962013286612e-07]
[2.915844700968062e-07, -1.8924829392474862e-07]
[-1.5749882668544823e-07, -4.328277589671359e-07]
[1.8640444016115865e-07, -4.197425897967122e-07]
[7.313850604317995e-08, -3.0973199283135244e-07]
[-2.1574183949740755e-07, 9.640502389093863e-08]
[1.4541415335744823e-07, 3.8250246981244573e-07]
[-2.0934764911884063e-07, 4.560908259815255e-07]
[-7.87250528447303e-08, 3.965537117567308e-07]
[1.695767584131147e-07, -1.2847797783988035e-08]
[-1.3026904892993185e-07, -2.7450892189917475e-07]
[2.007898469401359e-07, -4.762057417562193e-07]
[7.953196462517909e-08, -4.603545026571343e-07]
[-1.134089782084402e-07, -1.1210078727091899e-07]
[1.275718471693832e-07, 1.892754174850908e-07]
[-1.882799770085153e-07, 4.6671117189206555e-07]
[-9.16906799201811e-08, 4.940193653513625e-07]
[8.468535984962333e-08, 2.0041013518157236e-07]
[-1.4440394827119896e-07, -5.673480459045255e-08]
[1.6896549933156924e-07, -4.2639191319415737e-07]
[1.0479593112039387e-07, -4.995951798092424e-07]
[-6.578856877326178e-08, -3.2000265821896523e-07]
[1.595147513661077e-07, -3.847593475769795e-08]
[-1.422048284682731e-07, 3.6141286196070266e-07]
[-1.0158283371419774e-07, 4.787380674976804e-07]
[5.7659520498465344e-08, 3.860616801278083e-07]
[-2.0609765102180821e-07, 1.553004859294882e-07]
[1.3697692394232241e-07, -2.7457298401589725e-07]
[1.0050654772331136e-07, -4.230684747530411e-07]
[-7.003197420585305e-08, -4.622113147778606e-07]
[2.3467442409469408e-07, -2.3265534315752845e-07]
[-1.2087519554726533e-07, 1.653361502845785e-07]
[-6.736722052425037e-08, 3.64458600507489e-07]
[7.323268649481185e-08, 4.852421862203984e-07]
[-2.8828932658458983e-07, 3.029707941929025e-07]
[1.419651541045841e-07, -6.223986302733575e-08]
[3.16014887452587e-08, -2.676720223943052e-07]
[-9.205382427851516e-08, -4.963111708000678e-07]
[3.1449176246534094e-07, -3.417693166529734e-07]
[-1.5204072369157107e-07, -6.21928327587673e-08]
[3.112557489526324e-08, 1.9764534037181036e-07]
[9.02522957896279e-08, 4.691321393388709e-07]
[-3.4379491133107454e-07, 3.565960541504487e-07]
[1.9356175063461878e-07, 1.4808780573333236e-07]
[-1.0392700355160711e-07, -9.392136133407059e-08]
[-8.616405963723928e-08, -4.1919360639630643e-07]
[3.4706768140685407e-07, -3.507465606844562e-07]
[-2.2732605991365729e-07, -2.522698826779024e-07]
[1.8066809195915745e-07, 3.705826653876976e-08]
[6.42696792590991e-08, 3.505672015666206e-07]
[-3.282234759399705e-07, 3.2441483597406284e-07]
[2.689408701295193e-07, 2.9766844247309946e-07]
[-2.714019139886739e-07, 4.095811903119572e-08]
[-1.971426832891865e-08, -2.6653483999050653e-07]
[2.930305530030042e-07, -2.841393151875593e-07]
[-3.0631439101175273e-07, -3.546499806050818e-07]
[3.377259790784959e-07, -7.095312340443805e-08]
[-2.8210853361687604e-08, 1.7761802237337143e-07]
[-2.2200612215250715e-07, 2.4492792441432876e-07]
[3.236095403522099e-07, 3.541597167183025e-07]
[-4.1348269389646086e-07, 1.066967706877392e-07]
[1.0889533168245702e-07, -9.599205101976094e-08]
[1.4634839314020542e-07, -1.916687367674308e-07]
[-3.365934262838932e-07, -3.568238880757857e-07]
[4.460107893913823e-07, -1.1050872016082902e-07]
[-1.7541230547257758e-07, 1.2154498657546142e-08]
[-4.1515606855058174e-08, 1.668126320963914e-07]
[3.1289242753695934e-07, 3.223732043117211e-07]
[-4.751599358143732e-07, 1.0988238369202818e-07]
[2.6708817797184425e-07, 3.7847530569989777e-08]
[-5.98544269495016e-08, -1.2324068730714668e-07]
[-2.8002063921783726e-07, -2.856737918999208e-07]
[4.6073927263690084e-07, -9.977685380690993e-08]
[-3.3285676943883846e-07, -9.675716650114907e-08]
[1.6566615922662675e-07, 1.2588675038505137e-07]
[2.1425538948571798e-07, 2.388303271955161e-07]
[-4.28098450980241e-07, 8.630553138821995e-08]
[4.010997857670229e-07, 1.054377785046634e-07]
[-2.6540415431347553e-07, -1.053171563136085e-07]
[-1.3269703234147778e-07, -1.9168214678011442e-07]
[3.687068136845606e-07, -7.884613697703435e-08]
[-4.4187551470620257e-07, -1.3250123243047085e-07]
[3.391607914168815e-07, 1.2951311337272564e-07]
[4.0222922964572305e-08, 1.529805314370858e-07]
[-2.8325847352406175e-07, 8.016838445867869e-08]
[4.5900455895864223e-07, 1.1170432004381503e-07]
[-4.076609682740484e-07, -1.2966617776721812e-07]
[7.071595430410693e-08, -1.236697577973846e-07]
[1.9505962628191958e-07, -8.78089144211924e-08]
[-4.5560445910419745e-07, -1.1483317803595572e-07]
[4.2973406416679794e-07, 1.5514603081412393e-07]
[-1.641578472530436e-07, 1.037988268670631e-07]
[-8.633522665356386e-08, 1.2043514044379755e-07]
[4.133423478630549e-07, 8.944502113972241e-08]
[-4.473459428999682e-07, -1.5948548197364243e-07]
[2.702618757260966e-07, -1.0609441336052738e-07]
[-6.42070083212154e-09, -1.454213577403718e-07]
[-3.6044875083990346e-07, -8.671775680521576e-08]
[4.183454167458467e-07, 1.6319743319226365e-07]
[-3.384328381844659e-07, 1.0240791853410869e-07]
[1.0153057777850805e-07, 2.055120900401608e-07]
[2.7331507375383257e-07, 8.047603394789604e-08]
[-3.838895892629979e-07, -1.4960170777178483e-07]
[4.0531800289678177e-07, -1.292960242690877e-07]
[-1.7527566176234188e-07, -2.384025526228073e-07]
[-1.8306040393441247e-07, -9.071502381484972e-08]
[3.222183359522651e-07, 1.1797917260405457e-07]
[-4.3100093961856434e-07, 1.2851390499002413e-07]
[2.2879795448516038e-07, 3.0319270231948803e-07]
[8.135026316122285e-08, 1.1360742302457538e-07]
[-2.535603164099953e-07, -7.083194750179267e-08]
[4.393072585290314e-07, -1.5668649008815372e-07]
[-2.687842761278647e-07, -3.264855317347548e-07]
[2.041142998371326e-08, -1.4634966143470263e-07]
[1.8565014750504538e-07, 6.9647941927653e-09]
[-4.198283208300957e-07, 1.4207956025233393e-07]
[2.7312370904503114e-07, 3.655404518347616e-07]
[-1.0420238293062933e-07, 1.89627081662036e-07]
[-1.1167483824486846e-07, 7.324291571852992e-08]
[3.7347555112768327e-07, -1.4487661556539244e-07]
[-2.77949335172889e-07, -3.6098484715307855e-07]
[1.8783437510938583e-07, -2.3927685356001094e-07]
[5.996463510460348e-08, -1.5051202371940686e-07]
[-3.204718913678295e-07, 1.0464984656811558e-07]
[2.4719703274611593e-07, 3.515333324888466e-07]
[-2.3247120718716818e-07, 2.8002214501332556e-07]
[-7.470708329737619e-09, 2.451115285184713e-07]
[2.439947289628597e-07, -6.686131015509744e-08]
[-2.2806183196111274e-07, -3.082873773485595e-07]
[2.765773065710464e-07, -3.2734400991218937e-07]
[-1.8352133937526993e-08, -3.091974873081771e-07]
[-1.7794786335428858e-07, 2.7560342549803885e-10]
[1.8898056351746018e-07, 2.469404982927137e-07]
[-2.793447149429529e-07, 3.3983170856510814e-07]
[3.665046725137566e-08, 3.8834499187928584e-07]
[1.0434720663921038e-07, 7.273183887102075e-08]
[-1.6395882170699982e-07, -1.6727654367221234e-07]
[2.794309220954805e-07, -3.605862881617128e-07]
[-4.169758197752893e-08, -4.159885568788546e-07]
[-4.6255083194224333e-08, -1.5388245922648425e-07]
[1.415475466004512e-07, 7.241245242317618e-08]
[-2.5449351922536556e-07, 3.286612598753214e-07]
[3.219387403191609e-08, 4.5177500573628966e-07]
[1.4642366624739722e-09, 2.3735622513287868e-07]
[-1.271304377742366e-07, 2.7581670766774202e-08]
[2.2406590979850982e-07, -3.056166796300275e-07]
[-3.160625394217631e-08, -4.3218409348511067e-07]
[3.508663116991162e-08, -3.1246822111696826e-07]
[1.3211077458386011e-07, -1.23727848119759e-07]
[-1.9356466796766059e-07, 2.3028889100176753e-07]
[1.5293867852705922e-08, 4.116532968650305e-07]
[-4.3479830590109625e-08, 3.7319969297539e-07]
[-1.355220223611675e-07, 2.191629099208836e-07]
[1.5689156194348408e-07, -1.6286383877628374e-07]
[-2.550367097370332e-08, -3.500657565352894e-07]
[5.684496324695476e-08, -4.203944520830838e-07]
[1.5977958003898785e-07, -2.846118633825778e-07]
[-1.3954871012911152e-07, 6.198307652555135e-08]
[2.6114685011680017e-08, 2.8172390753589127e-07]
[-4.129450708462157e-08, 4.3194885536559967e-07]
[-1.7548734670622124e-07, 3.508783661271015e-07]
[1.1936650604060794e-07, 3.14455642913547e-08]
[-5.633720047415469e-08, -1.964439284157793e-07]
[4.1204556988638785e-08, -4.36569808637266e-07]
[1.9727740990967135e-07, -3.6731447358717695e-07]
[-1.2199329338380416e-07, -1.3073397936436137e-07]
[8.706807019809304e-08, 1.0688411081205551e-07]
[-2.591022794234954e-08, 3.913367458002748e-07]
[-2.0953362959291733e-07, 3.896438839356975e-07]
[1.2808056018553948e-07, 2.1947440765127113e-07]
[-1.3464218250047733e-07, -2.1580506544965905e-08]
[2.804233217856833e-08, -3.520750102709025e-07]
[2.0537889412752808e-07, -3.5891038792368324e-07]
[-1.4349799359186788e-07, -2.916744868963761e-07]
[1.9022367948179353e-07, -5.6312019020010595e-08]
[-3.5209591478513325e-08, 2.6439968645736167e-07]
[-1.960008529783286e-07, 3.3826614558030155e-07]
[1.6782519942672158e-07, 3.455519515145611e-07]
[-2.414546645436444e-07, 1.2159919677971233e-07]
[5.308926394331781e-08, -1.9444822102476778e-07]
[1.531232337176336e-07, -2.7940178289054263e-07]
[-1.794859813344929e-07, -3.7625913731909044e-07]
[2.9969977546895343e-07, -1.631964005044395e-07]
[-9.080425070195908e-08, 9.362990201211563e-08]
[-1.111825458505189e-07, 2.3184285558031092e-07]
[2.0052136386755626e-07, 3.786661857858864e-07]
[-3.355011347905279e-07, 1.9878137381187239e-07]
[1.2847121624165458e-07, -1.6093722510907016e-08]
[3.441631860751082e-08, -1.7075089612725303e-07]
[-1.9116617201719865e-07, -3.687610449498724e-07]
[3.676931214571799e-07, -1.979638260402039e-07]
[-1.8614880552964008e-07, -6.701647894957752e-08]
[3.673148112753877e-08, 1.2020047221450447e-07]
[1.8535570925348743e-07, 3.236297878433936e-07]
[-3.715189765135518e-07, 2.066349926999056e-07]
[2.34946121099866e-07, 1.2788507595018657e-07]
[-1.265787750413805e-07, -7.733111153426092e-08]
[-1.4559021824234186e-07, -2.870661918452644e-07]
[3.565158492313536e-07, -1.7685401466904782e-07]
[-2.883135839897022e-07, -1.7406583285861643e-07]
[2.086144129777659e-07, 4.478827728138235e-08]
[1.0033187079760975e-07, 2.1631147011091922e-07]
[-3.213766611304125e-07, 1.7096913611236442e-07]
[3.2959956516170896e-07, 2.023097212863062e-07]
[-2.8374540243097934e-07, -2.6684407115375175e-08]
[-3.346505529633337e-08, -1.7306743536199543e-07]
[2.564095164248048e-07, -1.36844510348344e-07]
[-3.5242029040871703e-07, -2.1079584990035816e-07]
[3.499504049736535e-07, 2.082133819525378e-08]
[-4.500111131650053e-08, 1.057100451895554e-07]
[-1.8826140581879036e-07, 1.3186053263170017e-07]
[3.65443669998744e-07, 2.0479229272118982e-07]
[-3.87365722095967e-07, -1.905360482584717e-08]
[1.2363727276004655e-07, -7.320677947002252e-08]
[9.106498757849302e-08, -1.1574491411386716e-07]
[-3.420554031546841e-07, -1.9103386869612216e-07]
[4.1382391485766945e-07, 3.275765783627982e-08]
[-2.1156025179110138e-07, 3.151646565946464e-08]
[-7.270161944683551e-09, 1.2288396164517046e-07]
[3.137315157802911e-07, 1.632791703648495e-07]
[-4.044482597581611e-07, -3.0026938144245285e-08]
[2.8023792188192065e-07, -1.8037976255019794e-08]
[-9.147126948938489e-08, -1.3322691885201549e-07]
[-2.4640554158184e-07, -1.4941443748917038e-07]
[3.8078666197982614e-07, 4.475985628665802e-08]
[-3.4645886012873994e-07, 7.513182992413547e-09]
[1.6808941500495722e-07, 1.5423839014316876e-07]
[1.7850930356805295e-07, 1.199004975305229e-07]
[-3.321339895195896e-07, -2.4677305782150327e-08]
[3.8518875458692925e-07, -1.002640076519512e-08]
[-2.3821002008428405e-07, -1.815015917630558e-07]
[-8.644707453001055e-08, -1.2302934730354376e-07]
[2.665957780263739e-07, 2.0719953562793603e-08]
[-4.051574723357154e-07, 1.8071419721765736e-08]
[2.8753329368857994e-07, 2.0768397035464403e-07]
[-3.4373803785986423e-09, 1.0908527059427797e-07]
[-1.983877458782389e-07, 2.355427070055427e-08]
[4.031071993704227e-07, -2.496189421830053e-08]
[-3.1219139556837305e-07, -2.296229505566183e-07]
[9.253649945611953e-08, -1.3305145343985025e-07]
[1.1453474571543332e-07, -5.5948519922868756e-08]
[-3.6998154304135333e-07, 2.8722194147373648e-08]
[3.2407270553896916e-07, 2.456391998591212e-07]
[-1.7726683360780315e-07, 1.404104536945061e-07]
[-4.980665904708026e-08, 1.1803923219422252e-07]
[3.293820491426236e-07, -2.6065352709547795e-08]
[-3.058536847608262e-07, -2.3904477419733894e-07]
[2.3878271140226337e-07, -1.7467391026648738e-07]
[-2.3845884711271026e-08, -1.722289980146674e-07]
[-2.568443334648174e-07, 5.2900811886406884e-09]
[2.8355055272169527e-07, 2.3011450292140245e-07]
[-2.9264770388948147e-07, 1.9420824610982823e-07]
[6.796650900420254e-08, 2.3511209207294215e-07]
[1.9197201215140347e-07, 1.6002837027739858e-08]
[-2.4131499545831936e-07, -1.8299906892615958e-07]
