[473.40624925343644, 6.644859926004258]
[1.6452302031065216, 16.606910498877156]
[6.466706311741859, -84.92471349716858]
[-1.1343862797097515, -2.199271269983541]
[8.873989553486597, 6.328971394480675]
[-4.355633243970686, 0.1943046470164873]
[-1.551918093083632, -5.37913388709201]
[-0.282473115275387, -0.3265892212223278]
[-1.8279958809392127, 1.5985703165996163]
[-0.44245886887673347, 0.42979162766600565]
[-3.871204969310351, -0.4221598256611192]
[-0.2203648567748786, -0.3291961722199659]
[-0.40358506501102376, -0.5669185439525375]
[-1.3001826592414218, -0.06678995619706285]
[-0.279951842879095, 0.037170297242692385]
[-0.3765073282326892, 0.2890512881607581]
[-0.3147583256326385, 0.231995503561917]
[-0.16076479416725586, -0.06591933747932321]
[-0.9975830791848157, -0.03311247308441101]
[-0.10998129613897589, -0.12653517452432939]
[-0.28345114844487096, -0.36133441678557576]
[-0.4741909559812125, -0.07614688911332301]
[-0.1072796093948476, 0.1100011773713021]
[-0.23594649095531572, 0.2149004441594915]
[-0.1723715290489224, 0.10514146567707883]
[-0.06916052847012022, -0.047800238868219935]
[-0.3865576664127639, 0.021112525826346484]
[-0.10100708675079195, -0.07885694430193047]
[-0.1811836756628491, -0.22132629754280853]
[-0.2183879483240041, -0.0639190099862772]
[-0.041097685207348356, 0.05323208127641199]
[-0.15417067671589635, 0.134195069200703]
[-0.133869724376404, 0.06955635027261398]
[-0.024011712374093386, -0.011700130275723808]
[-0.18987729802410902, 0.026105224573759855]
[-0.08971520194542659, -0.056200172128668235]
[-0.12154591811232152, -0.12985600052277935]
[-0.12391470129000948, -0.04454447594728056]
[-0.008316469724406694, 0.013588133226979882]
[-0.10778127320807718, 0.07544224610632788]
[-0.10521089106282444, 0.051325864962399326]
[-0.0024576544940266842, 0.008349864437002807]
[-0.11496167632101884, 0.01606160425546932]
[-0.0703916716839521, -0.04317023898431227]
[-0.08687953291246453, -0.07165893383619615]
[-0.08437354290403665, -0.024784442871767176]
[0.005125620593625868, -0.005339078520933516]
[-0.07987763741931264, 0.038912329128759415]
[-0.07687037133751273, 0.04094378948751798]
[0.003644408427160517, 0.015565599465354518]
[-0.0819520139191372, 0.003527444682993819]
[-0.04900000772868296, -0.03613890369631001]
[-0.06499229321371591, -0.03825652170795113]
[-0.06451453301148757, -0.00985035715648408]
[0.006135050517751761, -0.011774504143545528]
[-0.060553201371198906, 0.01989969449590845]
[-0.051767618768726376, 0.03526281170695533]
[0.0009339719462386764, 0.01635551657605272]
[-0.06414117537238112, -0.0050715832485670465]
[-0.03094414402794321, -0.03201490795561779]
[-0.04879713781213324, -0.021942479161224604]
[-0.05227825386698526, -0.0020118314442942875]
[0.0010372911117124683, -0.012592989025923096]
[-0.04511613330345865, 0.012117061504071103]
[-0.03285605648491208, 0.03129152129762858]
[-0.004615060948736538, 0.014852010034951846]
[-0.05261377931238309, -0.007755357630140791]
[-0.018468241378290284, -0.0280166170819085]
[-0.03543114017087701, -0.015546489257452945]
[-0.043861421512975785, -0.00042407804899946555]
[-0.004865208210735883, -0.011422337161687945]
[-0.03246750240022678, 0.009944461985381459]
[-0.020591534475319584, 0.02674256669100039]
[-0.00892455725807273, 0.012604095567013474]
[-0.04451811490106916, -0.005783046895020849]
[-0.011105732456018869, -0.02278190232558136]
[-0.024745862445775257, -0.013638312080388959]
[-0.03781358661863843, -0.0024243749761559408]
[-0.008480205940055163, -0.009425067748740856]
[-0.023120227544023653, 0.009734558353464706]
[-0.013523009291027233, 0.020937228304275024]
[-0.01042353613168201, 0.009825974754810396]
[-0.03850532752578045, -0.0017984465080633782]
[-0.007218339483848757, -0.01664061007639317]
[-0.01743455859386378, -0.013121967633415998]
[-0.03297918840296732, -0.0052661520584201815]
[-0.009128184877995382, -0.006806180514366933]
[-0.017475510913968595, 0.009849658256583127]
[-0.009719751931986043, 0.014685748527852815]
[-0.00951334710940821, 0.006660500728149721]
[-0.033399762426923774, 0.00189349067535316]
[-0.005327532598962514, -0.010879798817054365]
[-0.01363201108734402, -0.01279125014375504]
[-0.028339678005528945, -0.007266867594229787]
[-0.007702147542192339, -0.003910449124650217]
[-0.015013762268776265, 0.009854382801229356]
[-0.007774524245014458, 0.009350184818173901]
[-0.00741394313549093, 0.0036840905498755627]
[-0.02832634978220283, 0.004178799932911814]
[-0.004614449365392792, -0.006676716366415647]
[-0.012505061081653501, -0.012362298623178614]
[-0.023432863419966532, -0.007980991346991928]
[-0.005493026997065997, -0.0014541541282109272]
[-0.014469249315023802, 0.009639204073290886]
[-0.006976429836170306, 0.005860342373133376]
[-0.005178219447116383, 0.0016518035624485394]
[-0.02308075274172594, 0.005026571075014197]
[-0.004703145543252241, -0.004428211834830331]
[-0.01268750694730647, -0.011698858928997136]
[-0.018510982355935957, -0.007693969662410538]
[-0.0033980762368572837, -0.0001290681055907683]
[-0.014501308181502637, 0.009011769808791481]
[-0.006943624127386805, 0.004286166851825257]
[-0.003315881747024463, 0.0009831469782626279]
[-0.0181053313121724, 0.0048906500204256576]
[-0.0052472056060676175, -0.003751195219096143]
[-0.012977014924463431, -0.010583043308623197]
[-0.014227244485257806, -0.006822613039732861]
[-0.0017653254048057843, -0.0001447163260046569]
[-0.01425048907305504, 0.007781586291271569]
[-0.007250658799445142, 0.004044919676200909]
[-0.0019433767392840195, 0.0015018404851430134]
[-0.014058637958503706, 0.004195211814411071]
[-0.005760731964997268, -0.003923018234539666]
[-0.012753078180066879, -0.008891469728862678]
[-0.011125104035814792, -0.005629385967760359]
[-0.0006461474858930893, -0.0011274465161986158]
[-0.013459890376699146, 0.00600378550993752]
[-0.007375509651798895, 0.004396350373103042]
[-0.0010803750256039857, 0.00259822581379332]
[-0.01133409059493884, 0.003184424112755213]
[-0.005773102320882018, -0.004329567869811202]
[-0.011946115157503101, -0.00679903963260764]
[-0.009312255372166178, -0.004273168800950772]
[-6.147163488612328e-05, -0.0024024778472818142]
[-0.012244598101186832, 0.0040470193978810465]
[-0.006915889410646581, 0.0048142868646103565]
[-0.0007805347480946967, 0.0036203592795664985]
[-0.009857468314080187, 0.0020414739225760314]
[-0.0050844447219374755, -0.004641981772995241]
[-0.010747618470925313, -0.0047476075917907146]
[-0.00848444275478677, -0.002959293339765967]
[-5.4322004650941835e-05, -0.0033897413160501877]
[-0.010799900980679566, 0.0024051955342839215]
[-0.005805809858946853, 0.005057867337198707]
[-0.0010536384063519755, 0.004182154686329598]
[-0.009219625474864213, 0.0010146317061170695]
[-0.003862245952911625, -0.004736621257796614]
[-0.00935595409424883, -0.003199429602558812]
[-0.008179322787901594, -0.001966195466051701]
[-0.0005767441059018052, -0.0038301987345037425]
[-0.009266674905854533, 0.0014192787177581545]
[-0.004321579467462033, 0.005043123795808291]
[-0.0017438578572656904, 0.004221062792673563]
[-0.008955734744263477, 0.00038539252578312366]
[-0.0025032219375642484, -0.004551738182836607]
[-0.007907519493796311, -0.0023845253915752984]
[-0.008020549057946913, -0.0015186154968329646]
[-0.0014006075567688514, -0.0037576284393237014]
[-0.007762527804350161, 0.001125290391041922]
[-0.0028817332688771957, 0.004719871927295394]
[-0.0025310580042487985, 0.0038629424525353784]
[-0.008742492223748677, 0.00031894973089285905]
[-0.001387113410917254, -0.004040426788011309]
[-0.006536112565394048, -0.0022242766402318093]
[-0.007802060334342276, -0.001641429895133828]
[-0.0021764531057130165, -0.0033334774893847285]
[-0.0064450931626629515, 0.0013089004560731254]
[-0.0018080964621968176, 0.004065362997600852]
[-0.0030743196279754414, 0.003264956713417533]
[-0.008423427065505806, 0.0007524454631933075]
[-0.0007054701304954891, -0.003226196925157465]
[-0.005415678744842944, -0.0024463213337639345]
[-0.00743420652430854, -0.0021346726555157847]
[-0.002602412230807233, -0.002714196421745446]
[-0.005493409251180248, 0.001678962793390415]
[-0.0012092645817085579, 0.00315088793391205]
[-0.003181116283516916, 0.002554188094084253]
[-0.007932384191775221, 0.0014274533825382463]
[-0.000449875369693431, -0.0022570654816396196]
[-0.004709121607829991, -0.0027652215425808535]
[-0.006869381584494905, -0.0026904954302118256]
[-0.0025670506104513713, -0.002025637203264069]
[-0.005012022273384209, 0.002012977155706794]
[-0.0010192265296830594, 0.0021687653886433983]
[-0.0028747237247677138, 0.0018518862108068967]
[-0.007234747230272065, 0.0020386513140238094]
[-0.0005071160142468834, -0.0013703407877376783]
[-0.004467776963038753, -0.0029942021490734216]
[-0.006090790399778556, -0.003055278373396142]
[-0.002165673475872265, -0.0013973183590585414]
[-0.004950788383068339, 0.0021960269987874315]
[-0.0011052726007055869, 0.0013626219094123038]
[-0.002329851730220045, 0.0012982114982361403]
[-0.0063379037012171735, 0.002382344259583391]
[-0.0007520850346309782, -0.0007790453561531407]
[-0.004580921931848225, -0.003048864136642848]
[-0.005150854068539296, -0.0031228713269957353]
[-0.0016018616034901845, -0.0009702207941857388]
[-0.005118376481339615, 0.0021822975505703113]
[-0.0013423410696088434, 0.00090605638331831]
[-0.0017489248493422482, 0.0010197607830842864]
[-0.005329146688834219, 0.002410620390425347]
[-0.0010761999230627373, -0.0005665721384363331]
[-0.004826560289266424, -0.0028991375636014116]
[-0.004188768696850587, -0.0029210818923335324]
[-0.0010660788692881118, -0.0008466036234584529]
[-0.005281809725862313, 0.001956400298400496]
[-0.0016209945475702536, 0.0008224926864071058]
[-0.0012740083602210683, 0.001061015229111062]
[-0.004371212875160402, 0.0021876918905027187]
[-0.0013714309673220626, -0.0006650555587524309]
[-0.004985209551385039, -0.002542664246476506]
[-0.0033831571900022617, -0.002539915793927705]
[-0.0006729471948874188, -0.001025863660632842]
[-0.005275848019468121, 0.0015368542468952029]
[-0.0018298100735850698, 0.0009990370460399856]
[-0.0009726026855996772, 0.001346173680922158]
[-0.0036347067498042618, 0.001814703739192236]
[-0.001526590438059583, -0.000919368683388655]
[-0.004933148197777348, -0.0020192134320480837]
[-0.0028647071623352782, -0.002073895383792629]
[-0.00046839867492919074, -0.001391150958891113]
[-0.005050760586666092, 0.001000056956854567]
[-0.001864594240146955, 0.0012689286793847732]
[-0.0008661898809379509, 0.0017123078729461838]
[-0.003212538425359457, 0.0013864003806434155]
[-0.00146216625567952, -0.0011763105915223449]
[-0.0046615919533499195, -0.001428964068027172]
[-0.002653540882294192, -0.0016089302935256011]
[-0.0004610035120835576, -0.001766343806527293]
[-0.004647374617378186, 0.0004769294572782856]
[-0.0016715189549113274, 0.0014937319604731436]
[-0.0009500443080436849, 0.0019922643135154017]
[-0.0030798354436187836, 0.0009895004983220268]
[-0.0011767708546981392, -0.001337113751247898]
[-0.004233954748635554, -0.0009121599131820535]
[-0.0026640198742677867, -0.0012305544085233766]
[-0.000632844055391768, -0.0020028605944590883]
[-0.004142558157023135, 0.0001040735564218076]
[-0.0012848455084224497, 0.0015966372304881682]
[-0.001185707710365469, 0.002087822218559132]
[-0.003123150608454639, 0.0007088115214119312]
[-0.0007585898619195675, -0.0013584188781217144]
[-0.003732679895830593, -0.0005896083020499043]
[-0.002763907247252312, -0.001016256755095979]
[-0.0009275062800649936, -0.0020365642827937513]
[-0.0036130404222712853, -4.08129660522949e-05]
[-0.000818488705284115, 0.0015506656078176917]
[-0.001489392827520808, 0.0019898295992112347]
[-0.003208280128158103, 0.0006104725792527577]
[-0.000344180267901284, -0.0012311091550512854]
[-0.0032339003335464245, -0.000504978818980456]
[-0.0028385724460683326, -0.0010038818497170032]
[-0.0012460090670470825, -0.0018871088489401666]
[-0.003129521581749256, 2.800826047089089e-05]
[-0.0004104446395341854, 0.0013580387902438762]
[-0.0017474786419341415, 0.0017493627522263688]
[-0.003235544199835072, 0.000708107964795146]
[-5.185244717051396e-05, -0.0009706572141039982]
[-0.0028075470893045296, -0.0006109242960774669]
[-0.0028210177344770715, -0.0011630318785952054]
[-0.0014745740238790717, -0.0016192291201891362]
[-0.002758902065510105, 0.00022389633756070282]
[-0.0001583277473975464, 0.0010466580640923207]
[-0.001861671877897625, 0.0014366086797794608]
[-0.003155418656009157, 0.0009444961907001392]
[6.513069934066529e-05, -0.0006238127643524716]
[-0.0025160972152368233, -0.0008048715897396308]
[-0.0026864371583181362, -0.0014005375557261668]
[-0.0015338844049754552, -0.001305225701622656]
[-0.0025514061670014465, 0.0004397954887027655]
[-8.754244147368695e-05, 0.0006773523880348464]
[-0.0017943933148583668, 0.0011182540697578514]
[-0.002955795305845055, 0.0012122414736934761]
[2.153555277334407e-05, -0.00027035152363263926]
[-0.0023959989954241423, -0.000983478343488997]
[-0.0024369213837464043, -0.0016028933338395057]
[-0.0014152146167638602, -0.0010102610777932286]
[-0.002515064308866083, 0.0005936495806365405]
[-0.0001630340325728119, 0.00033806063195182534]
[-0.0015814631212280883, 0.0008546564065841644]
[-0.0026485964667068984, 0.0014037913121622836]
[-0.00012861189940011064, -1.3158839704541236e-06]
[-0.0024337167346801802, -0.0010788226344309315]
[-0.0020971732686506095, -0.0016876642566998612]
[-0.0011775353059267912, -0.0007921521015055166]
[-0.0026014356885133427, 0.0006439867025646029]
[-0.0003227791867846941, 0.00011396389951817687]
[-0.0013053194879675822, 0.0006977730058492088]
[-0.0022692211611819307, 0.001457308844798541]
[-0.00032273191349574404, 0.00011972979285579388]
[-0.0025616085627749863, -0.0010634650365209941]
[-0.0017184096214020728, -0.0016308768937856044]
[-0.0009106642824727174, -0.0006957782631793474]
[-0.0027214081160953363, 0.0005818589754356118]
[-0.0005040870048851342, 4.9056792069901434e-05]
[-0.0010513975805735987, 0.0006769233323079549]
[-0.001878735819367705, 0.001371086325121701]
[-0.0005037987640399422, 8.613863681501688e-05]
[-0.0026846431129006476, -0.000938595391890451]
[-0.0013729371097934706, -0.0014596568934653886]
[-0.0006929289896223656, -0.0007359877593443587]
[-0.002784934653125057, 0.0004200526601738641]
[-0.0006521941956170382, 0.00012660628411476083]
[-0.000877161458734177, 0.0007803915574141618]
[-0.001551814896447068, 0.0011861792292352513]
[-0.0006223410063085633, -5.290528980170239e-05]
[-0.002722872092425943, -0.0007254563040941797]
[-0.0011302940991757549, -0.001225699700954444]
[-0.000568789271591541, -0.0008829978700887475]
[-0.0027388497842029125, 0.00019124045089591313]
[-0.0007216190483429474, 0.00028227940880998226]
[-0.0008058355904807246, 0.0009522215502479892]
[-0.0013482896621931362, 0.0009584482450528675]
[-0.0006413099108441012, -0.00022149341054100713]
[-0.0026421004304809648, -0.00046530152849000306]
[-0.0010262542617427567, -0.0009826663289796839]
[-0.0005499858849694339, -0.001068274154259266]
[-0.0025801431169395483, -5.149547249419517e-05]
[-0.0006838966132552415, 0.00043872503844316624]
[-0.0008350791820563308, 0.0011135868406244587]
[-0.0012852819856870035, 0.0007403238938427092]
[-0.0005493326331643955, -0.00035208325129953977]
[-0.0024564742585515553, -0.00021708456412417032]
[-0.001046391718577011, -0.0007773355909873048]
[-0.0006258163533972017, -0.0012130679712692993]
[-0.002342894605582374, -0.00024484223664937577]
[-0.0005414378610000409, 0.0005372193276309556]
[-0.000944562188703868, 0.0011975567222745065]
[-0.0013302081146352451, 0.0005755781147472327]
[-0.0003720574737191562, -0.00040539654093874056]
[-0.0022090719791782454, -4.206860269317936e-05]
[-0.0011360871434573094, -0.0006474163933530841]
[-0.0007687602185592057, -0.0012625715274261484]
[-0.0020751188830778755, -0.00033836542181955864]
[-0.00033398295052178284, 0.0005500939309119879]
[-0.0010972255501165845, 0.0011751395091509492]
[-0.0014195393180760768, 0.0004967506254900667]
[-0.00016727509347780334, -0.0003708289804235654]
[-0.0019493294125433325, 2.103751799797937e-05]
[-0.0012288753079384152, -0.0006152440299326267]
[-0.0009353679116016478, -0.0012043901034609616]
[-0.0018224471824834776, -0.0003174361765817535]
[-0.00012622624899710777, 0.0004761666042271129]
[-0.0012420219978123148, 0.0010585283627049524]
[-0.0014892637419418597, 0.0005169373173894432]
[-1.4877110755540102e-06, -0.0002581937841093368]
[-0.001720603505833293, -2.573099275199331e-05]
[-0.001273457528410571, -0.000676930968410705]
[-0.0010721583092889175, -0.0010634307841640434]
[-0.0016224781943069977, -0.00020941061819657047]
[1.9633521379555652e-05, 0.00033216882367959055]
[-0.001326785282254328, 0.000885475458185736]
[-0.0014974024308982425, 0.0006199906892102591]
[7.869515119934833e-05, -9.226656192888594e-05]
[-0.001556713589436931, -0.0001417285504422272]
[-0.001245274058228496, -0.000797412362963601]
[-0.0011320946186174352, -0.0008827085236429305]
[-0.001502118408662767, -6.838502291450776e-05]
[6.971734958904907e-05, 0.0001487163422495552]
[-0.0013187436188644014, 0.0006999348581895326]
[-0.0014294357724120438, 0.0007607198404063764]
[6.269313651119379e-05, 8.895572962930309e-05]
[-0.001478498583884269, -0.0002687917373080939]
[-0.001143445017851935, -0.0009207802069416127]
[-0.0010946822290834879, -0.0007056892959677319]
[-0.001471025940336157, 5.048003091724651e-05]
[2.7386506774751407e-05, -3.2034187197119146e-05]
[-0.0012197520568408837, 0.0005405395837468907]
[-0.0012921216301961524, 0.0008809115601754458]
[-2.7643460400961217e-05, 0.00023971043848702855]
[-0.0014863757630048102, -0.00035666869165196236]
[-0.0009834041228741763, -0.0009932630487459182]
[-0.0009757682175408622, -0.0005679625052922299]
[-0.0015139381128290857, 0.0001106917014665823]
[-7.651753579696052e-05, -0.00016477941927439677]
[-0.0010647642663428325, 0.0004368350461377013]
[-0.0011064782324466393, 0.0009337984892093254]
[-0.00015414125198554007, 0.00032029520940823897]
[-0.0015548156301184446, -0.0003779642515152615]
[-0.000792703530845762, -0.0009852688303082502]
[-0.0008191852212110495, -0.0004946545708630623]
[-0.0015911237380064058, 9.989095248408297e-05]
[-0.00020131001759549072, -0.00021692632744801932]
[-0.0009041523221068049, 0.0004062435147678817]
[-0.0009044199071559095, 0.0009020746545707059]
[-0.00027789860522581256, 0.00031387193986340267]
[-0.0016376241962950955, -0.0003288066239990062]
[-0.0006082870881096158, -0.0008994778072762832]
[-0.0006756818172234391, -0.0004966275458725411]
[-0.0016519353071215714, 2.4944598855158873e-05]
[-0.00030984998059147006, -0.00018344127083602668]
[-0.0007818005666719308, 0.0004481849831195761]
[-0.0007248654296370671, 0.0007996099756596708]
[-0.00036724348671213214, 0.00023480649101162432]
[-0.0016853594656378729, -0.00022217640458177534]
[-0.00046910449675885424, -0.0007629016574589031]
[-0.0005828130897250205, -0.0005646534229049038]
[-0.0016556296828021122, -9.4412607206662e-05]
[-0.0003740293498627062, -8.973738558870625e-05]
[-0.0007216830247122608, 0.0005398467587820477]
[-0.0006039720213999455, 0.0006593027160189946]
[-0.00040043367679992725, 0.00012171492277755769]
[-0.0016657135853529459, -8.215307154953166e-05]
[-0.0004027305895146771, -0.0006116338152322431]
[-0.0005560926516188225, -0.0006679337817593681]
[-0.0015870187373241973, -0.0002291665867210635]
[-0.0003769433355546581, 2.0482013856293335e-05]
[-0.0007267285006254121, 0.000640878713379256]
[-0.0005611348295358962, 0.000517726496009896]
[-0.00036879277689638723, 1.9423940262996986e-05]
[-0.0015746000695790463, 5.938651972148268e-05]
[-0.0004128228713599358, -0.00047872076440344524]
[-0.0005914027933962562, -0.0007629144482711736]
[-0.0014583148467698925, -0.0003448613216156249]
[-0.0003165282828556104, 0.00010466740162191901]
[-0.0007845191016209729, 0.0007083021354478136]
[-0.0005893681127105976, 0.00040530888544665356]
[-0.00028125764076589177, -3.867260802825623e-05]
[-0.001432720810098348, 0.00016798535823692173]
[-0.00047662273379889264, -0.00038879068535918604]
[-0.0006715106391130266, -0.0008103677804583986]
[-0.001298799583699467, -0.0004100575215316496]
[-0.00020929046335815826, 0.00013636523779480408]
[-0.0008727293933525337, 0.0007140965640979186]
[-0.0006578002352179979, 0.00034275857451282477]
[-0.00016528894957834606, -3.877704304955376e-05]
[-0.0012726837049988338, 0.00021670329032685842]
[-0.0005553552223019897, -0.00035596473799559547]
[-0.0007709006505309535, -0.0007911790461830881]
[-0.0011412409261544743, -0.0004082141880693557]
[-8.82813858750775e-05, 0.00010932663625884409]
[-0.0009625692303024957, 0.0006550050914280875]
[-0.0007256706155589487, 0.00033914865470621725]
[-5.9161328700430005e-05, 1.509861020759784e-05]
[-0.0011262438836778799, 0.0001974529475826381]
[-0.0006111602544582873, -0.0003809666520178112]
[-0.000859354938564566, -0.0007115839107538768]
[-0.0010128037406713364, -0.0003458673416216751]
[7.798970291961194e-06, 3.326964336369809e-05]
[-0.0010236031207616625, 0.0005497892116957392]
[-0.0007591477207249953, 0.00038890602883592806]
[2.8086931123938452e-06, 0.00010695879805441844]
[-0.0010173671168680204, 0.00012577880909370176]
[-0.0006204231909827107, -0.00044830623835312444]
[-0.000908092759465684, -0.0005963449099360418]
[-0.000931518614070842, -0.0002504728787636745]
[5.008342147180822e-05, -7.215404179883311e-05]
[-0.0010324575008492376, 0.0004279856465121412]
[-0.0007415544867739321, 0.00047035928507521696]
[4.045759251503078e-06, 0.00021352637277849418]
[-0.0009599372448187982, 3.44748564939934e-05]
[-0.0005777334724020311, -0.0005282963375308411]
[-0.0008993145798538854, -0.00047629133154510755]
[-0.0009046037898871595, -0.00015823007936660582]
[3.066483466085401e-05, -0.00018158864100159544]
[-0.000982489858498553, 0.0003184051605071847]
[-0.0006739536665262419, 0.0005505434088246552]
[-4.9542092251331216e-05, 0.000307814058858602]
[-0.000956115488538023, -4.0715233435850706e-05]
[-0.0004922769825669027, -0.0005865862226910601]
[-0.0008344475824936803, -0.0003781761806397471]
[-0.0009261608881817318, -9.922836280307212e-05]
[-3.6857392690992086e-05, -0.0002679583347118403]
[-0.0008878491855531245, 0.00024260032137363163]
[-0.0005699893029548209, 0.0005968982368565467]
[-0.00013542970497204543, 0.0003646294937202921]
[-0.000994319043849723, -7.475873448814507e-05]
[-0.000382268367647598, -0.0005976686672513609]
[-0.0007347359893570826, -0.000320004475586555]
[-0.0009762587134523326, -8.817612767549055e-05]
[-0.00012614003878597124, -0.0003090346982522474]
[-0.0007778851832970224, 0.00021262605787920885]
[-0.00045046407377874464, 0.0005903017868948424]
[-0.0002255577574043488, 0.0003688013478129193]
[-0.0010499824495483479, -5.946918455190797e-05]
[-0.00027078763251056626, -0.0005546965408192994]
[-0.0006323635910898545, -0.00030960628387033395]
[-0.001025311295101139, -0.00012365219037491215]
[-0.00020937937760157066, -0.0002957333128848494]
[-0.0006845516801590457, 0.0002297320942064307]
[-0.0003394627471725864, 0.0005318097267676264]
[-0.000295623997322747, 0.00032223194022362733]
[-0.0010923310734802238, -1.6169376795688306e-06]
[-0.00018197222622667875, -0.0004700764243085187]
[-0.0005570028706556873, -0.0003433879963250508]
[-0.0010443538634966887, -0.00019270513954317003]
[-0.00026500779878005365, -0.00023716299190690293]
[-0.0006301949478489388, 0.00028292178411870594]
[-0.00026000987705193657, 0.0004396683326992057]
[-0.0003295411764398029, 0.0002443321728662698]
[-0.0010958158706357024, 8.25209174523528e-05]
[-0.00013521714413866626, -0.00036774086137628115]
[-0.0005254836062302815, -0.00040553031438028686]
[-0.0010165050677391485, -0.00027597056662664876]
[-0.0002806373476934021, -0.0001578346964619115]
[-0.0006218929069640167, 0.00034990204768814426]
[-0.00022758906010095226, 0.00033977155231690315]
[-0.00032076851056239697, 0.00016417339402804987]
[-0.0010502229493553616, 0.0001719679541029584]
[-0.00013802404713536554, -0.0002729589419537132]
[-0.0005390373098555119, -0.00047070814383821935]
[-0.000942971388935232, -0.0003514707009771856]
[-0.00025387005542876206, -8.752131037936817e-05]
[-0.0006530245642933363, 0.00040315765048459795]
[-0.00024358436521744464, 0.00025599292071765145]
[-0.00027319978605086503, 0.00010851589168869857]
[-0.0009635336141967099, 0.00024473844382089105]
[-0.00018169858426941854, -0.00020518902191359045]
[-0.0005867917696472102, -0.0005120090913968978]
[-0.0008404546814455294, -0.00039863352005285735]
[-0.00019301166865817732, -4.9455449064303436e-05]
[-0.0007082632168590175, 0.00042004433076037184]
[-0.0002932763547235928, 0.00020465614648162989]
[-0.0002015615381141811, 9.247292076375313e-05]
[-0.0008564975879165604, 0.0002823742157016529]
[-0.00024388904932304278, -0.00017525174918803232]
[-0.0006511037838045075, -0.000511273649036692]
[-0.0007326019381813376, -0.0004039681061808048]
[-0.00011656544397864455, -5.322794200714881e-05]
[-0.0007681799074365503, 0.0003917412427115602]
[-0.0003511384755126301, 0.00019288061037277954]
[-0.00012879892752043487, 0.00011689720564567185]
[-0.0007531958428326768, 0.00027586314486133245]
[-0.0002976236858037856, -0.0001846584791277417]
[-0.0007118124764838446, -0.0004661175786957461]
[-0.0006411652476074892, -0.0003667095402694054]
[-4.8947512848174224e-05, -9.468351343500103e-05]
[-0.0008128064468151674, 0.00032582718579918235]
[-0.00039120515763022, 0.00021825974077828436]
[-7.90023746081725e-05, 0.0001715001938252525]
[-0.0006731844557459066, 0.00023017634199933718]
[-0.0003219096650143305, -0.00022522952945058794]
[-0.0007498245665737424, -0.00038956829665987014]
[-0.0005808105671336328, -0.0003004677300848524]
[-1.220028162163267e-05, -0.00016032510244046172]
[-0.0008257434168400524, 0.0002414421746371187]
[-0.0003967376778828968, 0.000268809172882023]
[-6.823851997868335e-05, 0.00023983009257326493]
[-0.000627803956633366, 0.00016357538788500103]
[-0.00030821695974092567, -0.00027981029389903544]
[-0.0007516123806453334, -0.0003031793358522217]
[-0.0005575416825038815, -0.00022845239844598852]
[-1.7339117827142037e-05, -0.00023228613244030694]
[-0.0007993151712508834, 0.00016073038062336398]
[-0.0003643889587003901, 0.00032473778845298895]
[-9.829819126594419e-05, 0.00030337232467517183]
[-0.000619474565687006, 0.0001006865737017415]
[-0.0002606563930120341, -0.0003262242119410619]
[-0.0007141764055176164, -0.00022833437728272954]
[-0.0005685452389689871, -0.00017416605324224732]
[-6.032874064820781e-05, -0.0002921122869003756]
[-0.0007384516824920362, 0.0001015816562249805]
[-0.00030235473807552204, 0.00036382002257628887]
[-0.0001570129411985477, 0.00034494284578412415]
[-0.0006418162260275473, 6.272505913851312e-05]
[-0.00019194573565389783, -0.00034467417039335535]
[-0.0006474739492420833, -0.0001802196179927773]
[-0.0006024013962283303, -0.0001526543153000659]
[-0.00012494364208221614, -0.00032424494259105513]
[-0.0006599621322080917, 7.414042024564416e-05]
[-0.00022559281362588557, 0.0003693687016568803]
[-0.00022447466143143968, 0.00035269973656015807]
[-0.000680340918584571, 6.0188619332435245e-05]
[-0.00011870745695324869, -0.00032544611798984713]
[-0.0005715163661219602, -0.00016563548328896172]
[-0.0006408787446179898, -0.0001666616297601453]
[-0.0001902765740960377, -0.00032021838733760355]
[-0.0005862819809907549, 8.017197737272136e-05]
[-0.00015133600174266348, 0.00033684096160386395]
[-0.0002809984633953544, 0.00032444256653446635]
[-0.0007153323795944799, 9.121255099880932e-05]
[-5.782727317851788e-05, -0.00027250027804581745]
[-0.0005086344426938755, -0.00018299284738099164]
[-0.0006638228308334382, -0.0002082808043348261]
[-0.00023827986317520589, -0.00028238002965491615]
[-0.0005366419977645975, 0.00011335307436259254]
[-9.570794132907068e-05, 0.0002751447718851163]
[-0.00031274049335575094, 0.0002696417440587115]
[-0.0007277972216628015, 0.00014474004084610165]
[-2.322465041731947e-05, -0.00020088174957555438]
[-0.00047489725691496343, -0.00022287141275512123]
[-0.000656286691731782, -0.0002634003563078968]
[-0.000258074577610172, -0.00022429509405208492]
[-0.0005204083559134376, 0.00016013091020755654]
[-7.040338176445005e-05, 0.00020201849432555097]
[-0.000313771868327678, 0.00020674632044257596]
[-0.0007065707977503277, 0.00020529162443915644]
[-2.215251372239546e-05, -0.00012987408004851153]
[-0.00047517464389237873, -0.0002694761368027404]
[-0.0006144286869619875, -0.00031598305649949143]
[-0.00024695285849293813, -0.00016620018046675789]
[-0.0005355384519052098, 0.00020246496412801296]
[-7.904663470459372e-05, 0.00013657447381099086]
[-0.0002860082784179041, 0.0001561777865032865]
[-0.0006527283094682756, 0.00025692217510589477]
[-5.200298578143803e-05, -7.603624006766174e-05]
[-0.0005035301990867908, -0.00030438134133978917]
[-0.0005466645671238224, -0.0003512982821270716]
[-0.00020985386437069597, -0.00012718152474119893]
[-0.0005714928175371836, 0.0002232121863039449]
[-0.00011488052268252003, 9.313848532177538e-05]
[-0.000238502735967136, 0.00013253511413202634]
[-0.0005785919123010574, 0.00028625684314909083]
[-0.00010006934554485092, -4.915924980219977e-05]
[-0.0005471707274433135, -0.00031256379061056494]
[-0.00046945212771055955, -0.0003589419400028132]
[-0.00015835717281900696, -0.00011818106495503633]
[-0.0006137211070366688, 0.00021249197283673693]
[-0.0001621616023765593, 7.846928970511868e-05]
[-0.00018593033556024707, 0.00014006683931966357]
[-0.0005020484603033004, 0.000285540857196398]
[-0.0001477147518519628, -5.133045589922336e-05]
[-0.0005909416171468174, -0.0002882352312917891]
[-0.00040044071231482015, -0.0003360128202496704]
[-0.00010851092038405286, -0.00013927164374535894]
[-0.0006474494983077367, 0.00017162621843275216]
[-0.00020175770297282264, 9.16640124296042e-05]
[-0.0001451093887431809, 0.00017301345117143319]
[-0.0004396562543135807, 0.00025550778256405726]
[-0.00017748378518886443, -7.753336619398254e-05]
[-0.0006207575218933059, -0.0002370951307186786]
[-0.00035274387418937625, -0.00028905335427320544]
[-7.652676013436555e-05, -0.00018158904039472512]
[-0.0006605425128341502, 0.00011220533619496487]
[-0.00021846346851350784, 0.0001250956881477111]
[-0.00012955518118853981, 0.0002192839802646132]
[-0.00040194055529255146, 0.00020623616338883918]
[-0.0001794864939535512, -0.00011676041033231721]
[-0.0006263084795151419, -0.00017353692197569215]
[-0.00033232103331044816, -0.00023268406042797896]
[-7.311340072260752e-05, -0.00023161723922804356]
[-0.0006462308279681084, 5.087263767716843e-05]
[-0.00020620658234710154, 0.0001658689699637339]
[-0.00014425105483492628, 0.00026471751185478537]
[-0.0003919108590582643, 0.00015428211395282498]
[-0.00015390929112582552, -0.00015413729492706058]
[-0.0006037118661308405, -0.00011452641428009308]
[-0.00033792550328493043, -0.0001844805515527903]
[-9.917131450176697e-05, -0.0002752479002551267]
[-0.0006055800992310761, 2.9509786568793217e-06]
[-0.0001688333990233215, 0.0001985943106689314]
[-0.00018365199655559494, 0.00029636381065528683]
[-0.0004056426787196754, 0.00011660437027982695]
[-0.00010922894696657748, -0.00017487556511957408]
[-0.0005574492277501397, -7.362489055484644e-05]
[-0.0003621115156040855, -0.0001582981885641377]
[-0.00014551358228559463, -0.0003007118494735908]
[-0.0005481354383656822, -2.1954546281455212e-05]
[-0.00011711787626858539, 0.00020992272601028095]
[-0.00023426928521536744, 0.00030499238324116495]
[-0.0004335551823033412, 0.00010420425037255265]
[-5.8187488176375535e-05, -0.00016938176116132464]
[-0.0004998368151620247, -5.770062240986751e-05]
[-0.00039273938281781523, -0.0001595011968567317]
[-0.00019693054998692894, -0.0003009434636114944]
[-0.0004892366979976082, -2.1347675973129587e-05]
[-6.448377958545581e-05, 0.0001934738361944327]
[-0.00028031919447504827, 0.00028742579699908566]
[-0.00046229313591497623, 0.0001187421229965624]
[-1.3924889732175316e-05, -0.00013711322932896675]
[-0.0004470797059700493, -6.650066221858264e-05]
[-0.0004156084066216925, -0.00018423898797154115]
[-0.00023822902688658276, -0.0002757064039799195]
[-0.0004444549106899093, 7.716841686974951e-07]
[-2.346609553903478e-05, 0.00015250770014860193]
[-0.0003092788254202561, 0.0002481661146017111]
[-0.0004779373352167826, 0.0001533445576845649]
[1.2807706146172881e-05, -8.67827037351887e-05]
[-0.0004132377832876538, -9.372526360468258e-05]
[-0.00041859312888631317, -0.00022223995557729692]
[-0.0002590834882577331, -0.0002325134248480909]
[-0.000423770460677958, 3.523754850465188e-05]
[-3.2463321369413656e-06, 9.852538597335259e-05]
[-0.00031497050700440843, 0.00019880042612037407]
[-0.0004704404245055721, 0.0001962205587875826]
[1.5799080968825763e-05, -3.259603904406938e-05]
[-0.0004051227122187362, -0.00012859542820156666]
[-0.000396081737566778, -0.0002608559796173915]
[-0.0002560305585157241, -0.00018487596350386104]
[-0.0004284656328945313, 6.958591005490344e-05]
[-7.665964520120472e-06, 4.6453255756639944e-05]
[-0.0002979437008537311, 0.0001543447680311949]
[-0.00043754062363315915, 0.00023468291492903526]
[-4.787836158176573e-06, 1.1346478282995426e-05]
[-0.0004206380500319379, -0.0001581061508321123]
[-0.000351353885296557, -0.00028843998515609703]
[-0.0002320771850223835, -0.00014770187921220312]
[-0.0004518840102473651, 9.104994761549579e-05]
[-3.373680869214572e-05, 9.093987858366237e-06]
[-0.00026437779291943464, 0.00012770999907718572]
[-0.00038582768396472344, 0.0002581357943876039]
[-4.170535799512265e-05, 3.5579129282849176e-05]
[-0.00045079957597848885, -0.00017046998008519304]
[-0.00029525013520076415, -0.00029666348486467875]
[-0.00019527458770493555, -0.00013173779561782145]
[-0.0004828308705279727, 9.05893563358795e-05]
[-7.174652799249448e-05, -6.513138247621342e-06]
[-0.00022448952694575225, 0.00012501933895731066]
[-0.00032803131134381824, 0.00026009953417688303]
[-8.231018718418692e-05, 3.714073754371161e-05]
[-0.0004836064964328646, -0.00015915419147635723]
[-0.00024170386704812363, -0.0002822853728269327]
[-0.0001569031614783445, -0.00013988265032286937]
[-0.0005093931976217214, 6.640717368146254e-05]
[-0.00010799039149372858, 3.383662704192769e-08]
[-0.00019035642631468064, 0.00014408854081426892]
[-0.00027793103409556874, 0.000239769385410038]
[-0.00011281332896034835, 1.916429876325232e-05]
[-0.000507641076121168, -0.0001256094039277511]
[-0.00020257645319732287, -0.0002483970308264638]
[-0.00012893665368396423, -0.00016705171518094364]
[-0.0005217872138797361, 2.486614595918063e-05]
[-0.0001296140104723037, 2.3499609663857335e-05]
[-0.00017273849364030092, 0.0001763261674319616]
[-0.00024558821917977647, 0.0002027931410539252]
[-0.00012338539671327697, -1.0562319243789808e-05]
[-0.0005145109235960288, -7.886957939434724e-05]
[-0.0001842493641249776, -0.00020421102615475473]
[-0.00012058695519340246, -0.00020302999242066688]
[-0.0005142317896390802, -2.205028629342909e-05]
[-0.00012935988525719644, 5.468332049192448e-05]
[-0.0001774232633899031, 0.00021039241356457516]
[-0.00023490371412993385, 0.00016020694337091218]
[-0.00011154280117103843, -4.14015571543469e-05]
[-0.000500450384998824, -3.1928736861808193e-05]
[-0.00018681675405166076, -0.00016249000650087053]
[-0.00013491493759418272, -0.0002363005203090962]
[-0.00048629914822054254, -6.147360717623229e-05]
[-0.0001078056959029905, 8.243517784600751e-05]
[-0.00020278863386294366, 0.00023562826500737877]
[-0.00024366557782184994, 0.00012501083836789773]
[-8.225271185210992e-05, -6.226968071991468e-05]
[-0.0004673996101875813, 3.2146805564459147e-06]
[-0.00020508733835672421, -0.0001350790548760028]
[-0.0001673523828435164, -0.00025712671275784915]
[-0.0004435093340181828, -8.410261327096435e-05]
[-7.22434877772557e-05, 9.635658578210915e-05]
[-0.00024022780507401698, 0.00024437043801117664]
[-0.0002649757872255909, 0.0001074661111782893]
[-4.5241081903291125e-05, -6.480215801295958e-05]
[-0.0004230389440347815, 1.9366309352258915e-05]
[-0.00023025589962735737, -0.00012854015425314835]
[-0.00020734186288426382, -0.0002594750682727645]
[-0.0003962573522346413, -8.649125439336158e-05]
[-3.3348300339380854e-05, 9.004691020686462e-05]
[-0.0002775342550887759, 0.0002334000154651794]
[-0.000289087381193872, 0.00011138596539489454]
[-1.1360196333742856e-05, -4.640995803972814e-05]
[-0.0003788987708482905, 1.5470402718043008e-05]
[-0.00025187164960986663, -0.00014210120146967292]
[-0.00024247095422078035, -0.00024219899426992236]
[-0.000356619239092415, -7.09745510167406e-05]
[-1.6168478430278466e-06, 6.366115548341739e-05]
[-0.0003035244314761043, 0.00020483715565944305]
[-0.00030556558505204223, 0.0001332693089896031]
[1.0349546277196864e-05, -1.1573806363240902e-05]
[-0.00034655375229278307, -4.155617714052262e-06]
[-0.0002603626645971413, -0.0001687265117917558]
[-0.00026296781473955644, -0.000209596016343766]
[-0.0003340141994258722, -4.425124084254939e-05]
[1.5156422268444714e-05, 2.417015321396626e-05]
[-0.00031160234616439686, 0.0001660615382041708]
[-0.00030601303562230453, 0.0001643753758711619]
[1.4462311234753056e-05, 2.972078836865899e-05]
[-0.00033338264231141945, -3.152515599735839e-05]
[-0.00024999279213584746, -0.00019826952960760869]
[-0.0002644728532154583, -0.00017071734845935937]
[-0.00033179231633356787, -1.5564806890244753e-05]
[1.3316576784105916e-05, -1.7235217305511252e-05]
[-0.0003010020949682536, 0.0001278975791245418]
[-0.00028690800800067195, 0.0001942214680189236]
[2.025140575789841e-07, 6.584720896993246e-05]
[-0.00034001444147704896, -5.6921003312684904e-05]
[-0.0002211530807112727, -0.00022086117926090054]
[-0.0002484065873786939, -0.00013683649590018332]
[-0.0003464568808713153, 5.371833157963302e-06]
[-5.887202428944693e-06, -4.941607530839498e-05]
[-0.0002760227227968093, 0.00010107945595891343]
[-0.000251221930542167, 0.00021372308514308602]
[-2.814678699371298e-05, 8.77408756068121e-05]
[-0.0003606746095860536, -7.112958427939187e-05]
[-0.00018053944150986379, -0.0002293104740838936]
[-0.00022068043248210656, -0.00011757074403095924]
[-0.0003696334584072647, 1.089782713348253e-05]
[-3.628878021850329e-05, -6.508586745385125e-05]
[-0.00024434315598220735, 9.234004336566848e-05]
[-0.00020757888733330399, 0.0002171581436385961]
[-6.197772197988338e-05, 9.149514965996197e-05]
[-0.00038590248955938655, -6.804241027666413e-05]
[-0.00013870483308706105, -0.00022042691528702946]
[-0.00018983451978588778, -0.00011735188113774081]
[-0.0003913892543653541, -2.0258225294222942e-06]
[-6.815265669796178e-05, -6.255316084330387e-05]
[-0.00021512340247950568, 0.00010206676370216883]
[-0.00016701752127627062, 0.00020315389636565984]
[-9.074740140707638e-05, 7.868502731506188e-05]
[-0.00040595878191646007, -4.692130699757158e-05]
[-0.00010606237640410632, -0.00019564936945304714]
[-0.00016505396506250047, -0.0001340461623020664]
[-0.00040322479765708685, -3.0389131856038698e-05]
[-9.112735939215133e-05, -4.529371576824509e-05]
[-0.00019688897965697283, 0.00012465558448926384]
[-0.00013890500195409827, 0.00017502879372471858]
[-0.00010557276612306946, 5.5095515042180576e-05]
[-0.0004134522991589701, -1.3043933242251615e-05]
[-8.93264156363871e-05, -0.0001609542734974101]
[-0.00015394662554002458, -0.0001602952411701719]
[-0.00039993056208342814, -6.596769580104189e-05]
[-9.791361226316186e-05, -2.0311493572823525e-05]
[-0.00019514463358744072, 0.00015109033618507933]
[-0.00012797722088714325, 0.00014026555713634453]
[-0.00010248392806300188, 2.8888585370701048e-05]
[-0.00040476978191017476, 2.4054005879126095e-05]
[-8.98852222728716e-05, -0.00012553079196175876]
[-0.00016021140831193326, -0.00018658022518797113]
[-0.0003804650533181242, -9.836619313127737e-05]
[-8.69167786338998e-05, 3.788516977409895e-06]
[-0.0002103391825089007, 0.00017218354486792098]
[-0.0001335500142217172, 0.0001086182246889493]
[-8.367789834698436e-05, 8.682356190933826e-06]
[-0.00038064505011289884, 5.4142556318609314e-05]
[-0.0001042383654603074, -9.901504792819704e-05]
[-0.00018206318756694428, -0.00020434218860271303]
[-0.0003481815038032382, -0.00011884582437893254]
[-6.252097204736962e-05, 1.8774509852881316e-05]
[-0.0002373326745286064, 0.00018107783825405122]
[-0.00015056090597101446, 8.897162039619988e-05]
[-5.6231258669471595e-05, 1.4724119206457886e-06]
[-0.0003460792832110926, 6.993775301079863e-05]
[-0.00012560670458028333, -8.809509700874463e-05]
[-0.00021251844405040243, -0.00020805495991997602]
[-0.0003102452316843807, -0.00012309750470912428]
[-3.3004070916539674e-05, 1.8903282129945076e-05]
[-0.0002670768492334663, 0.00017458014521365417]
[-0.00017140927740222356, 8.61228705308914e-05]
[-2.918835894827332e-05, 1.0510472191735398e-05]
[-0.00030931018360316753, 6.915909976977497e-05]
[-0.00014581874547682505, -9.407138535805215e-05]
[-0.0002418418239898898, -0.00019616153725820346]
[-0.0002758205500928146, -0.00011196537205879209]
[-7.391048400778866e-06, 2.8515762087177876e-06]
[-0.0002899619058016334, 0.00015363099926613]
[-0.000187875648474764, 9.908784608092525e-05]
[-1.0589326175008962e-05, 3.39092300469801e-05]
[-0.00027952047316878725, 5.4487025522076404e-05]
[-0.00015719977042341626, -0.00011263487566288977]
[-0.00026113909646391376, -0.00017125482037634587]
[-0.000253143259741212, -9.041958495814573e-05]
[7.242441708688041e-06, -2.546168967771517e-05]
[-0.0002992294880136692, 0.00012313732152699486]
[-0.00019302956580383168, 0.00012179667843462139]
[-5.502523925150771e-06, 6.496727368393573e-05]
[-0.00026374193334553764, 3.2085635277623314e-05]
[-0.00015452903824059172, -0.00013585598509024965]
[-0.00026536387129919015, -0.00013958827402726914]
[-0.00024654647864479073, -6.575353559672148e-05]
[7.28843987785055e-06, -5.798801991819397e-05]
[-0.0002928969266127457, 9.09353143729516e-05]
[-0.00018314020891715965, 0.00014566233581057852]
[-1.5173840824611595e-05, 9.44860340022502e-05]
[-0.0002642691463260183, 9.683089666812084e-06]
[-0.000136780109581347, -0.00015517881138571443]
[-0.0002544834162296894, -0.00010960866366527267]
[-0.0002549139131667877, -4.571836748012981e-05]
[-6.9018908903373255e-06, -8.543287512324804e-05]
[-0.00027368907749787674, 6.562351019295115e-05]
[-0.00015910326964518884, 0.00016258980277527452]
[-3.693262937387587e-05, 0.00011414381154330883]
[-0.00027792789133407325, -5.281372796567263e-06]
[-0.00010781972788997951, -0.00016398973831632802]
[-0.00023275698575098147, -8.943577143427639e-05]
[-0.0002723662687616618, -3.671891142675854e-05]
[-3.119822846300857e-05, -0.00010061970099145556]
[-0.0002475915332745826, 5.3685817067938846e-05]
[-0.00012650428509494716, 0.00016716635560537485]
[-6.473576609939552e-05, 0.0001193153423107024]
[-0.0002975555680355055, -7.438978830324322e-06]
[-7.532026209297604e-05, -0.00015904735407254456]
[-0.00020698705851099342, -8.402238078283886e-05]
[-0.0002907085035552537, -4.206471897361119e-05]
[-5.856245789361003e-05, -0.00010074901657725066]
[-0.0002219756693051661, 5.7107897184327516e-05]
[-9.38333398810276e-05, 0.00015765406921153247]
[-9.059518215684403e-05, 0.0001101527236386235]
[-0.0003148029823859533, 4.896130805842613e-06]
[-4.803881646650923e-05, -0.00014089778240288647]
[-0.0001846164830081043, -9.331846869659738e-05]
[-0.0003022960892185289, -6.070320695059084e-05]
[-8.085639933969047e-05, -8.774158137940524e-05]
[-0.00020381282304636483, 7.27288235596868e-05]
[-6.941866558118903e-05, 0.0001360866691499929]
[-0.00010694331547871083, 9.086775938271785e-05]
[-0.0003228361930298629, 2.8873637982151923e-05]
[-3.265791928636075e-05, -0.00011362577895168702]
[-0.00017199085760430388, -0.00011243556270768007]
[-0.00030211819646068505, -8.72218594478863e-05]
[-9.141183266577271e-05, -6.70027802293742e-05]
[-0.00019800983755069446, 9.366535487015382e-05]
[-5.849815440406303e-05, 0.00010775793557898927]
[-0.00010926505691200017, 6.80239758218959e-05]
[-0.0003179863756897425, 5.775459301748942e-05]
[-3.16699262800646e-05, -8.396399123128395e-05]
[-0.00017276530064458395, -0.00013369929711065653]
[-0.0002887157256882267, -0.00011355653306038826]
[-8.743782834963465e-05, -4.554519794602169e-05]
[-0.00020595059835817886, 0.00011198157092665723]
[-6.175231033123119e-05, 8.001442974311587e-05]
[-9.778003388377643e-05, 4.868558072324003e-05]
[-0.000300263984368887, 8.318104745067001e-05]
[-4.30775991694457e-05, -5.956424374575775e-05]
[-0.0001866707407084233, -0.00014945975744662388]
[-0.00026421282168959115, -0.00013188015174231404]
[-7.10541193593428e-05, -3.017638510072196e-05]
[-0.00022476372657934118, 0.00012126326247282465]
[-7.567196838295653e-05, 6.0225624677133494e-05]
[-7.725189638355112e-05, 3.8759320340371606e-05]
[-0.0002731105673920431, 9.818762075794463e-05]
[-6.160479707689737e-05, -4.659770259271556e-05]
[-0.00020926322767983452, -0.00015436788368738963]
[-0.00023375814989209237, -0.00013735219568244972]
[-4.8352207968498095e-05, -2.5920008067781275e-05]
[-0.00024798115397456355, 0.00011817985400119912]
[-9.414349070613337e-05, 5.333856781536417e-05]
[-5.502458644965347e-05, 4.1524613601452015e-05]
[-0.00024258932939125177, 9.954685245782899e-05]
[-8.052635943570086e-05, -4.7531219847837813e-05]
[-0.00023318707489247692, -0.00014648937209540275]
[-0.0002043334206480174, -0.00012948537732149212]
[-2.6992242032841673e-05, -3.467157822134581e-05]
[-0.00026769298671233677, 0.00010293614306688958]
[-0.00011033651240906217, 6.00349117956811e-05]
[-3.8343672806362417e-05, 5.653623364093585e-05]
[-0.00021590716401212462, 8.846131440179428e-05]
[-9.34213423443922e-05, -6.019594990236757e-05]
[-0.0002507234216941462, -0.0001273986545184333]
[-0.00018283268188434842, -0.00011176724124671578]
[-1.3571970054276905e-05, -5.440385142184423e-05]
[-0.0002773819002310496, 7.897159466196957e-05]
[-0.0001183700335384702, 7.648898081308309e-05]
[-3.218908698371381e-05, 7.945123251956732e-05]
[-0.00019929492105663638, 6.962389569176164e-05]
[-9.566265249180694e-05, -7.870517259078724e-05]
[-0.0002565409825304732, -0.00010163349853992143]
[-0.00017378836079770532, -9.011378370313294e-05]
[-1.1844683461336575e-05, -7.950578018312005e-05]
[-0.0002741222950504163, 5.212845480960515e-05]
[-0.00011469268684458078, 9.592028279115095e-05]
[-3.823228908921006e-05, 0.00010325550770873271]
[-0.00019584367816977838, 4.943597969769842e-05]
[-8.563941724804014e-05, -9.574925953031999e-05]
[-0.00024937192766377736, -7.562917662445878e-05]
[-0.00017767807504748268, -7.103401086312744e-05]
[-2.2107714498009745e-05, -0.00010252877425536572]
[-0.0002592116384083909, 2.9221871006533673e-05]
[-9.912326316161013e-05, 0.00011113383424932177]
[-5.479357292492715e-05, 0.0001206743657014564]
[-0.00020430664922424513, 3.420272644835687e-05]
[-6.544080359442012e-05, -0.00010510366337246335]
[-0.00023199646587835493, -5.6052187108801554e-05]
[-0.00019073500476132765, -6.0029694823132695e-05]
[-4.146614668693038e-05, -0.00011680844129655088]
[-0.00023724514890038906, 1.6048876546249924e-05]
[-7.517193409964373e-05, 0.00011682735549195869]
[-7.742482158501485e-05, 0.00012675911209297785]
[-0.0002195823274870473, 2.8654467066614037e-05]
[-4.0483368751009774e-05, -0.0001033207618266474]
[-0.00020988262373000666, -4.772706727929066e-05]
[-0.0002064428867264781, -6.0310148059072866e-05]
[-6.462874460878842e-05, -0.00011879134950548709]
[-0.00021438145108071405, 1.5384797776102355e-05]
[-4.9164606637563946e-05, 0.00011085382052855586]
[-9.997192805322186e-05, 0.00012045263077833587]
[-0.00023469694027343502, 3.4801633693719997e-05]
[-1.7839561443938612e-05, -9.028488707297708e-05]
[-0.00018934205326945341, -5.18827869344686e-05]
[-0.00021796040197197275, -7.186446480983433e-05]
[-8.517918383937895e-05, -0.00010901380985500753]
[-0.00019659389414634562, 2.5895560806732387e-05]
[-2.8170913816405463e-05, 9.438404663203448e-05]
[-0.00011616592492430522, 0.00010454734727241566]
[-0.00024329060396943714, 5.124190404640072e-05]
[-3.7634764251323616e-06, -6.890848404016506e-05]
[-0.00017587830785466274, -6.562719394682948e-05]
[-0.00022031920093076862, -9.121996097960494e-05]
[-9.733524311986153e-05, -9.148366980282763e-05]
[-0.00018826358787518704, 4.262861118614625e-05]
[-1.750031049388423e-05, 7.13478877160112e-05]
[-0.00012155895974437503, 8.435723848115861e-05]
[-0.00024150169231437757, 7.33168821214214e-05]
[-1.5062056645254174e-06, -4.431609815250259e-05]
[-0.00017292651801520398, -8.304437706395384e-05]
[-0.0002116143098310208, -0.00011231037241390615]
[-9.784512504312781e-05, -7.205107628833335e-05]
[-0.00019113032980655476, 5.891269509206154e-05]
[-1.8913055709529614e-05, 4.7434741496737987e-05]
[-0.00011513898155601776, 6.592613150707693e-05]
[-0.00022872105519804176, 9.44366427568788e-05]
[-1.0411679610133895e-05, -2.2601716196002375e-05]
[-0.00018097587557883155, -9.741677970470652e-05]
[-0.00019312298379772774, -0.00012844578021317665]
[-8.723891355746916e-05, -5.661326382987164e-05]
[-0.00020369652572321123, 6.872957930615514e-05]
[-3.0313890618784145e-05, 2.867792387108506e-05]
[-9.978600054766362e-05, 5.4435119328677395e-05]
[-0.00020737098830725387, 0.00010830862866001434]
[-2.6533776069731507e-05, -9.164813699280572e-06]
[-0.00019725278483562897, -0.00010349784419622088]
[-0.00016871760811078274, -0.00013467157111846095]
[-6.970431961556e-05, -4.9665302829904334e-05]
[-0.00022142968120050788, 6.850591532156503e-05]
[-4.684442528182786e-05, 1.970510362565847e-05]
[-8.120405288891686e-05, 5.301771422947313e-05]
[-0.00018211166114376343, 0.00011115995801344591]
[-4.422162589040601e-05, -6.9491758452888686e-06]
[-0.00021632918134595336, -9.89187196087371e-05]
[-0.00014386477517256552, -0.00012944301426243143]
[-5.151748654441679e-05, -5.328095031503777e-05]
[-0.00023804386135789501, 5.7811715315325696e-05]
[-6.263998663924575e-05, 2.2133474925245533e-05]
[-6.579624995785294e-05, 6.197392553477024e-05]
[-0.00015868688176154389, 0.0001029265167582262]
[-5.785970889959913e-05, -1.5302089188880263e-05]
[-0.0002317811621165844, -8.447328927580974e-05]
[-0.0001242608451774707, -0.00011488993026834149]
[-3.876365037153162e-05, -6.652862436581919e-05]
[-0.0002476104515838646, 3.9107054325970836e-05]
[-7.248892183702588e-05, 3.387126497816917e-05]
[-5.8498210301571874e-05, 7.852872737523775e-05]
[-0.0001424339443272249, 8.695445160045168e-05]
[-6.325554594584226e-05, -3.012836536408353e-05]
[-0.00023840774155733935, -6.358396971530011e-05]
[-0.00011418969931281664, -9.574651411826604e-05]
[-3.5399187389345554e-05, -8.553950564635718e-05]
[-0.00024664783150801783, 1.6933003731012253e-05]
[-7.30469068460915e-05, 4.982479244003413e-05]
[-6.144635825808265e-05, 9.745234322411367e-05]
[-0.00013664639069942142, 6.857323409059646e-05]
[-5.858234032898868e-05, -4.5401820150253736e-05]
[-0.00023404427097523106, -4.133052412599869e-05]
[-0.00011504170617199216, -7.764528725921066e-05]
[-4.23375777818466e-05, -0.00010451203601129916]
[-0.00023522620882554524, -3.225102316838091e-06]
[-6.35984142210444e-05, 6.377943740972641e-05]
[-7.373419026035499e-05, 0.00011264761124729628]
[-0.00014135145968822982, 5.333524812894952e-05]
[-4.488112419352708e-05, -5.534234346221689e-05]
[-0.00022013911545101794, -2.319292350855262e-05]
[-0.00012469361999462025, -6.551403954575818e-05]
[-5.757493200872488e-05, -0.00011757246046266434]
[-0.00021665605075418988, -1.6358202740658634e-05]
[-4.633046978568672e-05, 7.057356268649895e-05]
[-9.196795560220683e-05, 0.00011924528499314413]
[-0.00015317296182665308, 4.555555931175237e-05]
[-2.594246491950669e-05, -5.626068201658452e-05]
[-0.00020094992941566137, -1.3562678521705784e-05]
[-0.00013821009338238488, -6.242448520521471e-05]
[-7.696673187149172e-05, -0.00012083039054983091]
[-0.00019609828939828877, -1.945969029973349e-05]
[-2.5892380614317423e-05, 6.762116711749033e-05]
[-0.00011123970047692555, 0.00011530425964521168]
[-0.00016651878039555812, 4.735150324436041e-05]
[-7.3213537587768496e-06, -4.741443625161379e-05]
[-0.00018192144055562132, -1.4313402406429532e-05]
[-0.0001496476492802573, -6.890491136490873e-05]
[-9.532257873336863e-05, -0.00011369803497446318]
[-0.00017885801043142358, -1.2642934247436566e-05]
[-8.075627951742437e-06, 5.535173730500387e-05]
[-0.00012634898493651958, 0.00010233401468708048]
[-0.00017560948655301334, 5.814944831170066e-05]
[5.432465000496101e-06, -3.085385052955733e-05]
[-0.00016802367091810905, -2.402144237604459e-05]
[-0.00015412890901647658, -8.273386653681603e-05]
[-0.0001077110087278621, -9.888633844279404e-05]
[-0.0001689806178817796, 7.666551278262546e-07]
[2.109634741603167e-06, 3.674448243051742e-05]
[-0.00013320894441759545, 8.450110599217409e-05]
[-0.0001764128425434941, 7.472619710427453e-05]
[8.710744772294499e-06, -1.0634167742960832e-05]
[-0.00016253236498874057, -3.83582561323606e-05]
[-0.00014928749700218735, -9.940387758554034e-05]
[-0.00011086854206371344, -8.121593698296944e-05]
[-0.00016835429993111717, 1.538433301326303e-05]
[2.197992625407874e-06, 1.6376551083996382e-05]
[-0.0001301689014774933, 6.705363131970232e-05]
[-0.00016771022278259246, 9.198643785901517e-05]
[2.0766527815685443e-06, 8.266949741597696e-06]
[-0.0001663309541665159, -5.1631393721440766e-05]
[-0.00013566546112283445, -0.00011339536920582788]
[-0.00010434009438528569, -6.592923135225956e-05]
[-0.0001762848102835335, 2.5707070742959914e-05]
[-6.947704569534863e-06, -7.437133612425706e-07]
[-0.00011871267693663867, 5.471435924153667e-05]
[-0.00015110681022244277, 0.00010449893549036027]
[-1.176555002183749e-05, 2.1203191163221558e-05]
[-0.00017768967689200943, -5.8804852153648834e-05]
[-0.00011622992816717748, -0.00011999859264753832]
[-9.078760426750598e-05, -5.72056118213482e-05]
[-0.0001895862028981933, 2.795672262050769e-05]
[-2.165240663515311e-05, -1.0471270037677727e-05]
[-0.00010305297922491574, 5.051688929394449e-05]
[-0.00013030088140147944, 0.00010834786337081403]
[-2.813166301884884e-05, 2.5179231187111295e-05]
[-0.00019261292293788757, -5.709431644063123e-05]
[-9.542102976589639e-05, -0.00011696955143691845]
[-7.513517706583817e-05, -5.7205626707412804e-05]
[-0.00020335541986174488, 2.1084966607520794e-05]
[-3.687442653049766e-05, -1.077841687105452e-05]
[-8.864732855212026e-05, 5.5168421906472837e-05]
[-0.0001100194829256225, 0.0001025066534220305]
[-4.1993667077105945e-05, 1.9895536675113012e-05]
[-0.00020589812915433603, -4.6572479621129204e-05]
[-7.801103877434767e-05, -0.00010525001825878455]
[-6.281460066800276e-05, -6.563563166783748e-05]
[-0.00021244155289529276, 6.754920335028114e-06]
[-4.784615837297168e-05, -2.545166813416877e-06]
[-8.026809045096062e-05, 6.688717112968146e-05]
[-9.482944120592363e-05, 8.908643185070314e-05]
[-4.941046366330193e-05, 8.002741964441284e-06]
[-0.00021277721615271458, -2.9812343813467868e-05]
[-6.787310656983236e-05, -8.844908736521662e-05]
[-5.789070774384064e-05, -7.979591312695655e-05]
[-0.00021319341165747935, -1.1397169684346231e-05]
[-5.1327164479163245e-05, 1.059639705264237e-05]
[-8.048632693591351e-05, 8.17786025201217e-05]
[-8.791228307453158e-05, 7.240300134678246e-05]
[-4.842953706257758e-05, -5.738207394627437e-06]
[-0.0002105741628974922, -1.0966503338365186e-05]
[-6.681707293892947e-05, -7.143779774507544e-05]
[-6.186885147611149e-05, -9.52093769187607e-05]
[-0.0002047433377987684, -2.8815908997975592e-05]
[-4.6288287023493746e-05, 2.3484737125184507e-05]
[-8.911208936050741e-05, 9.486747833697962e-05]
[-9.00326727693683e-05, 5.7402215368818066e-05]
[-3.946593404607901e-05, -1.6139015548893854e-05]
[-0.00019962787889368783, 5.352966857496977e-06]
[-7.387794226069999e-05, -5.876195000584228e-05]
[-7.352508231635302e-05, -0.00010688872572279032]
[-0.000189217690215307, -4.1177330302445e-05]
[-3.409069511514651e-05, 3.1255299900296435e-05]
[-0.00010356767298930203, 0.0001016585439503892]
[-9.913451876066015e-05, 4.8158285633259634e-05]
[-2.520875362730171e-05, -1.937186086353737e-05]
[-0.00018304368501216584, 1.5237458696526485e-05]
[-8.549844067873291e-05, -5.344105578480862e-05]
[-8.955622053058443e-05, -0.00011096937442769961]
[-0.00017082097537622631, -4.554285106780909e-05]
[-1.8180846057147537e-05, 3.095806531572959e-05]
[-0.00011980673316713819, 9.969566765034854e-05]
[-0.00011092241755562837, 4.6885144011687974e-05]
[-9.984810662833077e-06, -1.4097243155930528e-05]
[-0.00016545525738295708, 1.6579869466848418e-05]
[-9.671349961960785e-05, -5.6335715404753905e-05]
[-0.00010561981017637168, -0.00010607331594325586]
[-0.00015430891502352106, -4.1306612536151643e-05]
[-3.2204735468943646e-06, 2.2319557492475606e-05]
[-0.00013341366616007044, 8.941559128642848e-05]
[-0.00012033864252462834, 5.352022145949098e-05]
[1.4615811378126953e-06, -1.60284387820675e-06]
[-0.00015143853794225004, 9.829137716160785e-06]
[-0.00010289778388258841, -6.601798766936451e-05]
[-0.00011745902907703276, -9.375690583665608e-05]
[-0.00014353955807498708, -3.054106410294022e-05]
[6.303169474058956e-06, 7.526468191021429e-06]
[-0.00014071767368611932, 7.38850295946003e-05]
[-0.00012332884715227088, 6.578936852538741e-05]
[5.514108353286279e-06, 1.4852749281056565e-05]
[-0.00014421767824164024, -2.0018680862293747e-06]
[-0.00010130486334061772, -7.910651358912502e-05]
[-0.00012199296708653717, -7.783414855319637e-05]
[-0.00014053385116348516, -1.7414434694162928e-05]
[7.593402529045001e-06, -9.640111321151945e-06]
[-0.00013981660804490703, 5.759443851541257e-05]
[-0.00011812201049593574, 7.974693904894137e-05]
[9.613080165782328e-07, 3.106977110037962e-05]
[-0.0001449545242968031, -1.4277535405074482e-05]
[-9.177969737057812e-05, -9.112367659897674e-05]
[-0.00011823470901102529, -6.295210069371532e-05]
[-0.00014510686052293664, -6.769021029612299e-06]
[5.41869910747339e-07, -2.4899737447431347e-05]
[-0.00013125817404795181, 4.49231144562523e-05]
[-0.00010556659433843749, 9.083304302737183e-05]
[-1.0602447785695857e-05, 4.300176237248543e-05]
[-0.00015258750828392453, -2.234856683250297e-05]
[-7.652428081597606e-05, -9.782330337393744e-05]
[-0.00010773140543213211, -5.30946233844691e-05]
[-0.0001549727392283068, -2.435316379174879e-06]
[-1.2287187561250967e-05, -3.4556732829656156e-05]
[-0.00011801198140973246, 3.889551662708546e-05]
[-8.859370662867017e-05, 9.529366606919609e-05]
[-2.544771761105874e-05, 4.7789348657067965e-05]
[-0.00016412240546494206, -2.314180688767209e-05]
[-5.92346137055777e-05, -9.66194939310272e-05]
[-9.419375315095069e-05, -5.05413030920665e-05]
[-0.00016629822732135147, -6.018717097124732e-06]
[-2.6670839693376802e-05, -3.6473680625950106e-05]
[-0.00010454992508301952, 4.051639218135075e-05]
[-7.121206405996672e-05, 9.148479726486455e-05]
[-3.9092823458486414e-05, 4.4605973560735146e-05]
[-0.00017537531757394476, -1.6054820311472984e-05]
[-4.402398407463842e-05, -8.751319131722335e-05]
[-8.228237651951298e-05, -5.543302497335034e-05]
[-0.00017472873393384325, -1.6598124871897157e-05]
[-3.822270195633082e-05, -3.07648358581214e-05]
[-9.530326703813957e-05, 4.865149999414009e-05]
[-5.7414123692249575e-05, 8.046262136532714e-05]
[-4.774857521244735e-05, 3.503963587691422e-05]
[-0.00018215173961926012, -2.898240963854215e-06]
[-3.4377720382228194e-05, -7.305157850331923e-05]
[-7.598827667812391e-05, -6.584649040544677e-05]
[-0.00017673697168477803, -3.1269595533345296e-05]
[-4.371852709700308e-05, -1.9904400739956252e-05]
[-9.314820092412579e-05, 6.034699164737811e-05]
[-5.017334247678362e-05, 6.554738438215024e-05]
[-4.931253288214914e-05, 2.270910994010833e-05]
[-0.00018160492165759934, 1.2886420732615561e-05]
[-3.224037620100373e-05, -5.733645683325683e-05]
[-7.73100054715925e-05, -7.828672435236661e-05]
[-0.00017084598752181712, -4.614085159299064e-05]
[-4.1860680596778055e-05, -8.020345713177779e-06]
[-9.856438134914214e-05, 7.156893265444775e-05]
[-5.062761050302067e-05, 5.1076484493012275e-05]
[-4.37621486805706e-05, 1.2090157919142364e-05]
[-0.0001732524325228635, 2.7299977527067698e-05]
[-3.738821469348452e-05, -4.457642775994655e-05]
[-8.576022408991052e-05, -8.859083791208297e-05]
[-0.0001581666603339138, -5.7399358569742986e-05]
[-3.345074540192505e-05, 4.907064760084623e-07]
[-0.00010971373110894855, 7.83362429229717e-05]
[-5.7643678559080036e-05, 4.094422279049548e-05]
[-3.304566220578564e-05, 6.966918260187249e-06]
[-0.0001591491129832867, 3.6830219176609e-05]
[-4.736155416731891e-05, -3.781081847478718e-05]
[-9.876398513281037e-05, -9.315601509642113e-05]
[-0.00014195676306172356, -6.226959028728801e-05]
[-2.1103982911309382e-05, 2.4814573419580654e-06]
[-0.00012322005426038118, 7.800396406879018e-05]
[-6.803644814376564e-05, 3.7505166675833035e-05]
[-2.0573846628485493e-05, 9.17595636140689e-06]
[-0.0001430990511937201, 3.933751096668603e-05]
[-5.816316830777046e-05, -3.8187693627983466e-05]
[-0.000112608207189141, -9.01506916627659e-05]
[-0.00012640839039540497, -5.976849974378279e-05]
[-8.585312953321433e-06, -2.9533633397298142e-06]
[-0.00013522488511422126, 7.020972883968815e-05]
[-7.754680251263746e-05, 4.109090261423046e-05]
[-1.0335624556712109e-05, 1.8151825809387123e-05]
[-0.00012928411522296346, 3.4680194412134435e-05]
[-6.55904112881224e-05, -4.4827297050631376e-05]
[-0.0001235199771365235, -8.019207349774238e-05]
[-0.0001152371424645443, -5.108560142397245e-05]
[2.043776762272742e-07, -1.4371460038437034e-05]
[-0.00014239979394317648, 5.701346317270664e-05]
[-8.229187936480142e-05, 5.0075994839238885e-05]
[-5.726950138298936e-06, 3.133453060182381e-05]
[-0.00012092820708745067, 2.487350337505509e-05]
[-6.668289195796429e-05, -5.5133408997098954e-05]
[-0.00012862197593195568, -6.612226463392767e-05]
[-0.0001106313763337384, -3.934199149346895e-05]
[2.4294959984627607e-06, -2.8654342700273894e-05]
[-0.0001427822755336039, 4.212171569491219e-05]
[-8.008623290645112e-05, 6.134584677808252e-05]
[-8.412825203040625e-06, 4.5108630777359465e-05]
[-0.00011946528592056416, 1.3568262743471338e-05]
[-6.0659561058995504e-05, -6.545956164237532e-05]
[-0.0001266701814475052, -5.1954853572740156e-05]
[-0.00011280654833896453, -2.863845953468558e-05]
[-2.688982602708223e-06, -4.20483811923722e-05]
[-0.00013634342325841153, 2.9558367305032585e-05]
[-7.107077024554043e-05, 7.109590027626345e-05]
[-1.770542633443284e-05, 5.585823377377008e-05]
[-0.00012432635694989425, 4.881244631674275e-06]
[-4.8998912262969777e-05, -7.208948238646498e-05]
[-0.0001184619193495863, -4.148341632718294e-05]
[-0.00012010102293158464, -2.2666030315379726e-05]
[-1.3559909630173062e-05, -5.1194709379712156e-05]
[-0.0001251047723391796, 2.2377436059262124e-05]
[-5.746791894927633e-05, 7.589787463568864e-05]
[-3.0802338117280614e-05, 6.0884771076991084e-05]
[-0.0001332145150070574, 1.9833736448759964e-06]
[-3.476858147861972e-05, -7.237542714283451e-05]
[-0.00010671555687619128, -3.713987857686951e-05]
[-0.000129459758359117, -2.3449959658368436e-05]
[-2.679598449485676e-05, -5.396294024785642e-05]
[-0.00011261399786693937, 2.187230066952317e-05]
[-4.271239538150562e-05, 7.380104751890382e-05]
[-4.38140258268091e-05, 5.9093507406210444e-05]
[-0.00014272295525965054, 6.048405274905466e-06]
[-2.1601062733689336e-05, -6.566297383667208e-05]
[-9.52921448259536e-05, -3.944181459045182e-05]
[-0.00013722236026808554, -3.076367767357313e-05]
[-3.8436092078070194e-05, -5.0015801831442e-05]
[-0.0001028155384412699, 2.739488684520147e-05]
[-3.0387806442461196e-05, 6.504852926449492e-05]
[-5.31091608362011e-05, 5.135073415124536e-05]
[-0.00014922743653844606, 1.59928085110006e-05]
[-1.2692189803858306e-05, -5.3565411258227336e-05]
[-8.792317473606953e-05, -4.702668185663228e-05]
[-0.00014014514510310438, -4.2386451185955076e-05]
[-4.526307082788894e-05, -4.098378114736345e-05]
[-9.870230406278102e-05, 3.66534047008156e-05]
[-2.3288561189147017e-05, 5.202901753388264e-05]
[-5.641075404891338e-05, 4.0336688366553186e-05]
[-0.0001499441900766757, 2.9014949703507625e-05]
[-1.0008748827006198e-05, -3.939246331108315e-05]
[-8.693083671360013e-05, -5.710244961165678e-05]
[-0.00013643819737618745, -5.496332544996374e-05]
[-4.570335586916163e-05, -3.0080014265521093e-05]
[-0.00010132096256783296, 4.633542825985271e-05]
[-2.2733344376496545e-05, 3.842005820819949e-05]
[-5.331299859299976e-05, 2.978132554252999e-05]
[-0.0001438654656049504, 4.1585368279965784e-05]
[-1.377358257106942e-05, -2.6963643636170043e-05]
[-9.249412636674892e-05, -6.618052071649672e-05]
[-0.00012642570668255915, -6.504655016392746e-05]
[-4.010420535834058e-05, -2.1125777653924205e-05]
[-0.0001095415983850545, 5.2976973540674877e-05]
[-2.8192233511470377e-05, 2.7895292468271826e-05]
[-4.52207164508972e-05, 2.3242265531672746e-05]
[-0.00013216677074398553, 5.047255478998758e-05]
[-2.2331999829615368e-05, -1.933736513894113e-05]
[-0.00010273689285226345, -7.101507054339817e-05]
[-0.00011247550009657603, -7.000121355693611e-05]
[-3.0483708931258735e-05, -1.726732230328959e-05]
[-0.00012059883409325234, 5.39688767623725e-05]
[-3.7349705861430826e-05, 2.295821705450285e-05]
[-3.4884045661168206e-05, 2.2886654237025406e-05]
[-0.00011782401446232271, 5.35556939520454e-05]
[-3.254769312630024e-05, -1.795225941249312e-05]
[-0.00011449319903386601, -6.959188240544811e-05]
[-9.815947577647421e-05, -6.864871838888759e-05]
[-1.9940470614869532e-05, -1.9905621622441638e-05]
[-0.0001310662092675885, 4.843128786885531e-05]
[-4.672371917673057e-05, 2.431072637797127e-05]
[-2.567137298330191e-05, 2.8803074579614174e-05]
[-0.0001045556226059452, 5.0345155339720504e-05]
[-4.074861744444991e-05, -2.238007690341659e-05]
[-0.00012434539202664519, -6.184450655299933e-05]
[-8.700252109483664e-05, -6.15942742508771e-05]
[-1.1843659430382791e-05, -2.830104285115459e-05]
[-0.0001378558542576569, 3.757817790019796e-05]
[-5.276417419572063e-05, 3.0832546857879894e-05]
[-2.066370394862571e-05, 3.9106797346227795e-05]
[-9.555269829136792e-05, 4.215250442224372e-05]
[-4.395461713149751e-05, -3.059563158880341e-05]
[-0.000129563159631238, -4.974119598757931e-05]
[-8.136122641774768e-05, -5.113479463983439e-05]
[-8.895921809748408e-06, -3.996763325384012e-05]
[-0.00013899591009550183, 2.4328551472697912e-05]
[-5.3059652314585426e-05, 4.001012457210268e-05]
[-2.1720816745868232e-05, 5.069801723637385e-05]
[-9.25228084693655e-05, 3.1798449776309495e-05]
[-4.08917580230761e-05, -3.957317939190519e-05]
[-0.00012876665050938485, -3.661627727294392e-05]
[-8.18279112965968e-05, -4.064446437326841e-05]
[-1.2270308337891667e-05, -5.159059902973273e-05]
[-0.00013410843375016857, 1.2276928598037307e-05]
[-4.7141279140239245e-05, 4.862948837180969e-05]
[-2.8819129291340895e-05, 6.027894831606151e-05]
[-9.533275194817392e-05, 2.280516582446948e-05]
[-3.235380639700358e-05, -4.6080089363808446e-05]
[-0.00012226856725501556, -2.5999728994429566e-05]
[-8.723421546988352e-05, -3.351600520890008e-05]
[-2.115135841243565e-05, -6.004647412766184e-05]
[-0.00012454099135296784, 4.4677021352468316e-06]
[-3.654374755571177e-05, 5.36233094928229e-05]
[-3.999286489267395e-05, 6.526365996871453e-05]
[-0.00010221454250292084, 1.8251903858679253e-05]
[-2.0802126519781083e-05, -4.7572478755248185e-05]
[-0.00011203881728717724, -2.0452360467920067e-05]
[-9.509312615593735e-05, -3.201045351063775e-05]
[-3.295708180311996e-05, -6.32177645803339e-05]
[-0.0001130586980360726, 2.4799962602406467e-06]
[-2.416255481919871e-05, 5.295617619255344e-05]
[-5.199406150195596e-05, 6.440441605434777e-05]
[-0.00011033356658694815, 1.9721604151867744e-05]
[-9.462526338030464e-06, -4.3003745307190755e-05]
[-0.000101205044274022, -2.0857319799505447e-05]
[-0.00010228902587182745, -3.6500703936639955e-05]
[-4.422790933122575e-05, -6.049057878879799e-05]
[-0.00010305507687666249, 6.0999304578659985e-06]
[-1.325859086456771e-05, 4.6313123545749235e-05]
[-6.142689212208785e-05, 5.8093919957119544e-05]
[-0.0001165464136906047, 2.67972729924848e-05]
[-1.3298064301461854e-06, -3.3239491244702046e-05]
[-9.311322014823875e-05, -2.632566821209048e-05]
[-0.00010589922144330077, -4.543221026823141e-05]
[-5.182100151540636e-05, -5.291253144236452e-05]
[-9.745466368433348e-05, 1.3544629981310924e-05]
[-6.511277974487889e-06, 3.528170992664337e-05]
[-6.586872233207974e-05, 4.830065937802552e-05]
[-0.00011824403105939463, 3.7308445907907606e-05]
[1.6155801571132722e-06, -2.082230044778144e-05]
[-9.021540415751067e-05, -3.4591171866965587e-05]
[-0.00010403306192835471, -5.5961790729253114e-05]
[-5.3903709701305647e-05, -4.295899392600666e-05]
[-9.771323202752147e-05, 2.2036365784863787e-05]
[-5.3548825554444734e-06, 2.285331592914025e-05]
[-6.454274152201817e-05, 3.806696455252792e-05]
[-0.0001141379003788863, 4.8154744640649394e-05]
[-1.1314846337651119e-06, -9.103462436987897e-06]
[-9.323122456153521e-05, -4.267736560303881e-05]
[-9.64699939715874e-05, -6.493327930739978e-05]
[-5.039725253582622e-05, -3.3860062509827316e-05]
[-0.00010335124480691238, 2.8548887819862534e-05]
[-9.654680135806615e-06, 1.2390036072257304e-05]
[-5.838908993949232e-05, 3.0599599626278395e-05]
[-0.00010473657589646357, 5.630978348560717e-05]
[-8.477804003065303e-06, -1.0891031874925294e-06]
[-0.00010095472962058649, -4.768297266264168e-05]
[-8.480969689012019e-05, -6.979709984838989e-05]
[-4.283378994121567e-05, -2.859379168201892e-05]
[-0.00011221054884718445, 3.061757784431074e-05]
[-1.773222344553238e-05, 6.488823022066104e-06]
[-4.9658281130016135e-05, 2.8207847277583742e-05]
[-9.225062279827334e-05, 5.9651139195399105e-05]
[-1.7984328155445928e-05, 1.5123070500368263e-06]
[-0.00011076317236285993, -4.7580350045768605e-05]
[-7.197416459242545e-05, -6.924167054037089e-05]
[-3.3814841955040476e-05, -2.8878600063689253e-05]
[-0.00012126602627332561, 2.707801313736602e-05]
[-2.6780716031557517e-05, 6.207118898787778e-06]
[-4.124547032674855e-05, 3.151253300606727e-05]
[-7.986685654315373e-05, 5.745686599784028e-05]
[-2.6528935852504487e-05, -1.296230586395053e-06]
[-0.00011954961816060261, -4.186044951333401e-05]
[-6.120436891874845e-05, -6.348244858866287e-05]
[-2.6284932486464463e-05, -3.4592228971321026e-05]
[-0.0001276059006393021, 1.849917044131899e-05]
[-3.366732230551672e-05, 1.0882121716238036e-05]
[-3.5924520174063224e-05, 3.927877197915097e-05]
[-7.06516661842238e-05, 5.05540586107911e-05]
[-3.1274768537994935e-05, -7.960258838674017e-06]
[-0.00012467443002101009, -3.177391635203475e-05]
[-5.4966081670326794e-05, -5.420858563080777e-05]
[-2.2755139537172786e-05, -4.3876934061756745e-05]
[-0.00012923291570570913, 7.06943957604414e-06]
[-3.5940000564296803e-05, 1.8475342555557273e-05]
[-3.558776500806049e-05, 4.8924719902372626e-05]
[-6.654437835312832e-05, 4.1118509503973444e-05]
[-3.062789980562419e-05, -1.592093434471531e-05]
[-0.00012464706089462818, -1.9977419687178255e-05]
[-5.421194125630746e-05, -4.4160157852940474e-05]
[-2.4588291105645532e-05, -5.38521833103045e-05]
[-0.00012552878581888194, -4.116038336290928e-06]
[-3.2668531661173006e-05, 2.6217529726688116e-05]
[-4.064691612053195e-05, 5.74361933036692e-05]
[-6.782994860314584e-05, 3.210406350616021e-05]
[-2.477922900631646e-05, -2.2332851752612792e-05]
[-0.00011944837045835266, -9.64343487371011e-06]
[-5.8224226407901924e-05, -3.6347268725339665e-05]
[-3.152936986209817e-05, -6.158588469554194e-05]
[-0.0001173715474541287, -1.2116312256060802e-05]
[-2.4746241641782074e-05, 3.135649979194022e-05]
[-4.9825821915816526e-05, 6.229211309754373e-05]
[-7.320306409866473e-05, 2.6363068793798516e-05]
[-1.5584553728131834e-05, -2.4814208789440337e-05]
[-0.0001105087023640372, -3.378873076826175e-06]
[-6.497040286135292e-05, -3.308672917579081e-05]
[-4.1707647679634086e-05, -6.494362632854245e-05]
[-0.00010691549201966716, -1.5110987552274802e-05]
[-1.4518163702015308e-05, 3.188960387093265e-05]
[-6.052009352662535e-05, 6.2117003509915e-05]
[-8.027210393271589e-05, 2.5704896646217e-05]
[-5.860555287867664e-06, -2.2120774885576316e-05]
[-0.00010034779237012847, -2.4029669041872315e-06]
[-7.174727799491576e-05, -3.520727467951762e-05]
[-5.2213503915155e-05, -6.310290521808343e-05]
[-9.702436051969854e-05, -1.2896777723814257e-05]
[-4.930568836949978e-06, 2.7159749265898148e-05]
[-6.966424862595022e-05, 5.6972743853245245e-05]
[-8.626480162929329e-05, 3.0268815997602783e-05]
[1.5641369677243944e-06, -1.4574283377449815e-05]
[-9.188383397523703e-05, -6.275645508813099e-06]
[-7.591354701493719e-05, -4.1777161380776584e-05]
[-6.008281164271434e-05, -5.670216579222939e-05]
[-9.042213047606718e-05, -6.806280254321312e-06]
[1.4143040001912688e-06, 1.8125881655582654e-05]
[-7.47744437807063e-05, 4.831062303486955e-05]
[-8.876226078630145e-05, 3.8502505795651176e-05]
[4.6709107505878145e-06, -4.037393622619012e-06]
[-8.753311072620673e-05, -1.3175576671076161e-05]
[-7.559081080088514e-05, -5.048031450502477e-05]
[-6.329137525334927e-05, -4.765902151895873e-05]
[-8.879673382801434e-05, 8.010586517899487e-07]
[2.9678962135890052e-06, 7.1259579705537646e-06]
[-7.473382308602339e-05, 3.860083120509755e-05]
[-8.635487562026756e-05, 4.775329754756058e-05]
[2.7365901574538665e-06, 6.657063107207151e-06]
[-8.839281013300893e-05, -2.0518260513163744e-05]
[-7.021883699705189e-05, -5.845127568082642e-05]
[-6.135503280763066e-05, -3.8672839475117904e-05]
[-9.221286356324299e-05, 7.23776195864223e-06]
[-4.265101146705419e-07, -2.8737710836695962e-06]
[-7.003968828325421e-05, 3.0655749580756064e-05]
[-7.90902368877338e-05, 5.518797907442391e-05]
[-3.5452806077251875e-06, 1.466014044608499e-05]
[-9.385785051085893e-05, -2.5682345657362937e-05]
[-6.079192787437904e-05, -6.319548515829054e-05]
[-5.5354564536924666e-05, -3.245546435862168e-05]
[-9.910940293453296e-05, 1.020111072683183e-05]
[-7.550375952250499e-06, -9.284877715509676e-06]
[-6.251453329486623e-05, 2.6766135557194926e-05]
[-6.853297039570438e-05, 5.865686894580835e-05]
[-1.2265685657847358e-05, 1.8062452438190324e-05]
[-0.0001018610445924252, -2.6697619467438288e-05]
[-4.961053070967614e-05, -6.32714735988027e-05]
[-4.74836169768178e-05, -3.086702706939226e-05]
[-0.0001068858216048893, 8.394430960678712e-06]
[-1.613540307144473e-05, -1.0744411761243189e-05]
[-5.4688540423286636e-05, 2.7927638168667723e-05]
[-5.73165419082422e-05, 5.7239322762581146e-05]
[-2.079833464503633e-05, 1.6462529469879472e-05]
[-0.00010962574350571741, -2.2795365427381864e-05]
[-3.95469269940385e-05, -5.860168661299056e-05]
[-4.036181251231008e-05, -3.427148925319243e-05]
[-0.00011280146521727707, 1.9369275695846344e-06]
[-2.3469278222901235e-05, -7.4741061140970455e-06]
[-4.90858074558391e-05, 3.3489359478416914e-05]
[-4.827760187134378e-05, 5.1406794871089456e-05]
[-2.6545863032273465e-05, 1.0973769052124993e-05]
[-0.0001145892062019982, -1.4686545984993193e-05]
[-3.3073853045399726e-05, -5.043222763631734e-05]
[-3.632419246608898e-05, -4.140891057200294e-05]
[-0.0001148133504117882, -7.601724736155946e-06]
[-2.7196695213130284e-05, -1.0823498318331126e-06]
[-4.7562356540131745e-05, 4.140273086283841e-05]
[-4.3497368918385404e-05, 4.285394398090281e-05]
[-2.776418957874463e-05, 3.7673032291796194e-06]
[-0.0001151419098614874, -4.412669246861567e-06]
[-3.1453380316945334e-05, -4.0995440364219315e-05]
[-3.6807889164630625e-05, -4.986196634508555e-05]
[-0.00011209496585023321, -1.7649671604929446e-05]
[-2.6093716637545783e-05, 6.0167844378074264e-06]
[-5.079141191159653e-05, 4.896176893200502e-05]
[-4.364556850153245e-05, 3.405070250676184e-05]
[-2.416752484940554e-05, -2.608960882860556e-06]
[-0.00011099659778900095, 5.2763782618370225e-06]
[-3.4403483332952345e-05, -3.2912691771525004e-05]
[-4.193157112801493e-05, -5.690634045740772e-05]
[-0.00010517446599103697, -2.547398840455073e-05]
[-2.0504709988655723e-05, 1.1316201829911221e-05]
[-5.801826986086972e-05, 5.3702695573705495e-05]
[-4.786305631661325e-05, 2.7562757961192147e-05]
[-1.7033657997600482e-05, -5.9232706873108e-06]
[-0.00010318510543397275, 1.1838916955046741e-05]
[-4.0307660560054415e-05, -2.8423211815536975e-05]
[-5.039925624961139e-05, -6.037872419192847e-05]
[-9.574732311173895e-05, -2.910290495025669e-05]
[-1.2221506864223963e-05, 1.287857054602104e-05]
[-6.722477424686568e-05, 5.411686856800213e-05]
[-5.414763141058099e-05, 2.5267216330261688e-05]
[-8.73810048558285e-06, -4.8440663862232836e-06]
[-9.375519878274032e-05, 1.3791329088835153e-05]
[-4.679551692216011e-05, -2.864991671668038e-05]
[-5.9843505612403036e-05, -5.926063900608958e-05]
[-8.622456627574437e-05, -2.7949395898896334e-05]
[-3.838725022228817e-06, 9.850444458059382e-06]
[-7.57413473139873e-05, 4.999472674113714e-05]
[-6.0017029528763866e-05, 2.771467634152258e-05]
[-1.9218369964463244e-06, 6.738699301969686e-07]
[-8.522616344756873e-05, 1.114461309578707e-05]
[-5.1444581267934275e-05, -3.319549231007787e-05]
[-6.757381824173611e-05, -5.38697194340694e-05]
[-7.907015287941799e-05, -2.2909210168800542e-05]
[2.1300810224833544e-06, 2.73482701339256e-06]
[-8.113339320001134e-05, 4.2401181772205865e-05]
[-6.3208389368824e-05, 3.391894593363087e-05]
[1.351272003430326e-06, 9.31937738135602e-06]
[-7.987412007096073e-05, 5.2950740012658315e-06]
[-5.242125025003985e-05, -4.0276064928151944e-05]
[-7.147993199631275e-05, -4.570547268368391e-05]
[-7.605086279066642e-05, -1.5969464361007338e-05]
[4.016096952101644e-06, -6.696466929578815e-06]
[-8.201558652780327e-05, 3.336013325218323e-05]
[-6.226608299883529e-05, 4.170281082356564e-05]
[1.5283202112539862e-07, 1.8773275788225297e-05]
[-7.901153696406385e-05, -1.5065146710957489e-06]
[-4.8964044066041046e-05, -4.7357146751858537e-05]
[-7.072346138667363e-05, -3.703383265621363e-05]
[-7.763620446168962e-05, -9.551003653882756e-06]
[1.4058285994905662e-06, -1.591287391058613e-05]
[-7.846131142252855e-05, 2.5314340320794354e-05]
[-5.693677048168588e-05, 4.8464252626504584e-05]
[-5.141513946857468e-06, 2.6438036556941658e-05]
[-8.252212985598861e-05, -6.8543093272310784e-06]
[-4.162510643141576e-05, -5.20153917721311e-05]
[-6.594436533897269e-05, -3.027617743675548e-05]
[-8.281322690832649e-05, -5.824133326268188e-06]
[-4.837326596215941e-06, -2.244507335334711e-05]
[-7.188046896760072e-05, 2.043450563990988e-05]
[-4.828301379088129e-05, 5.20333553778278e-05]
[-1.3023436619796769e-05, 3.0307852499012605e-05]
[-8.887995007895999e-05, -8.839919626902476e-06]
[-3.216463269570258e-05, -5.26765862380596e-05]
[-5.895335364843046e-05, -2.730018401611578e-05]
[-8.943585865906628e-05, -6.145726637873938e-06]
[-1.2858386942316002e-05, -2.471520928903903e-05]
[-6.44885319049382e-05, 1.993482116474654e-05]
[-3.8420875278652455e-05, 5.1294732300699586e-05]
[-2.127296538771868e-05, 2.9627607901726305e-05]
[-9.5682402524222e-05, -6.543174241108868e-06]
[-2.304536129417445e-05, -4.9002481023976974e-05]
[-5.2102660734340556e-05, -2.880595263635155e-05]
[-9.497592840865265e-05, -1.0694781464648528e-05]
[-2.031331349658383e-05, -2.2535333288609127e-05]
[-5.861692952911779e-05, 2.3641043727457012e-05]
[-2.988057060474003e-05, 4.641932092702694e-05]
[-2.7557580610071408e-05, 2.5078349004836742e-05]
[-0.00010047767439171074, -2.935673286685869e-07]
[-1.6637821184824902e-05, -4.189277864989974e-05]
[-4.759221317657096e-05, -3.4057517763176615e-05]
[-9.735573755559335e-05, -1.8384692316589235e-05]
[-2.5013703108783814e-05, -1.7089661455180205e-05]
[-5.607935975256856e-05, 3.0025966798907788e-05]
[-2.477229367826156e-05, 3.873179943361671e-05]
[-3.011260765513335e-05, 1.846298665980628e-05]
[-0.00010154195274993116, 8.377880604176768e-06]
[-1.4423918137551617e-05, -3.3187787837802435e-05]
[-4.689192639144302e-05, -4.111812924046179e-05]
[-9.554565108764457e-05, -2.7134695618607693e-05]
[-2.5589882121944407e-05, -1.0466937142915994e-05]
[-5.770773429536469e-05, 3.673766448079874e-05]
[-2.4080400031170623e-05, 3.031773983076802e-05]
[-2.8319776399082786e-05, 1.2081846483075198e-05]
[-9.833662213764097e-05, 1.7156140137281062e-05]
[-1.6526673745215215e-05, -2.5167233757478202e-05]
[-5.036488253205851e-05, -4.752242820546537e-05]
[-8.977458378597869e-05, -3.44960396337704e-05]
[-2.196271983653797e-05, -4.979885417668445e-06]
[-6.311926464465378e-05, 4.14070064169679e-05]
[-2.7377270486170224e-05, 2.3461702223368658e-05]
[-2.2948957701579564e-05, 8.052449311957144e-06]
[-9.15665236629476e-05, 2.366551416020657e-05]
[-2.1742562336196647e-05, -1.992406339976216e-05]
[-5.7148066908322553e-05, -5.1105621918373645e-05]
[-8.138162592519205e-05, -3.845670849664251e-05]
[-1.5405723927108816e-05, -2.513549050925379e-06]
[-7.078387976053313e-05, 4.239982805722027e-05]
[-3.3044926900788196e-05, 2.0003331030365654e-05]
[-1.591531993395956e-05, 7.75339829110766e-06]
[-8.291439494617636e-05, 2.626199280216651e-05]
[-2.80101864414406e-05, -1.8732933254328454e-05]
[-6.535636960737501e-05, -5.065870791334803e-05]
[-7.241677367734317e-05, -3.811505280959526e-05]
[-8.120951881677996e-06, -4.044150534593394e-06]
[-7.844188175401556e-05, 3.925106018563829e-05]
[-3.8858326280408195e-05, 2.0758163731884882e-05]
[-9.618943322808188e-06, 1.147457510779562e-05]
[-7.456642133985003e-05, 2.4574993815112967e-05]
[-3.308181823015455e-05, -2.1610709672839623e-05]
[-7.262608087725553e-05, -4.6209316915346577e-05]
[-6.508708963055831e-05, -3.394330284478553e-05]
[-2.4820310253609312e-06, -9.387728626908398e-06]
[-8.380708782807639e-05, 3.2704714583248196e-05]
[-4.267266653869978e-05, 2.521359848728366e-05]
[-6.138526485593987e-06, 1.8322648014018617e-05]
[-6.862035442462e-05, 1.9578047021212575e-05]
[-3.515829741903686e-05, -2.7273546246174563e-05]
[-7.687248981868774e-05, -3.8920616420055204e-05]
[-6.113648612833533e-05, -2.755765022306733e-05]
[-2.577457912933401e-07, -1.722510490774487e-05]
[-8.532786533735348e-05, 2.443689608944144e-05]
[-4.300273511650271e-05, 3.166865048306877e-05]
[-6.600623407931883e-06, 2.6436819383274246e-05]
[-6.647693432013102e-05, 1.3195269460974934e-05]
[-3.334686363777595e-05, -3.3560207578525736e-05]
[-7.698977095274562e-05, -3.071780688638365e-05]
[-6.129871015963378e-05, -2.113891857150052e-05]
[-2.1089509211688617e-06, -2.5447142235932724e-05]
[-8.270011737207539e-05, 1.6580820151684827e-05]
[-3.939185532086942e-05, 3.780793769626867e-05]
[-1.0919381385518512e-05, 3.352415458293678e-05]
[-6.837735438378414e-05, 7.649303738532787e-06]
[-2.7886711906982553e-05, -3.817182923016027e-05]
[-7.320275230300599e-05, -2.3759456655364497e-05]
[-6.502071942701693e-05, -1.6757803484038908e-05]
[-7.483309433536922e-06, -3.178741045072389e-05]
[-7.69214770781762e-05, 1.1149096403133968e-05]
[-3.253177288208009e-05, 4.148716694113083e-05]
[-1.7912372340084248e-05, 3.759190366268983e-05]
[-7.328126763783693e-05, 4.806990043598747e-06]
[-2.0104430705034093e-05, -3.942412043886345e-05]
[-6.693388145483439e-05, -1.9845811309537886e-05]
[-7.061350934432775e-05, -1.581467625541566e-05]
[-1.485470846171455e-05, -3.45634310668641e-05]
[-6.989535028702198e-05, 9.452299000914377e-06]
[-2.409831066338408e-05, 4.1410572181824895e-05]
[-2.5680732730931632e-05, 3.761640918198417e-05]
[-7.919029805596167e-05, 5.695501441398826e-06]
[-1.2064902647657139e-05, -3.67276278747386e-05]
[-6.027801127429788e-05, -1.98783148728926e-05]
[-7.58179923247334e-05, -1.8694495075605166e-05]
[-2.217739096420368e-05, -3.324219081013435e-05]
[-6.378707807244699e-05, 1.1667049698627086e-05]
[-1.6287618390564695e-05, 3.7464534623166124e-05]
[-3.213251459358718e-05, 3.387089868231441e-05]
[-8.382489724342856e-05, 1.025527877483029e-05]
[-5.953975147743318e-06, -3.067545839720992e-05]
[-5.5327629620627317e-05, -2.3539178612950323e-05]
[-7.856953106358255e-05, -2.467004886497204e-05]
[-2.744086120924638e-05, -2.8590770981357094e-05]
[-6.0384983105260526e-05, 1.673511727920407e-05]
[-1.1136376731481212e-05, 3.065833002996454e-05]
[-3.555512980485398e-05, 2.7782219924499252e-05]
[-8.538423056123068e-05, 1.735202477820552e-05]
[-3.3654574085641153e-06, -2.279307407125966e-05]
[-5.3584799976726105e-05, -2.9353344746817223e-05]
[-7.765128583672731e-05, -3.2079675423971055e-05]
[-2.9231550642064286e-05, -2.23641207774683e-05]
[-6.06371837506281e-05, 2.268997841659015e-05]
[-9.844807636182062e-06, 2.277218583029983e-05]
[-3.5127125759579214e-05, 2.140842268244514e-05]
[-8.308913189261635e-05, 2.5068597258232073e-05]
[-4.764309815136203e-06, -1.5082561420416696e-05]
[-5.558890617717027e-05, -3.516586600683935e-05]
[-7.30074629125034e-05, -3.8787136456656934e-05]
[-2.7176079976877834e-05, -1.6693041929732172e-05]
[-6.442770447546986e-05, 2.7319567056989513e-05]
[-1.2376110299167076e-05, 1.5850786350496415e-05]
[-3.1211469042682904e-05, 1.677569253444311e-05]
[-7.734141798617505e-05, 3.125748889037938e-05]
[-9.3543465381693e-06, -9.478509304161609e-06]
[-6.079548588541761e-05, -3.887031707505706e-05]
[-6.566997856642665e-05, -4.28404537029109e-05]
[-2.2103209879220653e-05, -1.3429120340441303e-05]
[-7.060761316299291e-05, 2.8903152783145772e-05]
[-1.7503614992062794e-05, 1.1649878834320282e-05]
[-2.5279661627131134e-05, 1.5307752231005778e-05]
[-6.951944640795626e-05, 3.4223342216879726e-05]
[-1.539468585864956e-05, -7.309332193589091e-06]
[-6.771484382919746e-05, -3.909481169625528e-05]
[-5.7399971544247474e-05, -4.311980544999261e-05]
[-1.5808297505109925e-05, -1.3648822877271316e-05]
[-7.729346069361431e-05, 2.6731531502361544e-05]
[-2.3267717558936307e-05, 1.1132884758562056e-05]
[-1.9438721555534166e-05, 1.7474867774241315e-05]
[-6.154222300179535e-05, 3.329380671780735e-05]
[-2.0804518665679117e-05, -8.882331510862151e-06]
[-7.431297815603533e-05, -3.5587056285812935e-05]
[-5.018476637502767e-05, -3.971322230472696e-05]
[-1.0461133991364682e-05, -1.7402203768751567e-05]
[-8.240887872631997e-05, 2.1249013575808107e-05]
[-2.7628644985330797e-05, 1.4148499334398768e-05]
[-1.5721323372332174e-05, 2.2693942971665007e-05]
[-5.5338649909419946e-05, 2.9037516962853588e-05]
[-2.3803780278969233e-05, -1.334387175966345e-05]
[-7.861774771548286e-05, -2.92058629746475e-05]
[-4.570002322655531e-05, -3.385713923342859e-05]
[-7.877667524067156e-06, -2.371628697603323e-05]
[-8.434232653227632e-05, 1.3838648953823363e-05]
[-2.906523430557667e-05, 1.943336084914149e-05]
[-1.542329371694018e-05, 2.9481231079001025e-05]
[-5.2322354193820586e-05, 2.303576374480809e-05]
[-2.339028304510979e-05, -1.892138013690446e-05]
[-7.936038863234213e-05, -2.159686340110975e-05]
[-4.483151817646913e-05, -2.748070316736448e-05]
[-8.947373529036295e-06, -3.0849440931006444e-05]
[-8.248996567669642e-05, 6.384200441023058e-06]
[-2.6960549852517168e-05, 2.49994639817952e-05]
[-1.8739044619412587e-05, 3.585285668969429e-05]
[-5.297189655881218e-05, 1.7322007031667086e-05]
[-1.9570166464949468e-05, -2.3504777565921953e-05]
[-7.640716254478375e-05, -1.4702284181156156e-05]
[-4.737886420232498e-05, -2.2563857725676692e-05]
[-1.3417053493492564e-05, -3.6776869447023575e-05]
[-7.745372548498275e-05, 7.476744635498411e-07]
[-2.1729141643486716e-05, 2.8796001429853835e-05]
[-2.478393763685749e-05, 3.991424430133117e-05]
[-5.664581538401131e-05, 1.3732402315530523e-05]
[-1.3336321523081673e-05, -2.535339185250063e-05]
[-7.079061386817964e-05, -1.0232977319446501e-05]
[-5.207419045072381e-05, -2.055487338835371e-05]
[-2.005104428684512e-05, -3.9812315047564606e-05]
[-7.08066929775708e-05, -1.736554146952729e-06]
[-1.4695513432467014e-05, 2.9389140458298962e-05]
[-3.192496923842825e-05, 4.047498805496291e-05]
[-6.174537833630867e-05, 1.3392601407077875e-05]
[-6.4056855977601135e-06, -2.3645919246584324e-05]
[-6.432777312483096e-05, -9.19627779907839e-06]
[-5.6968791670893026e-05, -2.2004001017511543e-05]
[-2.7046232852101504e-05, -3.916857104530047e-05]
[-6.45385886265809e-05, -6.558562819017344e-07]
[-7.740168276412773e-06, 2.639251911467841e-05]
[-3.82687114412264e-05, 3.745531420226364e-05]
[-6.622261907336668e-05, 1.6452939989884674e-05]
[-7.407566295775103e-07, -1.8679111383659852e-05]
[-5.900049591182899e-05, -1.1580834627614167e-05]
[-6.00792072479317e-05, -2.6455622447074667e-05]
[-3.2547413055739743e-05, -3.522768096483886e-05]
[-6.041988217940497e-05, 3.3180337526417247e-06]
[-2.7588062748024056e-06, 2.051555995333243e-05]
[-4.2176672974153506e-05, 3.190304754746576e-05]
[-6.82642295289082e-05, 2.208262166077113e-05]
[2.050996039899833e-06, -1.1697381027589437e-05]
[-5.634867192669951e-05, -1.631741674154412e-05]
[-6.0044413259213725e-05, -3.258391921839854e-05]
[-3.5147267086366174e-05, -2.9394362802637186e-05]
[-5.950604800007524e-05, 8.601067234381699e-06]
[-1.0638753866840794e-06, 1.3275021713610169e-05]
[-4.271563681987334e-05, 2.5611169675573975e-05]
[-6.688099375878886e-05, 2.8698306703794918e-05]
[1.2510124162354308e-06, -4.475393930968019e-06]
[-5.7063815166610854e-05, -2.1586868842508877e-05]
[-5.653559554323617e-05, -3.85490525523155e-05]
[-3.4283481586162845e-05, -2.359675123272953e-05]
[-6.18916885737203e-05, 1.3197641231338375e-05]
[-2.9386311063694937e-06, 6.520045636060345e-06]
[-3.994830259020435e-05, 2.0507975466377282e-05]
[-6.217923264899977e-05, 3.439666655044582e-05]
[-2.721225195914667e-06, 1.1907626832341478e-06]
[-6.084848341680882e-05, -2.541046029956584e-05]
[-5.0290383765288355e-05, -4.252514461752441e-05]
[-3.0433835801063625e-05, -1.9651837039981468e-05]
[-6.672171763981438e-05, 1.5365210403715107e-05]
[-7.538637529933001e-06, 1.919278357954274e-06]
[-3.495516190819836e-05, 1.806576419438599e-05]
[-5.5252787234671974e-05, 3.751803457624492e-05]
[-8.463210675008909e-06, 3.967379045649588e-06]
[-6.652431579944051e-05, -2.6309189981532644e-05]
[-4.281801891656278e-05, -4.327492156520896e-05]
[-2.5010269207759173e-05, -1.8734109113127673e-05]
[-7.242927768525732e-05, 1.4181364307027516e-05]
[-1.3195683304371986e-05, 5.115860017487761e-07]
[-2.9524048921147905e-05, 1.891227549766228e-05]
[-4.77948687470503e-05, 3.718475437721608e-05]
[-1.4084325125396369e-05, 3.357322929997686e-06]
[-7.235230872622289e-05, -2.3770049771665303e-05]
[-3.592596334371645e-05, -4.057076515662228e-05]
[-1.992983849198604e-05, -2.1088902146720878e-05]
[-7.716448932902631e-05, 9.797328150394635e-06]
[-1.7993371040150863e-05, 2.4022238562793063e-06]
[-2.557250568896094e-05, 2.270787176560443e-05]
[-4.159379177719538e-05, 3.36076380234307e-05]
[-1.7827643096934853e-05, -1.2672350183096093e-07]
[-7.651901868865885e-05, -1.8353430553008643e-05]
[-3.121741654110721e-05, -3.527717111034834e-05]
[-1.6984497496607548e-05, -2.601315993641662e-05]
[-7.93406098545113e-05, 3.3195584611123152e-06]
[-2.037537558324809e-05, 6.696667028932568e-06]
[-2.450971840826932e-05, 2.8267289330842493e-05]
[-3.8047710115979294e-05, 2.801471299947872e-05]
[-1.858472445096654e-05, -5.079675105811379e-06]
[-7.76892830084315e-05, -1.1449021177896423e-05]
[-2.966081243999108e-05, -2.9044074933912145e-05]
[-1.7248767594568726e-05, -3.2065414212245624e-05]
[-7.81476337746792e-05, -3.5809994508584353e-06]
[-1.9576541816911097e-05, 1.1742000205844372e-05]
[-2.6791145452481624e-05, 3.388398236373047e-05]
[-3.778562117670581e-05, 2.221987510975243e-05]
[-1.6164767980775263e-05, -9.62915692113292e-06]
[-7.54520509807094e-05, -4.819211834705683e-06]
[-3.130856440088092e-05, -2.3739774032591546e-05]
[-2.0758816214272446e-05, -3.745863083367933e-05]
[-7.383705572340526e-05, -9.167837180718008e-06]
[-1.578468945601097e-05, 1.5645475060513392e-05]
[-3.182570549498283e-05, 3.7806963953307404e-05]
[-4.047044956909107e-05, 1.8013944590528075e-05]
[-1.1298071027621148e-05, -1.2048897087030275e-05]
[-7.047264423974686e-05, -9.447178409005552e-08]
[-3.5248787916705715e-05, -2.0857445875988034e-05]
[-2.656290906297154e-05, -4.057226547398915e-05]
[-6.764008302502511e-05, -1.2110463608414751e-05]
[-1.0046798822313519e-05, 1.690118448283151e-05]
[-3.822648906737225e-05, 3.87727682734651e-05]
[-4.486329269969003e-05, 1.661841177624801e-05]
[-5.416333213808383e-06, -1.1329347528565847e-05]
[-6.426519229021932e-05, 1.6623166121110255e-06]
[-3.985196130093516e-05, -2.1100940995097406e-05]
[-3.3074927698689693e-05, -4.046104662300265e-05]
[-6.13387280928232e-05, -1.1843154985971202e-05]
[-3.972652275134603e-06, 1.48800417136951e-05]
[-4.426627189647869e-05, 3.642727689909947e-05]
[-4.9182127334165826e-05, 1.837092052936473e-05]
[-2.611203358260372e-07, -7.480160223144461e-06]
[-5.8670443437006115e-05, 2.4865588621469925e-07]
[-4.3279911832033724e-05, -2.4239412542703676e-05]
[-3.856759394039316e-05, -3.7182493230009106e-05]
[-5.666861250164246e-05, -8.741040199169992e-06]
[7.083960949089141e-07, 9.994577278758798e-06]
[-4.837334361128525e-05, 3.146057796641483e-05]
[-5.167317689720036e-05, 2.268627654802846e-05]
[2.6141048243971676e-06, -1.4688190526704337e-06]
[-5.525517645456335e-05, -3.5957727486171653e-06]
[-4.40930074168816e-05, -2.9214178252051637e-05]
[-4.1651319972114964e-05, -3.179119952317899e-05]
[-5.478863898964598e-05, -4.0428810414161465e-06]
[2.6560918001683476e-06, 3.5064969759746045e-06]
[-4.9550961841393626e-05, 2.5374445165843307e-05]
[-5.1192761323703984e-05, 2.825058332381336e-05]
[2.3302897619800755e-06, 5.135766958085444e-06]
[-5.485638309183152e-05, -8.377633235388121e-06]
[-4.1719294765929504e-05, -3.4440308653696516e-05]
[-4.164192496486363e-05, -2.597836281539867e-05]
[-5.5982982934049685e-05, 5.067763913513268e-07]
[1.354013312682839e-06, -2.9055749262707486e-06]
[-4.764967547067622e-05, 1.996705716059144e-05]
[-4.7568641606418605e-05, 3.338544509642882e-05]
[-1.0114479113559893e-06, 1.0651949736959626e-05]
[-5.7391192530800716e-05, -1.2300531459886327e-05]
[-3.660400705523398e-05, -3.824340036139365e-05]
[-3.875555590363011e-05, -2.1498988049633433e-05]
[-5.9636791464312555e-05, 3.2148503469192624e-06]
[-2.698690050428887e-06, -7.645426194469174e-06]
[-4.3431285982047096e-05, 1.674643381263663e-05]
[-4.160914321882196e-05, 3.6517184361345434e-05]
[-6.347935873798893e-06, 1.3752419286777728e-05]
[-6.193255828391975e-05, -1.3850030539594438e-05]
[-3.001000164119111e-05, -3.9350556075935794e-05]
[-3.4073164303025094e-05, -1.9617365462399478e-05]
[-6.444000678776374e-05, 3.000906522838964e-06]
[-8.143918273119388e-06, -9.629858824154736e-06]
[-3.8372845741471706e-05, 1.6490888930353886e-05]
[-3.479227522895645e-05, 3.665305766645255e-05]
[-1.2014085609170222e-05, 1.3814099137865465e-05]
[-6.698750335345366e-05, -1.2294367682713636e-05]
[-2.358616279860004e-05, -3.730249947661579e-05]
[-2.9241268620125438e-05, -2.0761790122281187e-05]
[-6.875208328591814e-05, -2.6035534689272666e-07]
[-1.3226823536910404e-05, -8.574098900655802e-06]
[-3.422255641317984e-05, 1.9074428584113512e-05]
[-2.8787054091136688e-05, 3.371671714086713e-05]
[-1.6305198258945164e-05, 1.1093606893691765e-05]
[-7.09083646865949e-05, -7.90124677643722e-06]
[-1.8875740309960698e-05, -3.2627031238907644e-05]
[-2.596044930838759e-05, -2.4458902520563264e-05]
[-7.106016461022602e-05, -5.741668728700966e-06]
[-1.6378404062405982e-05, -5.081864175082718e-06]
[-3.243212350756766e-05, 2.3554762982354663e-05]
[-2.4975805137581603e-05, 2.8596125563523644e-05]
[-1.8016121377778527e-05, 6.6779154222554316e-06]
[-7.236243320993263e-05, -1.8020184800876526e-06]
[-1.6899880221701857e-05, -2.667531801989198e-05]
[-2.542549565205665e-05, -2.951097949657755e-05]
[-7.043532159076854e-05, -1.1977464486334632e-05]
[-1.669243290799982e-05, -4.966612825729744e-07]
[-3.367650585828219e-05, 2.84574077409408e-05]
[-2.409009907651527e-05, 2.285305557152284e-05]
[-1.6770640858403824e-05, 2.1833065995853496e-06]
[-7.074852187089441e-05, 4.408730411457895e-06]
[-1.78906203551904e-05, -2.1164732671441477e-05]
[-2.7934823761399663e-05, -3.433950517373746e-05]
[-6.684673535801988e-05, -1.7338607904787695e-05]
[-1.4148801326538396e-05, 3.4878970686935684e-06]
[-3.765314333105396e-05, 3.218278722053047e-05]
[-2.6017749862855544e-05, 1.8195464196651967e-05]
[-1.3073294738888408e-05, -7.448370960005946e-07]
[-6.641452112886304e-05, 9.166460983547897e-06]
[-2.1218101017843327e-05, -1.7609363719084392e-05]
[-3.282335891251903e-05, -3.742114700863372e-05]
[-6.119569938450864e-05, -2.049972936922495e-05]
[-9.561703623109374e-06, 5.366117266911163e-06]
[-4.322567121160803e-05, 3.346110460089591e-05]
[-2.981950410192724e-05, 1.5923605852369294e-05]
[-8.122657633946595e-06, -9.726545356636418e-07]
[-6.056325892905834e-05, 1.1368892081239923e-05]
[-2.554835222270957e-05, -1.6858923615128626e-05]
[-3.8723896894993226e-05, -3.773229158364998e-05]
[-5.502326872269814e-05, -2.0787542830073835e-05]
[-4.31755225829486e-06, 4.319175285196972e-06]
[-4.8824175831158056e-05, 3.174805775245371e-05]
[-3.398048342038995e-05, 1.655451715064371e-05]
[-3.4660168085065557e-06, 1.7506635668906867e-06]
[-5.485349618164839e-05, 1.0659708865268236e-05]
[-2.9229338244118885e-05, -1.8890270362184602e-05]
[-4.402520511402608e-05, -3.5082345987202945e-05]
[-4.999159204311515e-05, -1.8355928816144937e-05]
[1.3420985406353836e-08, 4.7555130573001536e-07]
[-5.2931615569962176e-05, 2.742374914327557e-05]
[-3.6864559143395814e-05, 1.9723563900833282e-05]
[-5.718411954652725e-07, 6.7383584980151845e-06]
[-5.084545538587559e-05, 7.523499749778617e-06]
[-3.0813980504543204e-05, -2.2870914502898243e-05]
[-4.735043664717484e-05, -3.020259609923248e-05]
[-4.734476470220905e-05, -1.4155158870446383e-05]
[2.114893335417034e-06, -5.166246995730317e-06]
[-5.4503499881022877e-05, 2.168952372886071e-05]
[-3.724350444708757e-05, 2.434110773717399e-05]
[-4.0266611059380786e-07, 1.2631577459020632e-05]
[-4.950937035384101e-05, 3.1656850671170356e-06]
[-2.9539390929783638e-05, -2.7427211778285887e-05]
[-4.792458639831659e-05, -2.452124765334185e-05]
[-4.754884339849483e-05, -9.676466379199278e-06]
[1.3197109654805583e-06, -1.1098590298908029e-05]
[-5.323508877543015e-05, 1.6171959512631395e-05]
[-3.470478594491677e-05, 2.892000309571985e-05]
[-3.1021170103472107e-06, 1.7854089876950807e-05]
[-5.09666679168394e-05, -8.253455181239655e-07]
[-2.5570656433285266e-05, -3.1030368945375586e-05]
[-4.576861071456384e-05, -1.9687491522368816e-05]
[-5.020668070002121e-05, -6.506179140303159e-06]
[-2.158581824764083e-06, -1.5788094054197677e-05]
[-4.963994365505403e-05, 1.2380339430545506e-05]
[-2.9771758822551286e-05, 3.198742371454677e-05]
[-7.921042553801771e-06, 2.1081346743931362e-05]
[-5.451168894056446e-05, -2.9677029532992893e-06]
[-1.991469371799906e-05, -3.242204669946791e-05]
[-4.1695193502847006e-05, -1.7028182752528917e-05]
[-5.422368353659446e-05, -5.814020437068523e-06]
[-7.26782732811404e-06, -1.8113436149831685e-05]
