[466.8376940203842, 38.94260222652045]
[-13.348778512022918, -3.4296802895754865]
[-10.276635343870055, 3.854132128110564]
[1.8093947891874969, -3.0123612394429173]
[-0.9360771492158761, -1.5023936099102428]
[0.2887658736050973, 0.8036689268080885]
[0.503675178808086, -1.228906611148362]
[-0.10138276567661819, -0.10961926346283235]
[0.11999109999531399, 0.1361404991605415]
[0.10478303601187733, -0.19255230303766524]
[0.1505215650049201, 0.03905461190377579]
[0.11000071975055903, 0.15151252033445317]
[0.09412531832188797, -0.022878475906442652]
[-0.09110821258373569, -0.07552364427512348]
[-0.10353082207655007, -0.008532609424483084]
[0.06741602787649342, 0.051589122603161286]
[0.10045013892172339, -0.003992633037036342]
[0.05186911231668567, -0.03921498388370015]
[0.016081396872110965, -0.021947394029300682]
[-0.036142296311768796, 0.06434120996892068]
[0.016381499337013494, -0.01001508949208052]
[0.05513231245059336, -0.07691636270163293]
[0.012314363928348726, 0.0408727855118709]
[-0.028283731158635028, 0.05220692292057638]
[0.0162128129643353, -0.027808702179364708]
[0.04691173590262199, -0.00889944309895066]
[-0.002030228869949191, -0.001988317198034273]
[-0.041653635784676624, -0.006429241707561317]
[0.010561143010154872, 0.006645980777570948]
[0.06648586795477662, 0.011492660602367977]
[0.0219543095990149, -0.004160601834403366]
[-0.042167579778881636, -0.013494983125438648]
[-0.002448477608673949, 0.000676760930147513]
[0.0300876829436314, 0.020088274393478045]
[-0.0014832145068401914, 0.0037114786846026426]
[-0.007910970931827688, -0.029000257617088465]
[0.016769450259936036, -0.00028149668417665197]
[0.013309517620042843, 0.0400782427913805]
[-0.004152588984031702, -0.008184903829135504]
[-0.0007739076009833923, -0.03576048844597368]
[0.010301327762528345, 0.004736805257691712]
[0.0016226066057045685, 0.024175348880938863]
[0.0003587213022649971, 0.006741263015852539]
[0.013983488489148321, -0.016579639133637247]
[0.007991691246175048, -0.011018598694867876]
[-0.016979520627289357, 0.01642230836362757]
[-0.005892736397531184, 0.00914494162172258]
[0.02337343526538227, -0.01326741078978344]
[0.009252555711954269, -0.007555289552208855]
[-0.012161374644769296, 0.008840880624651604]
[0.005044504021794349, 0.0066655193054212525]
[0.014094404162295016, -0.0015846315470412486]
[-0.004292763243332498, -0.0074387609627347]
[-0.011402347609985375, -0.004855312058794858]
[0.007919856220647503, 0.010312987369884397]
[0.015525140908264401, 0.007303141705931715]
[-0.0030026389100206163, -0.008539192914219562]
[-0.008923471736069666, -0.0038953250915455817]
[0.007522093243196859, 0.0020505588214744935]
[0.008435523449057847, 0.0035221562235219217]
[-0.005080343951440636, 0.0018254626388083395]
[-0.0008705134382220869, -0.006202187496895384]
[0.010850120270811447, -0.0010199903523453457]
[0.002656503837186852, 0.008332094406472673]
[-0.00694081361754284, 0.0008670770350060475]
[-0.0017682108198391333, -0.007009791939826648]
[0.005526927664240677, -0.002037741852636943]
[0.004918386875667813, 0.00542802100694928]
[0.0001702983920068568, 0.0038336541391652545]
[0.0007330834910406203, -0.003335585590670709]
[0.0034625058705022305, -0.0057488317976632786]
[-0.000593386528432216, 0.0035124564242062783]
[-0.0014195358916093692, 0.006012457860705145]
[0.0027517130032181925, -0.0054154318554293646]
[0.00254368866191923, -0.003157116903451218]
[0.0001948696276556916, 0.00652827398299749]
[0.0014217011112982458, 0.001496852116891212]
[0.001643385899968819, -0.004137766485089539]
[-0.0008158105896594048, -0.002716590772894628]
[-0.0005329131353222216, 0.0024143757224943663]
[0.0033267268925043503, 0.003912486803511417]
[0.0048016163654842625, -0.0024410827708925]
[0.0002702887344079308, -0.0029514820568525835]
[-0.004446618432310971, 0.00319042197545287]
[0.0006051105147254487, 0.0017707899450920273]
[0.00505885795806682, -0.002716376058851999]
[-0.000375124864464782, -0.0007716485538273865]
[-0.0022242942564092427, 0.001668407867688959]
[0.0036610075539310616, 0.0006501859743668348]
[0.0044868766174821495, 0.0006996879294139946]
[-0.0016813949473614143, -0.001681035846004597]
[-0.003923699851162699, -0.002165977360405247]
[0.002443834431219205, 0.0024460482221571045]
[0.005207582663407373, 0.001911485991488604]
[-0.0007203750669978332, -0.000910390102718317]
[-0.0028145925136031646, -0.001169133599669303]
[0.002429401715074997, -0.0007142290425548037]
[0.0025105190167800107, 0.002365666321323401]
[-0.0020721924476767573, 0.0007530542781680749]
[5.1070392392701947e-05, -0.003617161633817201]
[0.004084920518291124, -0.00016161483799459475]
[0.0013780906045366415, 0.003936779222510456]
[-0.0017551170930913962, 0.0004584920279928628]
[-0.0006166020975854059, -0.003216403723636213]
[0.001510419622699266, -0.0010924569972915188]
[0.0006741139269872409, 0.0024150766288473235]
[-0.000353942671195151, 0.0021990059681700203]
[0.0019442368264535048, -0.0016346567950391577]
[0.0020128034479813817, -0.0029184957753642937]
[-0.0012939808965737598, 0.002110637428374862]
[-0.0005834497995193116, 0.002392976156111115]
[0.0019745069324488274, -0.002573814231829452]
[0.0007584887380502892, -0.0012866599860226202]
[-0.0006282170565261591, 0.001918291036873132]
[0.0012191810472832465, 0.0015247949822212448]
[0.001475411899131751, -0.0005094336063045241]
[-0.0009802149139733762, -0.002200907003565594]
[-0.0011800472348648672, 0.00026879692995596116]
[0.0016752086022646662, 0.0020771843242972654]
[0.0028578176941389533, -0.0005376455811161307]
[-8.515621325422273e-05, -0.0012340457266559746]
[-0.001699879013344452, 0.0007738375891727933]
[0.0013067385922846952, 0.0005548122757138563]
[0.0016143494001910064, -0.0004833782341682191]
[-0.0013868616690362323, -1.1690769725070105e-05]
[-0.0007391955461503452, -0.00015521327205636481]
[0.0022956446157695876, 0.0002125082088082486]
[0.0021033690368257307, 0.001102972353062004]
[-0.0009061440554800626, -0.0006556825089786278]
[-0.0015883367784076396, -0.0010622678322797507]
[0.0012584871023664235, 0.00034677132722729653]
[0.0020823205924754284, 0.0005811949709384479]
[-0.00037199407085286573, 0.0006775842717419156]
[-0.0007775359004971172, -0.0006852460672333027]
[0.001355170244221049, -0.0008942771187250287]
[0.0007476891564349719, 0.0015872649590707513]
[-0.0011205463326526277, 0.000503437223007927]
[4.313772596309384e-05, -0.0019676107992872005]
[0.0015963421034292935, -0.0002742664349399959]
[0.0009812709741625625, 0.001912997076699341]
[-9.218787038622889e-05, 0.0005009005737475203]
[-9.894651275191291e-05, -0.0014990307244602957]
[0.00046918479563834437, -0.000875898170941844]
[-0.00022174477750913635, 0.0011495017620293257]
[-0.00024612234830967417, 0.0014308979074615369]
[0.0013970409285882779, -0.001089386108899859]
[0.0009789415649786304, -0.0013872584332819127]
[-0.0007945263088735555, 0.0015289503085280237]
[-2.6474358165051726e-05, 0.0008387578891732583]
[0.0012060935080860924, -0.001333081828069349]
[0.00010750516498569951, -0.0006467687236465514]
[-0.000556360949165835, 0.0005535345195826213]
[0.0009606867446059347, 0.001169870860042277]
[0.0012752546517625918, 4.4738036622027355e-05]
[-0.0005412565339597553, -0.0013427391246626508]
[-0.0012233661210147018, 5.7426830991136324e-05]
[0.0007282366030013643, 0.0010194172957977699]
[0.0017854496678190446, -0.00011759364152053031]
[-0.0001802968444005737, -0.0005268187079299214]
[-0.0006898862366975234, 8.654015137898874e-05]
[0.0012727112795881679, 0.0001790299364179404]
[0.0007843453313787219, 0.0002538822616377501]
[-0.0011261820558526314, -2.112368212047605e-05]
[-0.0005105531085517478, -0.000713372933809131]
[0.0013532789044856663, 0.0002717561658656109]
[0.0011860840140779372, 0.0009526532323729242]
[-0.0005358433060131951, -0.00021490533025825265]
[-0.0006482839349249425, -0.0005439564239828054]
[0.0008184276049853084, -0.0003543520309735003]
[0.0008075695469789146, 0.00036815392462474783]
[-0.00036507573663058235, 0.0008214824196756121]
[3.729086140125126e-05, -0.0006921143552842679]
[0.0010157814889318884, -0.0006315997024564091]
[0.00017581965158014468, 0.001110474524101096]
[-0.0006033074449656173, 0.000414541301178295]
[-4.743909456483841e-06, -0.0010773687575010849]
[0.0005237982100081418, -0.0003989822930163811]
[0.0005303373319985871, 0.0009318483182354509]
[0.00030477640172538525, 0.0005814937278696419]
[0.00030492390190717256, -0.0006619217652666376]
[0.00023804365182300558, -0.0008156459697952201]
[-0.0004153099900651158, 0.0006025414225082071]
[-7.002211496176525e-05, 0.00094714052341896]
[0.0008811993880238483, -0.0008027031272088703]
[0.00034381230642471783, -0.0005942364490627572]
[-0.00042250987090075576, 0.0009758963750419181]
[0.0002963112500252718, 0.0003088005468242505]
[0.0007296711701582081, -0.0005478762104466073]
[-0.00021322998362155454, -0.0004810645966205271]
[-0.00043931743008246427, 8.335043139462428e-05]
[0.0007358838291212644, 0.0007916236746898786]
[0.0010744676176510648, 4.322347940821647e-05]
[-0.00021537833220786062, -0.0006718828409504329]
[-0.0009513957034112397, 6.71500836814179e-05]
[0.0003788948316066562, 0.00041055630471266424]
[0.001020486563992118, 6.1206212365050305e-06]
[-0.0003086990529683753, -0.00015005414847646392]
[-0.0002953237877043602, -0.00014956979852076557]
[0.0010199660521635345, 3.4304109072236244e-05]
[0.0005939093141964502, 0.000499698752888772]
[-0.0006788172567918638, -9.940806457815754e-05]
[-0.00044118221576838756, -0.0007397932346357994]
[0.0007606012372354254, 0.00021979290226548098]
[0.0007176926440910503, 0.0006398908050258001]
[-0.00031082450817551677, 9.21102331703505e-05]
[-0.00022516669294070368, -0.0003367805445965155]
[0.0005812578641692934, -0.0005063558178045602]
[0.00023910211104605228, 0.00044243736806953704]
[-0.0003742809971090111, 0.0005836573218120922]
[0.00029040966748198477, -0.0006934450923532509]
[0.0007564996111219802, -0.0003838102096664908]
[5.354781347588489e-05, 0.0007729496676436853]
[-0.00022618235341143045, 0.0003626226982227365]
[2.903836022849493e-05, -0.0006057693122121788]
[0.00010062625237161615, -0.00043498913330326794]
[0.00011018646488708539, 0.00045135618912217623]
[0.0002526591857057725, 0.0005991618529181952]
[0.0005166424306477513, -0.0002933662965755035]
[0.0001887970382168369, -0.0007011653487806191]
[-0.00038923154304632, 0.00039544578902870123]
[8.104084303206527e-05, 0.0005738703608601722]
[0.0005640745553281423, -0.0005583446643036005]
[3.308206999230734e-06, -0.00024269506856877676]
[-0.0002374272183858217, 0.00046901837890078735]
[0.00044247962880877845, 0.00022548968413405035]
[0.00048643685783850144, -8.660275005946058e-05]
[-0.00032982148995419625, -0.00042055248143131607]
[-0.0003852294653383659, -5.21903970883697e-05]
[0.0005238797048350285, 0.0004631728856816508]
[0.0008467228637741298, 2.7433981508728777e-06]
[-7.860132170400824e-05, -0.0002518968154732182]
[-0.0005749723882806368, 3.833400951600008e-05]
[0.0003483692924546866, 8.539060218429317e-05]
[0.0005183859917022859, 7.904946741305041e-05]
[-0.0003880351429237372, 4.1283833442096185e-05]
[-0.00016805231981903423, -0.00025570445446776446]
[0.0007175013435597732, -8.170470148449738e-06]
[0.0005096801296727849, 0.0005211236462309143]
[-0.00033316041867781365, -9.8625276483022e-05]
[-0.00032995913355682305, -0.0005431833680642484]
[0.00042319958963271676, 4.4407129179968585e-05]
[0.0004241618483144527, 0.0003678966187137256]
[-0.00017070964620763407, 0.0002820019517373318]
[-1.1623898826362833e-05, -0.000293180586715458]
[0.0004316939779354101, -0.000428806694966144]
[3.375096544216971e-06, 0.0005011950305235657]
[-0.0003170794882394745, 0.000336668977563518]
[0.00027216681165381784, -0.0005937785678120644]
[0.0004661726795157639, -0.00024312314454155715]
[6.114010925473146e-05, 0.0005201716858135308]
[3.0502052095038312e-05, 0.0003167591090890154]
[0.00012708979149199384, -0.000350446131924656]
[-5.873916512341704e-06, -0.0004092889845996456]
[-0.00016843569226332455, 0.0002294771262718598]
[0.00011945663361301317, 0.0005357445768388036]
[0.0005399333793098537, -0.00018059436718087518]
[0.00013490043449584932, -0.0005054613773260996]
[-0.00030306266905977264, 0.0003156407877035472]
[0.0001784846172273591, 0.0002992324946736319]
[0.00039677796372128427, -0.00031697890874793355]
[-0.0001473563430494096, -0.00014265394933221653]
[-0.00017153558881746744, 0.00010139508010342801]
[0.00046117651853178065, 0.0002624552767616084]
[0.0003959955519391434, 0.00011334271080390423]
[-0.0003009273977031546, -0.0003332184674051941]
[-0.000360758139663353, -6.975701232442288e-05]
[0.000347230282771116, 0.00022075451504466326]
[0.000599284298444358, 1.6826186004292865e-05]
[-8.391289287951187e-05, -3.52154054104048e-05]
[-0.00025131184121740535, -3.2608820126012183e-05]
[0.0004078921430776816, -6.026104030398827e-05]
[0.0002554931386709314, 0.0001548446775944401]
[-0.0003720371509927378, 0.00010159353052202613]
[-0.00013806316732023483, -0.00031006182265569393]
[0.0004574426516896768, -1.0665349104876931e-05]
[0.0003961235527265572, 0.00042921972119558394]
[-0.0001406510162028085, -1.4953082739244117e-05]
[-0.0001835563609319541, -0.0003163430921537813]
[0.00025211250281048647, -0.00014586588175281162]
[0.00021384240899208207, 0.00021937643648362037]
[-9.94430516019218e-05, 0.00034205431284572985]
[0.00010780192083964524, -0.00030413499315462555]
[0.0003284335144850825, -0.0002936614551422023]
[-6.136350743352059e-05, 0.00046308138237392826]
[-0.00019436816912016264, 0.0001948046962443467]
[0.00016876179046276807, -0.0004309589548631143]
[0.00019251357302618732, -0.000190817886946415]
[5.123032024487162e-05, 0.00032873728021509674]
[0.00015556299199049467, 0.0002785023425073696]
[0.00023177667743412567, -0.0002009580653494769]
[8.530510240079003e-06, -0.00035572551929169416]
[-0.00027661495956293747, 0.00014298800952694535]
[5.1156470996682746e-05, 0.00040835080358814224]
[0.000447295453994849, -0.00017277405612126095]
[5.146441141451463e-05, -0.0002862811515758068]
[-0.00021801359128814646, 0.00024260797916397792]
[0.0002271954747414262, 0.00013830990554347666]
[0.0003081162637474377, -0.00010457657489917893]
[-0.00019394346177298294, -0.0001478110866747276]
[-0.00016384143483194613, -8.938324318941149e-05]
[0.0003968706961210988, 0.00026300288071778866]
[0.0003742374373891799, 0.00014528224884613472]
[-0.00019968655991675632, -0.00020851904714058733]
[-0.0003144925446215696, -6.368093583896534e-05]
[0.00023642798048509328, 6.681738810550286e-05]
[0.00036784032591208327, 6.40422819571107e-05]
[-0.0001480088037570937, 5.521475174863344e-05]
[-5.8557971163775147e-05, -0.00011051197607570007]
[0.0004232726280568033, -9.859909605958173e-05]
[0.00016161192758917808, 0.0002247613522020804]
[-0.0002800418384263925, 8.489157887701243e-05]
[-0.00011896396039545731, -0.00031541793461253853]
[0.0002767251240355373, -1.9478419338025965e-05]
[0.00025745578048780304, 0.0002977548823928089]
[-6.126840781427167e-05, 0.00010068398763207753]
[-4.470309404869255e-05, -0.0001656882875818999]
[0.0001764100133300195, -0.0002591998723505129]
[5.921666402891601e-05, 0.00018298490368240383]
[-7.646803065308738e-05, 0.00030082296388486696]
[0.00016633441967531942, -0.00030104421951804294]
[0.00024026351494924048, -0.00018747604013691355]
[-4.7884849194657075e-05, 0.0003530992511448505]
[-4.716829895445862e-05, 0.00014962267144214003]
[9.402350381282343e-05, -0.0002662712307933274]
[3.485724607232843e-06, -0.00018336647281671364]
[-1.0634907877504762e-05, 0.00018642112766920071]
[0.0001717193662494898, 0.0002508938131740024]
[0.0002932686284349839, -0.00010977980935145126]
[3.2146335196270304e-05, -0.000288257609360687]
[-0.00025814420086060774, 0.00011917378413900392]
[6.359864116407821e-05, 0.0002554501117224134]
[0.00032212510058809984, -0.000166978720991251]
[-3.546842157592378e-05, -0.00011542067055725358]
[-0.0001524580220658156, 0.0001372455026198427]
[0.000244259889200682, 7.87164604084678e-05]
[0.00025324263756429377, 4.288616217999405e-05]
[-0.00018921187417425545, -0.00015894804956078507]
[-0.0001736862771645198, -0.00013582578339155216]
[0.00029391023558184015, 0.0001937739134857952]
[0.0003507521907379352, 0.00010825517603441082]
[-0.00010142954773847968, -8.132230353274927e-05]
[-0.00022643877354727726, -6.573141607435495e-05]
[0.00019597998998632793, -1.956004073755402e-05]
[0.00019194062583671734, 0.00011015807257463983]
[-0.00019671982687263778, 8.290204831479242e-05]
[6.3026920859299285e-06, -0.00016994970103145768]
[0.0003590860219450237, -8.289123559668266e-05]
[0.0001459252174821346, 0.0002616492022545214]
[-0.0001633446421926421, 5.0478822044452976e-05]
[-8.136956529863903e-05, -0.00026948369247617454]
[0.00016974621294013614, -5.5430391647459665e-05]
[0.00013024250498783196, 0.00018297985995008315]
[-3.7337792674868586e-05, 0.00018985959808603958]
[5.860851196975991e-05, -0.00011446879276960642]
[0.00014606157917446128, -0.00026887289996962993]
[-4.080419005725311e-05, 0.0001985546480890929]
[-6.90481826660927e-05, 0.00021525142726011755]
[0.000172917267285716, -0.0002603288952204297]
[0.00014816658771776847, -0.00013292427279454344]
[-1.9203835258552182e-05, 0.00022698620695538185]
[7.412312699167645e-05, 0.00015093613756511637]
[8.784356621814246e-05, -0.0001387542310536255]
[-7.518233714026712e-05, -0.00018575952867142496]
[-9.343189308480548e-05, 8.896391565627049e-05]
[0.00013177196881958286, 0.0002254883678607933]
[0.00029408941473740846, -6.104356180247628e-05]
[2.2801750973244772e-05, -0.00020921242969973441]
[-0.00018500726165998627, 0.00010936359122409173]
[0.00011456916345339851, 0.00012145870190386626]
[0.0002193573410960159, -0.00011766929053325104]
[-9.967360977047868e-05, -3.0232837714305738e-05]
[-0.0001085592540100988, 1.9194422062662753e-05]
[0.0002413160161914285, 7.724210520376751e-05]
[0.00021547081291301007, 0.00011162974927335367]
[-0.00015802085255256504, -0.00013276149340932242]
[-0.00017472009629243557, -0.00010770022058362305]
[0.00019432188258849958, 8.902334006158363e-05]
[0.0002891265093654845, 7.159476344231752e-05]
[-5.311327814594424e-05, 1.5629010592377313e-05]
[-0.00011616049466056655, -7.80966788748172e-05]
[0.00019856697784342847, -6.332952119553203e-05]
[9.06988950410137e-05, 0.00013988116685136748]
[-0.0001932315942630991, 8.370251076372445e-05]
[-2.800954975290537e-06, -0.00019901525887566773]
[0.0002468793825323168, -5.4053691350697264e-05]
[0.00013726776097411353, 0.0002482379712692162]
[-6.692807446639915e-05, 4.1673191618851746e-05]
[-2.9187411049957923e-05, -0.00019134036347177863]
[0.00011141521892622623, -0.00010854110174860626]
[3.702020286955321e-05, 0.00011609527538769537]
[-2.9367454441986407e-05, 0.00021908014541394127]
[0.00011876638296443032, -0.00012702778121931324]
[0.00012777790732088068, -0.00020701649353727092]
[-8.39049731585495e-05, 0.00020678609339647158]
[-4.700157486620116e-05, 0.00013756029417737875]
[0.0001435319132933044, -0.0001919967568944636]
[5.434679755811356e-05, -0.00011548440741554478]
[-1.2328838067454662e-05, 0.00012522717485574653]
[0.00013690292977307228, 0.00015617395141909185]
[0.00013077216779910916, -5.834781165001135e-05]
[-6.978422616021884e-05, -0.0001783391462717998]
[-0.00015140168784050223, 3.477671712534547e-05]
[8.917779433270656e-05, 0.00018786632974487905]
[0.0002487633765689591, -4.313947431244802e-05]
[-1.421043511028175e-05, -0.00012496613516022048]
[-0.00011491107994288097, 8.418459648049104e-05]
[0.00015890806797336232, 3.756987527642197e-05]
[0.0001565746333410667, -3.254347385717171e-05]
[-0.00013056478441608732, -1.913899897731941e-05]
[-8.470726152617902e-05, -7.18985037477804e-05]
[0.00022035849973653376, 8.405974139047423e-05]
[0.0001895681326439802, 0.00011754272624525663]
[-0.0001136433916792412, -7.295352890523965e-05]
[-0.0001520104585157056, -6.918037871952304e-05]
[0.00012817528561923086, -4.129190104503605e-06]
[0.0001934973550492547, 6.216845788087344e-05]
[-5.786295466619906e-05, 7.029942838943093e-05]
[-2.1584468300195336e-05, -9.47926176235736e-05]
[0.00020392682648584515, -8.075981291433276e-05]
[5.3732420969662686e-05, 0.00015373133978539323]
[-0.00014229353865387318, 7.345028125013003e-05]
[-2.478367715408325e-05, -0.00019478352422708234]
[0.00013756408769760586, -3.995564033620891e-05]
[0.00010484797994894657, 0.00019182589856059362]
[-9.893331347057832e-06, 6.861726532680912e-05]
[2.3330023517342813e-05, -0.00011528797333811014]
[7.834598050937558e-05, -0.00015124798244545157]
[-2.1109165223909265e-05, 9.748164694237116e-05]
[-2.1194671789070973e-05, 0.00019124550277260788]
[0.00014010962338333044, -0.00014945000606936265]
[0.00010133250691077289, -0.0001284808893099454]
[-7.969545033298386e-05, 0.00017993550075803832]
[-1.0297093694378034e-07, 9.309362427312173e-05]
[0.00010576108294671482, -0.00011855204219905768]
[-2.2578872111683745e-05, -0.0001115001786447592]
[-3.534067106747418e-05, 5.952736319037033e-05]
[0.00014011393615451229, 0.00014729832515214536]
[0.0001776802537800659, -1.7264840896924483e-05]
[-3.304197083470184e-05, -0.0001532955616290188]
[-0.0001605625618301132, 1.6727286498825766e-05]
[7.32432966790153e-05, 0.00013154211353910705]
[0.00018647676053556994, -3.7349002210196325e-05]
[-5.541381724283312e-05, -5.112036974785905e-05]
[-7.232161073650323e-05, 3.621480971433e-05]
[0.00017514650509142804, 8.701265560184801e-06]
[0.0001264287200761216, 5.1881218881652535e-05]
[-0.00013055934629456478, -3.945527049552949e-05]
[-7.68833213523612e-05, -0.00011152860928476116]
[0.0001815357521745553, 6.848748628895951e-05]
[0.00016781939539409207, 9.331229651965423e-05]
[-6.981081108856091e-05, -5.891594693108182e-06]
[-0.00010414198982042211, -5.292204090595609e-05]
[0.00010396604485696237, -5.947934244703024e-05]
[9.478997081419083e-05, 7.524175466477878e-05]
[-8.556823190758456e-05, 8.858652718890525e-05]
[3.0038594348302805e-05, -0.00011056937535847133]
[0.0001840017892640461, -7.964813615468636e-05]
[5.077346415721662e-05, 0.0001548329765972689]
[-7.317386834487793e-05, 6.133713432995846e-05]
[-2.374285125716913e-05, -0.00016201832026768725]
[6.440776796734493e-05, -5.089636062083347e-05]
[5.2675661306338106e-05, 0.0001205233125758376]
[1.2480949012183551e-05, 0.00011102281277386439]
[6.555949681597006e-05, -6.932898755385164e-05]
[5.755339843971363e-05, -0.00016092932762595824]
[-5.2955557091005634e-05, 0.00010439984102973698]
[-9.220435224027712e-06, 0.0001350438080476822]
[0.00013220461144242135, -0.00014515876988385745]
[5.9545687114137547e-05, -7.419046084267134e-05]
[-5.216125266543914e-05, 0.00012419170671063018]
[5.792629430900753e-05, 7.942763625129468e-05]
[8.509766698371404e-05, -5.7551113557411174e-05]
[-6.427337140509949e-05, -0.000105593188180245]
[-7.275347884611039e-05, 2.2383171172424277e-05]
[0.0001087705758097135, 0.0001245555593125114]
[0.0001930050884807466, -2.317772148763275e-06]
[-9.446906590410142e-06, -0.00011126448160059255]
[-0.0001283761810215167, 1.8272835756935613e-05]
[8.400231472135977e-05, 6.588517806475555e-05]
[0.0001317769239188027, -2.3788432344906685e-05]
[-8.235562644887118e-05, -4.157330137866122e-06]
[-5.433059603576762e-05, -2.2102752478714294e-05]
[0.00016504152092335772, 1.5065497796729055e-05]
[0.00011372438661405582, 0.00010200448146359398]
[-0.00010825665488850555, -4.919289468305332e-05]
[-7.625813690659289e-05, -0.00010441963299911983]
[0.00013213169570336358, 2.8344067072000323e-05]
[0.00013914865897726725, 6.878415492728163e-05]
[-4.057053343864414e-05, 4.443325254033237e-05]
[-4.357632898183139e-05, -5.974987157131295e-05]
[0.00010806802985774411, -7.76684200280986e-05]
[2.525155555310743e-05, 9.450158028925792e-05]
[-9.999575439068042e-05, 8.377293959182727e-05]
[3.810191063349788e-05, -0.00012085785946813754]
[0.0001359875788457532, -6.670493459559612e-05]
[5.0838722666424196e-05, 0.00014241435492517995]
[-1.54667776909867e-05, 5.596669299312573e-05]
[3.5094473295194106e-06, -0.00011353721347112829]
[3.1309558987821506e-05, -7.870830972171207e-05]
[-4.6267955808310113e-07, 6.553960929445157e-05]
[1.5536410549188417e-05, 0.00013845591656236333]
[9.328141716780092e-05, -5.891626463511157e-05]
[4.329568063474176e-05, -0.0001352592274854736]
[-6.58342712153287e-05, 0.00010893755395159979]
[7.838145551941622e-06, 8.292438554238085e-05]
[0.00010788804875694336, -0.00010882347249163704]
[8.545601955678439e-06, -5.47243044095036e-05]
[-2.9100441048646175e-05, 6.247169396356167e-05]
[0.00010200315678526861, 8.004978669662322e-05]
[8.990427381366795e-05, -1.5464960372420233e-05]
[-6.778848638155921e-05, -9.339270756303364e-05]
[-0.0001007442480190357, 2.4674769094068516e-06]
[7.50916849812655e-05, 9.368723410613233e-05]
[0.00016926472261223624, -6.598932515977651e-07]
[-1.4922012691424846e-05, -6.017465993402027e-05]
[-8.067716883303211e-05, 1.8664096432918775e-05]
[0.00010437235815646817, 1.0682622312185863e-05]
[9.50109074059069e-05, 6.306273047609889e-06]
[-9.006149427134846e-05, 1.0790636919125185e-05]
[-4.789439575683674e-05, -6.947334060236621e-05]
[0.00014007338530352964, 2.7128680953336648e-05]
[0.00010572033443007056, 0.00010805724632229063]
[-7.457963599888373e-05, -3.0327036261323936e-05]
[-7.054420796237526e-05, -7.564593494188004e-05]
[8.701311593950489e-05, -1.924950897893435e-05]
[9.74881580572684e-05, 5.8372417022611867e-05]
[-3.2408013259765944e-05, 6.92870162803394e-05]
[9.917919442103962e-06, -7.492020539312527e-05]
[0.00011572675342014227, -7.377875562852854e-05]
[-2.3252885911970167e-06, 0.00010682608085774842]
[-8.301408475776262e-05, 6.875183991414749e-05]
[2.3845757188362127e-05, -0.00012030628051057368]
[7.710558378359877e-05, -5.208232171416416e-05]
[3.732488854021887e-05, 0.00011537179736120784]
[1.694307349978108e-05, 6.228239181038653e-05]
[4.049013314955108e-05, -6.699751210007682e-05]
[2.278767593583142e-05, -0.00010420272714663226]
[-3.9075889948503306e-05, 4.274909381413172e-05]
[1.3408117413904463e-05, 0.00013300283593919993]
[0.00010561510770487614, -6.77336702624709e-05]
[3.079035665382035e-05, -9.119238198540547e-05]
[-6.346321991834714e-05, 9.46845822556025e-05]
[3.0875423147919134e-05, 5.3008761056488884e-05]
[8.187271466755797e-05, -5.77183141673987e-05]
[-3.663221823516083e-05, -5.688499146819237e-05]
[-2.723624004315195e-05, 1.4684042743851045e-05]
[0.00011474084419110797, 7.932602101579089e-05]
[0.00010867253513174857, 9.129070343144585e-06]
[-4.7933545969214286e-05, -7.567469718422482e-05]
[-0.00010374622900655162, -7.2458602289986185e-06]
[5.9703007421293974e-05, 5.900956793757767e-05]
[0.00012322494630928604, -8.733620371903505e-07]
[-3.9021778717285294e-05, -1.3048558930639498e-05]
[-4.1581488752939766e-05, 3.838350124185652e-06]
[0.00011694796479544411, -1.804289279760951e-05]
[7.435019244482997e-05, 4.532593936865982e-05]
[-8.295658086409502e-05, 4.3104553574223325e-06]
[-4.320666463308864e-05, -9.037777695625193e-05]
[0.00011008984096061436, 2.3630040761835058e-05]
[9.434986662185119e-05, 8.48117251731062e-05]
[-4.128899799529795e-05, 8.555508853425042e-06]
[-5.0581283778272645e-05, -5.1167750307629795e-05]
[5.9982018100951384e-05, -5.504352388800704e-05]
[4.829629851943462e-05, 6.095477381218295e-05]
[-3.911330412392777e-05, 7.358571813864678e-05]
[4.067713302885467e-05, -8.505655433094228e-05]
[0.00010707284848602422, -6.258027646932618e-05]
[1.098304501290226e-06, 0.00010672991386723174]
[-4.156940790062125e-05, 5.356655562184509e-05]
[1.2613631132252223e-05, -0.0001048660949152791]
[2.8577476510111e-05, -4.624654195711786e-05]
[1.0911300012902275e-05, 7.859254376185731e-05]
[2.7229553667851292e-05, 7.67304442088057e-05]
[6.968510003935169e-05, -3.710164980394448e-05]
[2.0897976761080628e-05, -0.00011025428973523987]
[-5.8088192933819505e-05, 4.6084903792931176e-05]
[1.4406871915867425e-05, 9.924270117331498e-05]
[0.00010293570356305348, -7.253436820214842e-05]
[1.4589732080211304e-05, -5.1349331397554376e-05]
[-5.040955699275873e-05, 6.254784197917695e-05]
[5.702760634246351e-05, 4.4538536605687185e-05]
[6.644672602022783e-05, -1.3031249079357987e-05]
[-6.15180410178575e-05, -6.133654913689432e-05]
[-4.4474322293930335e-05, -1.2052683847352252e-05]
[9.785354513291988e-05, 6.978599099205507e-05]
[0.00012108589988518714, 2.020145759917824e-05]
[-2.67305897663217e-05, -5.316026049267952e-05]
[-8.248295989939092e-05, -1.0567540744839052e-05]
[6.416779701219621e-05, 2.4138430071068973e-05]
[7.860241597579254e-05, 5.747452273718867e-06]
[-6.160025706908323e-05, 1.7674285051783034e-05]
[-2.117765421388862e-05, -2.5777364459078633e-05]
[0.00011399981362721079, -1.934286956561948e-05]
[6.320218535174615e-05, 7.620368246477605e-05]
[-6.72473148764785e-05, -4.5784138100329885e-06]
[-3.674447071372322e-05, -8.409771150763579e-05]
[8.054670528342966e-05, 1.1817446603779036e-06]
[7.531492035138532e-05, 5.680600978308359e-05]
[-1.8544728882081973e-05, 4.6403499415870186e-05]
[-1.7000110502429777e-05, -4.33042945556239e-05]
[5.4005951774738215e-05, -7.000982193913763e-05]
[5.7064944071483215e-06, 6.803501452011529e-05]
[-4.5812774911418996e-05, 6.699395413120937e-05]
[4.593701009154849e-05, -8.534708984181405e-05]
[7.781759093000717e-05, -5.188807627681813e-05]
[1.2422036918091628e-05, 9.426721691657702e-05]
[2.9926670500057817e-06, 4.5136894874620026e-05]
[1.7855542204639474e-05, -7.612086567838211e-05]
[1.7107953833583878e-06, -5.291913275643802e-05]
[-1.8022199869488498e-05, 4.3577324505494897e-05]
[2.6690791561340133e-05, 8.828388906273466e-05]
[8.34753083731321e-05, -2.8019281192948053e-05]
[1.575976903356313e-05, -9.241438353307929e-05]
[-6.047615327908068e-05, 5.576744862693245e-05]
[2.1768169212774136e-05, 5.733243874369784e-05]
[8.804426218475547e-05, -5.9454327517860506e-05]
[-7.764775656060596e-06, -2.953983515210923e-05]
[-3.5060579411716475e-05, 2.4808423727873397e-05]
[7.837658218393107e-05, 4.5625577172137e-05]
[6.591285476889586e-05, 1.4089500941019684e-05]
[-6.149276400571613e-05, -5.6526005766138754e-05]
[-6.477007348806851e-05, -2.163052642645269e-05]
[6.885847614573892e-05, 5.1371447702758255e-05]
[0.0001133924785038376, 2.198726191610101e-05]
[-1.933851437930026e-05, -2.648576244762557e-05]
[-5.0160594419979e-05, -1.2026555460134536e-05]
[7.667943729544602e-05, -5.451210084828073e-06]
[5.0061576040538736e-05, 2.223555823076262e-05]
[-6.910196621034981e-05, 2.706232687397364e-05]
[-1.5866257095834002e-05, -5.710426779492739e-05]
[9.761804421840048e-05, -7.166949207382256e-06]
[5.578280545409653e-05, 8.569668225397176e-05]
[-4.719679903228413e-05, -1.1924017151443422e-06]
[-2.762957039294245e-05, -6.301529655641097e-05]
[5.516129410153281e-05, -2.894743833960038e-05]
[4.820002887373498e-05, 4.1436262510907707e-05]
[-1.0874536758603837e-05, 6.703916910105745e-05]
[1.936017744338936e-05, -4.892036909942554e-05]
[5.9108751356923284e-05, -6.705914371074595e-05]
[-1.772072065261976e-05, 7.203273685549294e-05]
[-3.952741909052371e-05, 5.6817687152506575e-05]
[3.5927716272754484e-05, -7.718948064067144e-05]
[3.8524655023547405e-05, -4.4185763648285636e-05]
[1.3090601316517736e-05, 7.237754413974562e-05]
[3.20384265198731e-05, 4.6170446630355855e-05]
[3.686182055319398e-05, -4.2852392326028776e-05]
[-5.722108084638133e-06, -6.571836294260586e-05]
[-3.947744067028802e-05, 2.180017837852266e-05]
[2.49995927522062e-05, 8.60426999958197e-05]
[8.383702448810926e-05, -3.19849202099487e-05]
[5.946694485222531e-06, -6.027798057406386e-05]
[-5.2164356544620594e-05, 5.371723568790843e-05]
[3.525190267275602e-05, 2.720931066983734e-05]
[6.77361019601197e-05, -3.054428078452798e-05]
[-3.218004126320784e-05, -2.5234772098647884e-05]
[-2.6662031832689476e-05, -5.691252343731357e-06]
[8.623238574553826e-05, 4.45869911424035e-05]
[7.456179233789051e-05, 2.482056016164802e-05]
[-4.448195413456202e-05, -4.175145252025003e-05]
[-7.132322405778435e-05, -2.197476092836298e-05]
[4.749852436219948e-05, 2.7632844003051132e-05]
[8.665023824699913e-05, 1.9570266744983744e-05]
[-2.685805262725438e-05, 1.024395744619877e-06]
[-2.1867025038313503e-05, -1.723151716664928e-05]
[8.385848961450781e-05, -2.347666468371923e-05]
[3.816322863513244e-05, 4.4108973581251376e-05]
[-6.049859259919018e-05, 2.077112386926136e-05]
[-1.6339306814661114e-05, -7.469358145018035e-05]
[7.441996032198084e-05, 3.3692805206930743e-07]
[4.82669491139176e-05, 7.353876157106809e-05]
[-2.6191408377645997e-05, 1.6459852460348756e-05]
[-1.4537779636086823e-05, -4.296632430718199e-05]
[3.764864642595567e-05, -5.20653945307141e-05]
[1.7346266042383984e-05, 4.1318927211819734e-05]
[-1.458429846529219e-05, 6.77359669768729e-05]
[4.45659832943035e-05, -5.7384774103608205e-05]
[5.989070497867954e-05, -5.5108755487198735e-05]
[-2.0085880850895244e-05, 6.959831934866961e-05]
[-1.7892276090614168e-05, 4.6675106830110225e-05]
[2.575936548476765e-05, -6.312091803925557e-05]
[4.785862325384915e-06, -4.041905881317642e-05]
[-1.1558716172047068e-06, 4.612136742887518e-05]
[4.037105488760573e-05, 5.378207623946141e-05]
[5.777369680631805e-05, -1.689626364767549e-05]
[-3.7443725251495863e-06, -7.255387921914491e-05]
[-4.936297055399552e-05, 1.6660546050907554e-05]
[2.618882111059262e-05, 6.73600328248182e-05]
[7.619833548602739e-05, -3.550074750324761e-05]
[-6.420243246152424e-06, -2.9621271011914807e-05]
[-3.9116224228114005e-05, 3.4683553401138045e-05]
[5.15412637733248e-05, 1.6411499695168086e-05]
[5.111156127177857e-05, 1.6094444280755765e-06]
[-4.962854909815184e-05, -2.8374242238681652e-05]
[-2.9117643575216068e-05, -2.300798788323899e-05]
[7.777152698429379e-05, 3.6518200158264236e-05]
[8.087823480762424e-05, 2.6428594023686358e-05]
[-2.523424107461758e-05, -2.213524832073155e-05]
[-5.8131811137070166e-05, -1.97560447156922e-05]
[4.298395425592072e-05, 3.186077574310331e-06]
[5.338996140719088e-05, 1.8940060202893294e-05]
[-3.961258869863982e-05, 2.2820042081483916e-05]
[-5.643328801652192e-06, -2.9100685072669386e-05]
[7.944458978378921e-05, -2.7296877101401495e-05]
[3.478547700228041e-05, 6.1804811796521e-05]
[-4.3010527620901406e-05, 1.1317667495465422e-05]
[-1.510783422176143e-05, -7.169099049716965e-05]
[5.0791218797585636e-05, -6.803233727703528e-06]
[3.7807170624598596e-05, 5.125939405109525e-05]
[-8.572595088761348e-06, 3.9090226928939487e-05]
[3.33649011885484e-06, -3.344881709005376e-05]
[2.9921495891760408e-05, -6.0204588674450665e-05]
[-9.27626382923874e-06, 4.817840479806601e-05]
[-1.9846106433879518e-05, 5.636600359994193e-05]
[5.1092603305699646e-05, -5.986343029384944e-05]
[4.6615156956406056e-05, -4.2335304849372424e-05]
[-1.0925107610831875e-05, 6.0525489461671356e-05]
[1.0402872231002336e-05, 3.8669618939585204e-05]
[2.5497605870769546e-05, -4.48478108951017e-05]
[-1.3572348194428041e-05, -4.101318876270632e-05]
[-2.216005143987343e-05, 2.2218351745484366e-05]
[3.5286457695182794e-05, 6.0466850263229954e-05]
[6.997204533504275e-05, -5.720266459841028e-06]
[-1.903529194213771e-06, -6.467817730709813e-05]
[-4.898966746536004e-05, 2.1208967129513617e-05]
[3.030991466880517e-05, 3.979311867545205e-05]
[6.471830962170855e-05, -2.8624088493578448e-05]
[-1.9351672300382816e-05, -1.1795515595963701e-05]
[-2.679365061541983e-05, 6.541215810729195e-06]
[6.476447967636301e-05, 1.8876678460011398e-05]
[4.459633839577759e-05, 2.4615272205732314e-05]
[-5.263313064347852e-05, -2.8510878262735795e-05]
[-3.782532393944993e-05, -2.868453225671197e-05]
[5.894077958640276e-05, 2.2802249364795024e-05]
[7.552292565378427e-05, 2.528641320254099e-05]
[-1.562883532849578e-05, -2.7097246514395934e-06]
[-3.227889939286244e-05, -1.90581597702133e-05]
[5.0717930249744025e-05, -1.707281172347308e-05]
[2.7315025251828384e-05, 2.454874256078987e-05]
[-4.6388441160116756e-05, 3.2805554093233436e-05]
[-4.864662088432947e-07, -4.451493828272479e-05]
[6.539600430316428e-05, -2.109095146890505e-05]
[3.167107711612993e-05, 6.688684987790627e-05]
[-2.4561002796019693e-05, 9.864504612211444e-06]
[-9.161470688606732e-06, -5.3640842985102494e-05]
[3.1203815382740974e-05, -2.5405842620770946e-05]
[2.261998438383983e-05, 3.301786040210697e-05]
[1.3445016340818405e-06, 5.4700501052828976e-05]
[2.351197739064448e-05, -3.4123845033928735e-05]
[2.9366955412835072e-05, -5.497591301217852e-05]
[-2.4270888804412295e-05, 5.214128343059704e-05]
[-1.705551364228862e-05, 4.294854009250816e-05]
[4.2513810288274945e-05, -5.360155613420847e-05]
[2.1300113982991586e-05, -3.313347525327193e-05]
[-3.7209759587153446e-06, 4.589009225103302e-05]
[3.28940667733979e-05, 3.470881771988621e-05]
[3.5344684618354716e-05, -2.4713326612330055e-05]
[-1.6985840241082184e-05, -4.4290256432519964e-05]
[-3.8544587739136604e-05, 6.815988484260016e-06]
[2.801912241487403e-05, 5.844368486729312e-05]
[7.004872863861089e-05, -7.54438617567299e-06]
[-4.623061353188629e-06, -4.3162090554438315e-05]
[-4.1821202117875433e-05, 2.362582108164646e-05]
[3.647031484296792e-05, 1.5512277821469467e-05]
[5.189998685883879e-05, -1.067939829849096e-05]
[-3.1089412070195444e-05, -7.93181463740189e-06]
[-1.9598708672954532e-05, -1.805451262815172e-05]
[6.894120161965445e-05, 2.2816758996069275e-05]
[4.757045437350782e-05, 3.378488405991753e-05]
[-4.1338464350393345e-05, -2.1058947727997657e-05]
[-4.3031355715747455e-05, -2.7758485835263635e-05]
[4.073382430047623e-05, 7.0328759337739966e-06]
[5.7362827150048146e-05, 2.4323627116518143e-05]
[-1.8085431366055005e-05, 1.3712735098536655e-05]
[-6.996780918366863e-06, -2.200045612754664e-05]
[5.8853514701473486e-05, -2.8878039047941506e-05]
[1.4622498605301737e-05, 3.607891372988878e-05]
[-4.201442295835578e-05, 3.0278751934186693e-05]
[-4.0466849102194224e-07, -5.5673681607026904e-05]
[4.748635123794087e-05, -1.3952213435253213e-05]
[2.5185763194462973e-05, 5.7766881552956395e-05]
[-9.478812525942626e-06, 1.9440036828133334e-05]
[1.2548590942254578e-06, -3.3277968317770544e-05]
[1.831912929223245e-05, -4.395641261831229e-05]
[3.6029159361794516e-06, 2.62919594963551e-05]
[2.5192241944749227e-06, 5.701927360801662e-05]
[3.995399235140473e-05, -3.832211496507254e-05]
[2.9214053563868247e-05, -4.350418111814802e-05]
[-2.5626861205829687e-05, 4.849541349446346e-05]
[-3.1502253649562384e-06, 3.3287480550717174e-05]
[3.0113514564722443e-05, -4.0689640190716414e-05]
[-5.193110262424749e-06, -2.8632020801916402e-05]
[-6.5901033709167556e-06, 2.7779770503388868e-05]
[4.2058613951567736e-05, 3.5286630198971825e-05]
[4.8154465279171e-05, -7.016372589041531e-06]
[-1.2956905490330017e-05, -4.5762674378807544e-05]
[-4.403565612547122e-05, 2.074130047921563e-06]
[2.5668322168451163e-05, 4.491131980466356e-05]
[6.111396561821192e-05, -1.3032543942859132e-05]
[-1.153007027510089e-05, -1.7811069248252487e-05]
[-3.126139030298902e-05, 1.5881867075490108e-05]
[4.3766347578994e-05, 2.918013220221116e-06]
[4.030219960971665e-05, 1.1046783596070642e-05]
[-3.890159016746442e-05, -1.0923874577605137e-05]
[-1.9159117121664293e-05, -3.096330962315541e-05]
[6.17259897811584e-05, 1.9946699108153165e-05]
[5.269324055659497e-05, 3.243439848343854e-05]
[-2.3934797091618165e-05, -7.66758599235473e-06]
[-3.7230796305486036e-05, -2.4776900185716558e-05]
[3.173043828544331e-05, -7.96992030419573e-06]
[3.337351176643799e-05, 2.4477624494423367e-05]
[-2.6194480274716048e-05, 2.545734986203474e-05]
[7.945003691986474e-06, -2.8821917497257044e-05]
[5.8012817604785605e-05, -3.058277964052003e-05]
[1.2425249564990137e-05, 4.789270381119412e-05]
[-2.8782278543332263e-05, 2.1368456261251778e-05]
[2.0537317396707166e-07, -5.57555545361299e-05]
[3.0581869647161586e-05, -1.3849110505836926e-05]
[1.5705534106499885e-05, 4.0613321583060635e-05]
[1.1418340026877333e-06, 3.429724201126083e-05]
[1.4430812383836589e-05, -2.124608103748482e-05]
[1.2781756316693205e-05, -5.213159824779545e-05]
[-1.4810905858170242e-05, 2.8947482837077265e-05]
[-9.424791325707282e-07, 4.812140776286333e-05]
[4.6722484151225097e-05, -3.9285009360789935e-05]
[2.2813073133773343e-05, -3.245017485586921e-05]
[-1.8268015973210705e-05, 3.835139176069924e-05]
[1.677150051124232e-05, 2.811567574573237e-05]
[2.4522017881917213e-05, -2.483600596141569e-05]
[-2.185485632241746e-05, -2.8093227360997085e-05]
[-1.813087593720286e-05, 9.875895633948417e-06]
[3.9097414861244406e-05, 3.7772872195029894e-05]
[5.5959078969880505e-05, 3.5843038365401814e-06]
[-9.400063344960907e-06, -4.051510180064222e-05]
[-3.9640852071495467e-05, 4.445381473939733e-06]
[2.882067527962967e-05, 2.4193667836278077e-05]
[4.855673454040588e-05, -1.2271984059147867e-05]
[-2.010587280859566e-05, 1.9077019089430713e-07]
[-2.045183655496885e-05, -1.2091977548145394e-06]
[5.029296729126831e-05, 1.912266443415689e-06]
[3.282402574435184e-05, 2.75706078983768e-05]
[-3.9636246314533885e-05, -1.215545772104143e-05]
[-2.2933273987030267e-05, -3.228850601741384e-05]
[4.656317615930883e-05, 9.47046771582194e-06]
[5.12157112326217e-05, 2.7163375403538303e-05]
[-1.096845606858056e-05, 7.208298754723952e-06]
[-2.0644478508968778e-05, -2.2433511913798332e-05]
[3.280237555516874e-05, -2.0344762381135917e-05]
[1.3098228593022565e-05, 2.6511129822770485e-05]
[-3.095894628699081e-05, 3.0980558405585557e-05]
[1.1361876355276204e-05, -3.7272234569452056e-05]
[4.6759871548965326e-05, -2.481554546351905e-05]
[1.3398098340139386e-05, 5.260736223246243e-05]
[-1.2755798992347689e-05, 1.5136471926330275e-05]
[3.850107544126069e-06, -4.426146735913086e-05]
[1.699456786916076e-05, -2.2261416307413004e-05]
[4.747323480158716e-06, 2.4863122095819534e-05]
[7.312797465325316e-06, 4.522897065400988e-05]
[2.7748022107643155e-05, -1.991031640805052e-05]
[1.2502270931885606e-05, -4.745425241217682e-05]
[-2.6624332269440526e-05, 3.330283711125773e-05]
[-1.9636377309624475e-06, 3.497614521426155e-05]
[4.262854712799857e-05, -3.420237098455958e-05]
[8.533913198383036e-06, -2.4814971385844764e-05]
[-1.0776100471010519e-05, 2.5276285595010606e-05]
[3.3576664511147936e-05, 2.580540100921569e-05]
[2.8932191355295067e-05, -9.39589237546317e-06]
[-2.4912926861339613e-05, -2.9454361930872364e-05]
[-3.0508422535768798e-05, -3.219438678231379e-06]
[3.115710108611558e-05, 3.711567648437275e-05]
[5.514584558440061e-05, 5.561989945501722e-06]
[-1.0007924491666625e-05, -2.7134268304085385e-05]
[-3.0342245866205042e-05, 6.7606659842137096e-06]
[3.428461948593031e-05, 4.87191498375894e-06]
[3.659215474183242e-05, -1.6042801684323926e-06]
[-2.764264221324919e-05, 5.85814447025268e-06]
[-1.246541832985136e-05, -1.9856470227730405e-05]
[5.277627928935297e-05, 5.688908763623601e-06]
[3.073773705974947e-05, 3.419887252920084e-05]
[-3.2272305296537906e-05, -7.286182510779504e-06]
[-2.5286379335923148e-05, -2.7626141539574545e-05]
[3.096921048240109e-05, -4.170001498705195e-06]
[3.9310562433475527e-05, 2.304261800278873e-05]
[-8.129014367808107e-06, 1.966122187097019e-05]
[-6.230376239368951e-07, -2.2138706261137786e-05]
[3.7773628814546933e-05, -2.8251692543307394e-05]
[2.276109288504302e-06, 3.0776744822215776e-05]
[-2.730841676603507e-05, 2.9780044807024494e-05]
[8.84772748450946e-06, -4.299496993132035e-05]
[3.0241421741766805e-05, -1.7657531539649884e-05]
[1.1662848601212694e-05, 4.644859468838636e-05]
[7.973018771173512e-07, 1.7242767367864342e-05]
[1.0413263741113066e-05, -2.7556131753071755e-05]
[7.469003878192437e-06, -3.3753501252889104e-05]
[-6.554198199171246e-06, 1.6938526038401402e-05]
[9.34352787901327e-06, 4.631593449222482e-05]
[3.778331873785512e-05, -2.398510250128938e-05]
[1.2952091945600541e-05, -3.509324564149319e-05]
[-2.8300229336988836e-05, 3.267796227772457e-05]
[4.4662374594772736e-06, 2.398768551337832e-05]
[3.263314069695822e-05, -2.423222128100644e-05]
[-8.931535582012984e-06, -2.050571246653421e-05]
[-9.649396677399724e-06, 1.2165059944335699e-05]
[4.05875839986046e-05, 2.478857346632779e-05]
[3.8501256762552005e-05, 2.899605455769505e-06]
[-1.8886278082080876e-05, -2.9520958669843056e-05]
[-3.6187664251841056e-05, -8.48435457449781e-06]
[2.541011114542968e-05, 2.930676368551738e-05]
[4.725891496279444e-05, 2.3896555627622718e-06]
[-1.4028549064667994e-05, -9.542244029381308e-06]
[-2.06711492670153e-05, 3.05019063198686e-06]
[3.885906296316466e-05, -6.015591393293551e-06]
[2.7413372903559163e-05, 1.4687177447162206e-05]
[-3.175760626029922e-05, 2.6296478339068313e-06]
[-9.346417866498702e-06, -3.17214509483188e-05]
[4.8372868085927445e-05, 6.635716422287441e-06]
[3.1806319451738174e-05, 3.226182143989398e-05]
[-1.985295665569986e-05, 2.5152304498898825e-06]
[-2.112951549503722e-05, -2.2769725232284557e-05]
[2.1754974591045584e-05, -1.6026858166297286e-05]
[2.0562990006994797e-05, 2.1876642839174787e-05]
[-1.3093953097925715e-05, 2.7530042322171377e-05]
[1.4047172810588426e-05, -2.445488513286298e-05]
[3.8849802515103504e-05, -3.0096309205418503e-05]
[1.87468011683678e-07, 3.5784891192585516e-05]
[-1.6397152740141308e-05, 2.39735487738979e-05]
[7.105289004022408e-06, -4.187369611508007e-05]
[1.4958059592368178e-05, -1.5086511818737658e-05]
[5.5961133657023154e-06, 3.21574470676933e-05]
[9.549525124419832e-06, 2.622828315240744e-05]
[1.871043041909437e-05, -1.424035041523719e-05]
[2.2858185139973397e-06, -4.055923240672832e-05]
[-1.6878958913155162e-05, 1.683382936568112e-05]
[8.650325173831241e-06, 3.818252756005586e-05]
[4.1416949770028966e-05, -2.6078346706259747e-05]
[9.455531964824848e-06, -2.263156210591255e-05]
[-2.16471620292924e-05, 2.5303157467543302e-05]
[1.7463043311627402e-05, 1.7786520017354368e-05]
[2.4487402029524374e-05, -1.2194697221003248e-05]
[-2.206009577770951e-05, -1.8403882877960145e-05]
[-1.54191554241484e-05, 6.336776180448922e-07]
[3.7555318722820585e-05, 2.3844745607348727e-05]
[4.53331476687191e-05, 1.0019316257992017e-05]
[-1.1809165068404903e-05, -2.510841651170992e-05]
[-3.282084686042144e-05, -6.911041045071058e-06]
[2.4823869736770657e-05, 1.4849827907826435e-05]
[3.635931477699583e-05, 5.005438180605282e-07]
[-1.886880384721623e-05, 5.297643364293725e-06]
[-1.2755714375978222e-05, -7.473473230601435e-06]
[4.092705894631621e-05, -7.325108640099387e-06]
[2.1833522694941765e-05, 2.847377001512219e-05]
[-3.0630015066854255e-05, -1.5809266478671036e-06]
[-1.0497766821604415e-05, -3.3528296264351276e-05]
[3.735522834269478e-05, 1.393665196941507e-06]
[3.1108534804022425e-05, 2.6553947168939107e-05]
[-8.335269739187523e-06, 1.3269708118990309e-05]
[-9.59924974701376e-06, -2.0401278622537988e-05]
[2.0694398593285035e-05, -2.3609880217392853e-05]
[2.9461213122417007e-06, 2.3187543295721813e-05]
[-1.8406416277122473e-05, 3.007342849208061e-05]
[1.9123505018896723e-05, -2.857256196897584e-05]
[3.219647949272153e-05, -2.6107378417294935e-05]
[1.7781873243583046e-06, 3.806344138168605e-05]
[-3.204129645884013e-06, 1.80990698233352e-05]
[9.430302898377763e-06, -3.303118625371318e-05]
[4.52377603181453e-06, -1.90721530615931e-05]
[-3.1064258329410732e-06, 1.707610012602334e-05]
[1.3612356592460073e-05, 3.523214561562682e-05]
[2.7195454660400298e-05, -9.212530902302785e-06]
[9.88261127488066e-07, -3.829838878199876e-05]
[-2.3968884877698104e-05, 1.9556960459438978e-05]
[8.205825590270471e-06, 2.6202491250309004e-05]
[3.785495105720904e-05, -2.2129665512710117e-05]
[3.108579255395316e-07, -1.4788253940772877e-05]
[-1.2909027089169633e-05, 1.3787442283808016e-05]
[3.087618867964048e-05, 1.552685463840353e-05]
[2.325726129893957e-05, -6.355811498553673e-07]
[-2.59453317907124e-05, -1.744781106552233e-05]
[-2.3292271665920072e-05, -8.023982475985347e-06]
[2.9662146105807752e-05, 2.137427569090522e-05]
[4.446487800770227e-05, 1.149655385296322e-05]
[-9.267764398149247e-06, -1.5118434433913919e-05]
[-2.3396708711737046e-05, -3.369040224951436e-06]
[2.794197934584408e-05, -9.905113813740707e-07]
[2.6001961321020506e-05, 4.658103955279547e-06]
[-2.2438840653893344e-05, 1.2178066352258599e-05]
[-7.072366696756621e-06, -2.0283648047292324e-05]
[3.985127066643418e-05, -3.662388432690289e-06]
[1.963092047507775e-05, 3.390000510147817e-05]
[-2.3897751731366546e-05, -6.132045200502034e-07]
[-1.236170454148311e-05, -2.805890360836616e-05]
[2.3925187264822734e-05, -8.199590122822537e-06]
[2.453310732741798e-05, 2.1489637792637684e-05]
[-2.755378212981885e-06, 2.157215126535883e-05]
[5.191709173013592e-06, -2.027902116258362e-05]
[2.3903246776146858e-05, -2.6779652138930743e-05]
[-7.0160950775555175e-06, 2.5691755177394138e-05]
[-1.7532535165669383e-05, 2.769153183764233e-05]
[1.678414658423666e-05, -3.189774814904567e-05]
[1.9693473826354335e-05, -1.934639522310766e-05]
[1.9809517615154704e-06, 3.435295704226626e-05]
[7.573392746124119e-06, 1.6449112611838235e-05]
[1.5073767935774862e-05, -1.9942618488869718e-05]
[-1.023499965401714e-06, -2.639924877450954e-05]
[-1.183962006892636e-05, 7.957653524570674e-06]
[1.4223349147191033e-05, 3.747944131854419e-05]
[3.3816856446447496e-05, -1.1007900611759158e-05]
[1.5562559707929524e-06, -2.8499553507366215e-05]
[-2.5502609035485402e-05, 1.955324930759221e-05]
[1.1122847758157639e-05, 1.6044805359646808e-05]
[2.9790571037580094e-05, -1.3012763567160635e-05]
[-1.1775500300625907e-05, -1.174968263693843e-05]
[-8.498507800845656e-06, 2.070505782492127e-06]
[3.789450959469989e-05, 1.4984750933144664e-05]
[2.810197908187373e-05, 8.61145370299743e-06]
[-2.1424736189962212e-05, -1.6335982993859188e-05]
[-2.7321403602995065e-05, -1.2506428523607893e-05]
[2.3106724946125867e-05, 1.5620692414439197e-05]
[3.644293699987464e-05, 9.309352783037905e-06]
[-1.1703897362630444e-05, -1.891229977069031e-06]
[-1.290568334397224e-05, -3.421365045774838e-06]
[3.1449308931869036e-05, -1.1715980224979994e-05]
[1.799887469540462e-05, 1.4490309176265134e-05]
[-2.365368607523677e-05, 1.1114572865175004e-05]
[-3.7454358505217833e-06, -2.9161878713823697e-05]
[3.518943114248774e-05, -1.3567708928019506e-06]
[1.9255402799706056e-05, 3.081729829074176e-05]
[-1.3594338794789551e-05, 6.304751862473701e-06]
[-1.0492869810758108e-05, -2.0896614459024743e-05]
[1.3834673989267937e-05, -1.7796099804259086e-05]
[1.2125609758176226e-05, 1.8970853530642096e-05]
[-3.751641354660107e-06, 2.6052853862590375e-05]
[1.7030871940743042e-05, -2.1188650571130063e-05]
[2.5210139578346613e-05, -2.6247231869391818e-05]
[-8.311321122903004e-06, 2.783617974027805e-05]
[-9.224095007587252e-06, 2.216646789688151e-05]
[1.2784254336706269e-05, -3.1115791591013187e-05]
[6.4606454748261655e-06, -1.4417692166868168e-05]
[-1.2865357656710597e-06, 2.4474427652743103e-05]
[1.3978334923893734e-05, 1.9937578529749533e-05]
[2.1485701609258445e-05, -8.3901843758033e-06]
[-3.3577284343500047e-06, -3.123170582389201e-05]
[-1.8601866386233623e-05, 6.587486227699335e-06]
[1.3097143028856228e-05, 3.106957040955455e-05]
[3.6286296491544814e-05, -1.3970980995425819e-05]
[7.834710901710729e-07, -1.6619912501791845e-05]
[-2.1169736797388428e-05, 1.4424602521143082e-05]
[1.8198439434569114e-05, 1.0309050988921431e-05]
[2.2159892195214304e-05, -2.357500523322148e-06]
[-2.141765410362817e-05, -1.1032407273257883e-05]
[-1.0657322987731033e-05, -7.097227017360819e-06]
[3.59082927099269e-05, 1.4181024001191922e-05]
[3.3625396566983046e-05, 1.4188787502061873e-05]
[-1.3787938220044538e-05, -1.3260480632382166e-05]
[-2.460755243048618e-05, -1.2553011453233544e-05]
[2.1039630712775884e-05, 6.181474416904267e-06]
[2.5530570838538935e-05, 7.300138438220971e-06]
[-1.5942907465316125e-05, 9.777791495468868e-06]
[-4.904142057129968e-06, -9.375988506504784e-06]
[3.273964653749406e-05, -1.4168966987054832e-05]
[1.2838234472144217e-05, 2.4993755620427403e-05]
[-2.1847184768344907e-05, 6.825614755729195e-06]
[-2.6493913267977565e-06, -3.058702117475498e-05]
[2.7094470902877532e-05, -3.987106549988018e-06]
[1.7970859555863083e-05, 2.3620852460770614e-05]
[-3.7220491735170946e-06, 1.548589187849725e-05]
[-2.809575708181966e-06, -1.6275650195587965e-05]
[1.0431461316531832e-05, -2.391180984397806e-05]
[-1.6612073503730063e-06, 1.868168795382541e-05]
[-7.348797099904214e-06, 2.6807933851236143e-05]
[2.1864226287745397e-05, -2.2203008165855298e-05]
[2.0709938259408367e-05, -2.281961766337215e-05]
[-5.04470854811867e-06, 2.7787403033691094e-05]
[2.648048707754036e-06, 1.653510871924002e-05]
[1.1875719710036092e-05, -2.4523817129584735e-05]
[-3.0903844484286846e-06, -1.4400153064513671e-05]
[-7.034758193510959e-06, 1.2140957994566381e-05]
[1.654492063977997e-05, 2.5297378905331236e-05]
[2.6623921622115354e-05, -2.635887565161088e-06]
[-4.032577443954799e-06, -2.941898501515605e-05]
[-2.2132112683134753e-05, 9.389276019591136e-06]
[1.2310810431660768e-05, 1.9624069290713128e-05]
[3.3380634153451494e-05, -1.2935342637049319e-05]
[-3.7078175595117724e-06, -7.821099091948058e-06]
[-1.3777201001929917e-05, 5.5753922145740376e-06]
[2.6765954689506044e-05, 8.221470692210131e-06]
[1.899470437320347e-05, 6.597692335680652e-06]
[-2.4325749824610776e-05, -1.0209152480997186e-05]
[-1.6372554139859608e-05, -1.271394650054214e-05]
[2.790961375728762e-05, 1.1764088623966718e-05]
[3.432463225955251e-05, 1.5491882932983092e-05]
[-8.60136671183842e-06, -6.818035282518675e-06]
[-1.6584583783868512e-05, -1.003879889916251e-05]
[2.2575752048198394e-05, -4.794802193550107e-06]
[1.6010358793991375e-05, 8.875718189069182e-06]
[-1.8546959144605246e-05, 1.5671956232699014e-05]
[-3.22312313380535e-07, -1.8710268263222307e-05]
[3.0806680400570496e-05, -1.0519260298047506e-05]
[1.0320488018938923e-05, 3.045980461718889e-05]
[-1.6647797379990004e-05, 4.91491649383391e-06]
[-2.632907653246641e-06, -2.5633330458713077e-05]
[1.7252761443112274e-05, -1.0691898147376089e-05]
[1.3245644057340716e-05, 1.7334381035516433e-05]
[1.924807076239543e-06, 2.2448669306729396e-05]
[8.605503816344617e-06, -1.5138447588589066e-05]
[1.2336512108052089e-05, -2.5492608054789034e-05]
[-1.1148613269972019e-05, 1.9439620025141907e-05]
[-8.163900886468123e-06, 2.4414132088306818e-05]
[2.018437699932707e-05, -2.2497242718300114e-05]
[1.1068395297755829e-05, -1.7799271376989223e-05]
[-2.637270026528693e-06, 2.3961352153240023e-05]
[1.2741177778163859e-05, 1.378128161183545e-05]
[1.5103230469135781e-05, -1.3759990160952702e-05]
[-7.566255254068399e-06, -1.8490827402686642e-05]
[-1.3011184990294189e-05, 2.6530596982099475e-06]
[1.670560853006542e-05, 2.7507334710963338e-05]
[2.9564839387888342e-05, -2.748993525647503e-06]
[-4.1228642642318625e-06, -2.123915828849965e-05]
[-2.1727929976136928e-05, 1.082373266328776e-05]
[1.3775841341781558e-05, 8.961142436189617e-06]
[2.6314302276606027e-05, -6.5946189358317975e-06]
[-1.1389024903191158e-05, -3.954621047061457e-06]
[-7.848843082386425e-06, -3.7690028127923547e-06]
[3.228087154050121e-05, 7.5414602426771005e-06]
[2.072690506035868e-05, 1.2522577661593093e-05]
[-2.0246620585445685e-05, -8.159947651936728e-06]
[-2.0158437001621676e-05, -1.4858067684725418e-05]
[1.973568784022217e-05, 6.93523630972831e-06]
[2.8445214744047403e-05, 1.344458063279319e-05]
[-8.130263650873992e-06, 2.4720719170590044e-06]
[-7.141612242939077e-06, -8.401482372188962e-06]
[2.4719084258731372e-05, -1.339808278817689e-05]
[9.7610103923923e-06, 1.4569243316053804e-05]
[-1.7992984752857044e-05, 1.5017416287923385e-05]
[1.6491079260216868e-06, -2.6118326269003456e-05]
[2.5808137024477262e-05, -6.236941370751925e-06]
[9.549986907442243e-06, 2.85656148026614e-05]
[-8.721886627302555e-06, 7.952502221464375e-06]
[-1.4348276715404895e-06, -1.84308146160923e-05]
[8.751622516308018e-06, -1.7851885493595267e-05]
[4.673937157889663e-06, 1.4388723443448104e-05]
[2.274615889169551e-06, 2.495211331204894e-05]
[1.8805177306888132e-05, -1.596628545380563e-05]
[1.4686407317290873e-05, -2.3389131829698595e-05]
[-1.347323769271963e-05, 2.0036078950028124e-05]
[-3.393183571384628e-06, 1.9773892340741936e-05]
[1.599202940892608e-05, -2.084895868045833e-05]
[2.8059406340097404e-07, -1.3296491049932802e-05]
[-4.005389289046812e-06, 1.6225944393322145e-05]
[1.796759477809204e-05, 1.4908234673649545e-05]
[2.0334226994461746e-05, -3.1666892261680846e-06]
[-8.239411924210183e-06, -2.251633097112571e-05]
[-1.7374669818659427e-05, -8.025169313669034e-07]
[1.5717044381538536e-05, 2.3559902845075864e-05]
[2.9868857877687893e-05, -5.071801892742034e-06]
[-4.7227461499183e-06, -1.071560994961307e-05]
[-1.760889563914847e-05, 7.547040458841248e-06]
[1.8071043557624233e-05, 2.9192656311183285e-06]
[1.8601112178842638e-05, 2.539749974966865e-06]
[-1.8754705842477515e-05, -3.5258730768355367e-06]
[-6.524982259489831e-06, -1.0960594871212148e-05]
[3.1604748921346126e-05, 6.476531257515461e-06]
[2.4109522713033904e-05, 1.5508142558018356e-05]
[-1.2862782816383533e-05, -4.662365754803943e-06]
[-1.8263309847169756e-05, -1.418552440596646e-05]
[1.5733624725674383e-05, -2.302051920026471e-07]
[1.853639456922407e-05, 1.0638968372056468e-05]
[-1.0772222320348801e-05, 1.1734792129430849e-05]
[3.0978659865121827e-07, -1.034061018834187e-05]
[2.4956445795143445e-05, -1.6544396920670223e-05]
[6.351790679266778e-06, 2.153590529536953e-05]
[-1.4606540052128358e-05, 1.0894853199262117e-05]
[2.2571908401686214e-06, -2.748368695729142e-05]
[1.8554793558583915e-05, -5.900235670833198e-06]
[8.766156565018224e-06, 2.154750582308851e-05]
[-3.1225099438730863e-07, 1.432532389869512e-05]
[2.9279372754653643e-06, -1.294218529570429e-05]
[4.327229142467304e-06, -2.2138091751458533e-05]
[-5.2831651461970885e-06, 1.4146881633744779e-05]
[-2.4880671810334487e-07, 2.3477302694724367e-05]
[2.347163200511551e-05, -1.673067126273242e-05]
[1.2908276299593291e-05, -1.9122338177357534e-05]
[-1.0305903801063887e-05, 1.9284513364539735e-05]
[5.496252981712635e-06, 1.4498686432815044e-05]
[1.3548625659137725e-05, -1.6099273807287928e-05]
[-7.571030601297157e-06, -1.1363777520145835e-05]
[-8.425811512509374e-06, 6.650959702869663e-06]
[1.865042919978188e-05, 1.8016797978859245e-05]
[2.4648178854891345e-05, 3.043295108931532e-06]
[-7.274896694609012e-06, -2.2076889080097084e-05]
[-1.916992620720065e-05, 7.403722699760723e-07]
[1.4657021006544979e-05, 1.4570513916106493e-05]
[2.7199674806327456e-05, -5.239868690914973e-06]
[-6.923262474187175e-06, -2.446596008565116e-06]
[-1.1439192028686596e-05, 2.040913124612409e-07]
[2.3613403942371325e-05, 1.4946009583849396e-06]
[1.3982028938271107e-05, 1.0716520025594659e-05]
[-2.170395815157683e-05, -3.773145692985338e-06]
[-9.289311657473265e-06, -1.4974361518316215e-05]
[2.534146330337994e-05, 4.247621508829402e-06]
[2.4806068053481733e-05, 1.6013185053981305e-05]
[-6.931265202569925e-06, 2.9687863029037587e-07]
[-1.1030929452010563e-05, -1.2011202520836178e-05]
[1.6256763346475522e-05, -8.282450349433174e-06]
[8.942693738758778e-06, 1.0036973142391048e-05]
[-1.3191781726568097e-05, 1.731810750316143e-05]
[4.513231479597035e-06, -1.5634664487756966e-05]
[2.248725503853355e-05, -1.4305379064660784e-05]
[4.541957325202017e-06, 2.557869426562248e-05]
[-9.36660852240978e-06, 7.868181445450095e-06]
[2.6616694151632148e-06, -2.2643937930680313e-05]
[1.0486161649142511e-05, -1.020324500226183e-05]
[5.9451808355794056e-06, 1.3998189985708898e-05]
[5.588681390202022e-06, 2.019106212056143e-05]
[1.03245696435883e-05, -1.068273381744922e-05]
[4.291188013857972e-06, -2.242301463063756e-05]
[-1.2709144548588014e-05, 1.4595728579090347e-05]
[-1.50561362521201e-06, 1.9774375032843503e-05]
[2.1866259006672606e-05, -1.6122109971622445e-05]
[5.984896538163698e-06, -1.420396870341345e-05]
[-6.1379927336346896e-06, 1.6079655975193008e-05]
[1.4344480605110732e-05, 1.0704481450379832e-05]
[1.4607601266050868e-05, -8.418273076495064e-06]
[-1.0838261317880522e-05, -1.2412985997418101e-05]
[-1.3168929029638843e-05, -1.3212940035978171e-06]
[1.707380113638579e-05, 1.9480046828390662e-05]
[2.628575364031771e-05, 3.675945837833261e-06]
[-6.344615186240632e-06, -1.5834421998012216e-05]
[-1.805208779560169e-05, 3.14449713544572e-06]
[1.4652548447020852e-05, 4.7076607977772356e-06]
[2.18576790899927e-05, -1.2600738143742074e-06]
[-1.0908779683488357e-05, 1.37671875770351e-06]
[-5.973243474961809e-06, -7.926577129391266e-06]
[2.730177813798154e-05, 2.0494630719181117e-06]
[1.3841025686064934e-05, 1.5546468107828504e-05]
[-1.8597701804096145e-05, -2.727579363488719e-06]
[-1.2470587431701041e-05, -1.6028329719017242e-05]
[1.7331183576552167e-05, 6.540323457468467e-07]
[2.0559795417489108e-05, 1.458269900789233e-05]
[-5.049487017877441e-06, 6.415420366640001e-06]
[-1.988674602174112e-06, -1.026279790432294e-05]
[1.844634827456726e-05, -1.4654544375172773e-05]
[2.695772006816588e-06, 1.2903586163202918e-05]
[-1.2945329011943008e-05, 1.739040765516911e-05]
[6.103321005014595e-06, -2.109543655523516e-05]
[1.7815274087520927e-05, -9.938597170910946e-06]
[3.376006030092471e-06, 2.418018670594102e-05]
[-3.1833665826430657e-06, 8.736042434176472e-06]
[3.99273859835389e-06, -1.501500832377066e-05]
[3.608981681977458e-06, -1.6198154381076753e-05]
[1.968849742267631e-07, 9.459546398193908e-06]
[7.196793770786192e-06, 2.2495368905889324e-05]
[1.8060254977123047e-05, -1.0688185923923843e-05]
[6.071823635447893e-06, -1.961085698606868e-05]
[-1.4913649488731973e-05, 1.4172503211606294e-05]
[1.3323832033784733e-06, 1.5368910722297034e-05]
[1.700114117984819e-05, -1.360389250995575e-05]
[-3.2167424275364453e-06, -1.0061831465457693e-05]
[-4.815637536556561e-06, 1.005049203242625e-05]
[1.949290822335359e-05, 9.804434048327204e-06]
[1.796662099821933e-05, 3.554408451594826e-08]
[-1.0536755224513361e-05, -1.4502042205037646e-05]
[-1.5903727420857328e-05, -5.034424164385154e-06]
[1.5354764408573307e-05, 1.6548246349737394e-05]
[2.5012528701965492e-05, 1.2038150207227538e-06]
[-6.338834359746054e-06, -6.362479128635412e-06]
[-1.4206380538603347e-05, 2.4515857889595427e-06]
[1.645460672546062e-05, -1.9448740582878044e-06]
[1.5428631624639366e-05, 5.579552862455817e-06]
[-1.5203860372320355e-05, 1.6885642595918654e-06]
[-3.5336495589760597e-06, -1.371069305292072e-05]
[2.6554517968027658e-05, 1.8785307409618923e-06]
[1.6223627624267767e-05, 1.682924398567487e-05]
[-1.150835512934989e-05, 1.1699563473577257e-07]
[-1.2128066191149922e-05, -1.485920045611426e-05]
[1.1792386043762981e-05, -4.231887133963885e-06]
[1.2537664448628028e-05, 1.2267813994465415e-05]
[-6.4403370182014585e-06, 1.2507437781694719e-05]
[5.069164792356751e-06, -1.063519017543979e-05]
[1.9006570167609538e-05, -1.7059363480315115e-05]
[1.387654533745175e-07, 1.7684811071414473e-05]
[-9.64597318226651e-06, 1.3411902107685059e-05]
[6.389194498385153e-06, -2.2896362412844207e-05]
[1.1839998065157897e-05, -7.494388336068414e-06]
[2.1835833296929286e-06, 1.8184205109461615e-05]
[2.924299327487778e-06, 1.2891043633084243e-05]
[7.143975612758369e-06, -8.77070014363747e-06]
[-2.609857812918559e-07, -2.0043892587591483e-05]
[-7.18716057054869e-06, 8.491720342215792e-06]
[5.417172987562391e-06, 2.0676815259149106e-05]
[2.2556573231302668e-05, -1.1031173298425845e-05]
[6.020134534660132e-06, -1.5310206697871642e-05]
[-1.2299075126037673e-05, 1.232695438937309e-05]
[7.851403970360327e-06, 1.1190842021308045e-05]
[1.3122162935988446e-05, -9.091473076171253e-06]
[-1.0451973406017112e-05, -7.84727988970002e-06]
[-7.125434039613465e-06, 2.3287121081738693e-06]
[1.999871869772657e-05, 1.1238749476449872e-05]
[2.107740742567088e-05, 6.132692706398157e-06]
[-8.814910715665425e-06, -1.4508625438794387e-05]
[-1.589824222126418e-05, -4.479150760718087e-06]
[1.4430461992773203e-05, 9.388115377128789e-06]
[2.143910116936265e-05, -2.933366516910674e-07]
[-7.605476860961247e-06, 1.944710031981378e-06]
[-8.666455387648653e-06, -2.3584895851302967e-06]
[1.9578876610235052e-05, -4.007862922150718e-06]
[1.0370527433386026e-05, 1.2216179263092874e-05]
[-1.7249477928200918e-05, 1.0289145781824244e-06]
[-4.358668932794019e-06, -1.5996569288689866e-05]
[2.1257645804170777e-05, -1.1732891797011646e-07]
[1.7356179505476077e-05, 1.5715791219672592e-05]
[-4.656800953753426e-06, 4.2977212137140786e-06]
[-6.969507857966517e-06, -1.2474985587885776e-05]
[1.0461730221143772e-05, -9.769737044600449e-06]
[4.0924297383532204e-06, 1.0693366704908613e-05]
[-8.272189252978013e-06, 1.6588510564408132e-05]
[8.480077358825888e-06, -1.333573845138658e-05]
[1.6484767811901502e-05, -1.5151675657826269e-05]
[-2.841270302644805e-07, 2.0982074421166397e-05]
[-4.4135502153402895e-06, 9.138513669230963e-06]
[6.492380797806785e-06, -1.9439009864195833e-05]
[5.5009446273956986e-06, -8.919366378229432e-06]
[2.047713491722114e-07, 1.094027933898345e-05]
[7.58261593866022e-06, 1.7300876259396247e-05]
[1.2064522869476013e-05, -6.028290812004622e-06]
[-7.073101328525233e-07, -1.977122748234028e-05]
[-1.3230802027593136e-05, 9.232448338634958e-06]
[3.377286930450474e-06, 1.625294816742437e-05]
[2.1956377098404645e-05, -1.027755708335465e-05]
[2.1280694234709907e-06, -1.0817528141332522e-05]
[-7.936048668194529e-06, 9.041658442787703e-06]
[1.4961340002742074e-05, 7.959637553733856e-06]
[1.2671323161787817e-05, -3.024967925500076e-06]
[-1.3173264319725833e-05, -7.800917169558698e-06]
[-1.0986388922495927e-05, -4.596991923760951e-06]
[1.7517471144451457e-05, 1.2519945472799776e-05]
[2.201009371811946e-05, 7.929193489603081e-06]
[-7.3404496705176125e-06, -1.047302879061962e-05]
[-1.3639432598605561e-05, -2.2770951927731167e-06]
[1.4382908015649065e-05, 9.413853064802608e-07]
[1.6441860804905506e-05, 1.8244050157129044e-06]
[-9.94749891490565e-06, 6.047598723107894e-06]
[-3.355596039984754e-06, -9.114830436252053e-06]
[2.209072965802042e-05, -3.092010283978208e-06]
[8.448511242473145e-06, 1.6143260920895713e-05]
[-1.5214095408222494e-05, 1.459147099050484e-06]
[-6.300035350820243e-06, -1.5514183074522014e-05]
[1.3990832624058425e-05, -3.511895367888651e-06]
[1.4494922023631368e-05, 1.3532968714036198e-05]
[-1.354689863959646e-06, 8.998575207475046e-06]
[9.404008603913772e-07, -1.0201922640770689e-05]
[1.186808181094512e-05, -1.4466160071696654e-05]
[-1.7552124547126624e-06, 1.116666532725158e-05]
[-8.04428106093713e-06, 1.7056064115821695e-05]
[9.022754426317448e-06, -1.660668786249153e-05]
[1.158125359618234e-05, -1.1007806292484545e-05]
[-3.7347918198371577e-07, 2.0027070814207515e-05]
[1.2771959754936946e-06, 7.882251877866508e-06]
[7.224195548501122e-06, -1.2461300810959544e-05]
[-5.932145395043387e-08, -1.2923415702173827e-05]
[-3.203706517088123e-06, 5.795288591708969e-06]
[9.580459677846487e-06, 1.900263447179862e-05]
[1.7280348472453744e-05, -6.062416473773258e-06]
[7.098502058378031e-07, -1.6075258137904225e-05]
[-1.5246759367433527e-05, 9.367557854185297e-06]
[4.1632854469834946e-06, 1.1273072104542835e-05]
[1.7516734119663036e-05, -7.926531979507434e-06]
[-4.528811789861198e-06, -6.990511827703605e-06]
[-5.251193257921338e-06, 4.414638771293999e-06]
[1.93072926066018e-05, 6.293939918411429e-06]
[1.5028638484501644e-05, 3.330687098034024e-06]
[-1.1830195760953455e-05, -8.755485183319783e-06]
[-1.3549198626658376e-05, -8.28607401920367e-06]
[1.453924642164095e-05, 1.0923976283813697e-05]
[2.0313078326766182e-05, 6.183134661053025e-06]
[-6.75993062046118e-06, -3.2042960041445134e-06]
[-9.917053878816251e-06, -1.7168549794749355e-06]
[1.5077476550662272e-05, -5.23402164097353e-06]
[1.112437470771055e-05, 7.098503932954914e-06]
[-1.2380448980012226e-05, 6.0224736726302575e-06]
[-2.51980492312065e-07, -1.4492380925296144e-05]
[2.1697586243145384e-05, -2.009279226000693e-06]
[9.282552842923564e-06, 1.6732628527957316e-05]
[-9.587501967750489e-06, 3.540111857047723e-06]
[-6.3399616117496005e-06, -1.3630356273131375e-05]
[8.250374603530064e-06, -7.37150590227921e-06]
[7.859482363578585e-06, 1.128552384541126e-05]
[-1.8933430778605986e-06, 1.3208946409659639e-05]
[7.981211329402549e-06, -9.35950392230711e-06]
[1.2966757722263078e-05, -1.651119942883139e-05]
[-4.076865480501929e-06, 1.3479844145207996e-05]
[-5.0949801464628824e-06, 1.4086773855760248e-05]
[8.535120310654287e-06, -1.7760782905940076e-05]
[5.9350127717267e-06, -7.803285242927172e-06]
[-1.1494830967906378e-06, 1.4727716206253127e-05]
[6.2537002242721296e-06, 1.0210768037449691e-05]
[9.155926668565073e-06, -5.607625517401252e-06]
[-3.576774556805773e-06, -1.6314336501004056e-05]
[-7.792845817714e-06, 3.982640242039537e-06]
[8.89932850652031e-06, 1.704019845806537e-05]
[2.0478975463644744e-05, -6.636361904260868e-06]
[1.3136901122422738e-06, -1.1098448531837724e-05]
[-1.2815347226788343e-05, 7.690911016565438e-06]
[8.517952573922072e-06, 7.1270417804775166e-06]
[1.26319651333473e-05, -4.09877054489971e-06]
[-1.0730497018288099e-05, -4.4776359854337144e-06]
[-5.703796127751529e-06, -1.108947687872286e-06]
[1.9523817941284605e-05, 6.186860696699714e-06]
[1.7631186878280802e-05, 8.106977928953873e-06]
[-8.82880932900898e-06, -8.590463069363397e-06]
[-1.323736411441151e-05, -8.081292509894838e-06]
[1.2693023711853046e-05, 5.604054835508729e-06]
[1.6631238521296055e-05, 3.847969836406895e-06]
[-7.0723519346310715e-06, 4.225739271640494e-06]
[-5.449617022326714e-06, -4.386618259161201e-06]
[1.6231075008282803e-05, -7.38102155348197e-06]
[6.829685897035212e-06, 1.2760477785478397e-05]
[-1.3293349650733656e-05, 4.338020885944448e-06]
[-4.947300827340406e-08, -1.6424467137954313e-05]
[1.750605144344719e-05, -2.661843874651737e-06]
[1.043280297878535e-05, 1.4948652085955416e-05]
[-3.0847795135374723e-06, 6.679526778352596e-06]
[-2.826899690666629e-06, -1.1372997993471662e-05]
[6.04629997353473e-06, -1.0941401171426363e-05]
[2.39155779457878e-07, 9.746938008689532e-06]
[-3.864202189368671e-06, 1.5738881111684866e-05]
[1.1606667464740539e-05, -1.0427197915441333e-05]
[1.1530754633134674e-05, -1.5050076463879458e-05]
[-3.9830445301147765e-06, 1.5680984032401257e-05]
[-4.335413503753216e-07, 9.869711825254146e-06]
[8.403319260982811e-06, -1.5124910502706257e-05]
[8.606019608059512e-07, -7.60061703820869e-06]
[-2.860232577933837e-06, 7.67429439502143e-06]
[9.67728429442094e-06, 1.3842600413288553e-05]
[1.2345197118346363e-05, -1.7617943992298546e-06]
[-4.375747143250952e-06, -1.6504611648163192e-05]
[-1.2026775484084984e-05, 4.3543022895352335e-06]
[7.147407678882722e-06, 1.2591997600598648e-05]
[2.003432795736476e-05, -5.930050269137288e-06]
[-8.199754484572441e-07, -6.693554881753716e-06]
[-8.136966076044416e-06, 4.326250269484633e-06]
[1.4351278174215554e-05, 4.343851495669515e-06]
[1.0313757489201214e-05, 7.40213895912209e-07]
[-1.355945629429034e-05, -3.5882779257602124e-06]
[-8.165026733591985e-06, -6.344717413758749e-06]
[1.672443757255726e-05, 6.530733965726121e-06]
[1.816335599050256e-05, 9.858121706368683e-06]
[-6.470218418708207e-06, -5.650027452175355e-06]
[-1.0314096825454755e-05, -5.70253746495341e-06]
[1.2250944403137398e-05, -1.6297352859922024e-06]
[1.1949240323869126e-05, 3.864207022016841e-06]
[-8.03765233263476e-06, 8.703040137864049e-06]
[-1.1086739326107709e-06, -9.227676570855436e-06]
[1.706591445864089e-05, -6.400357560693015e-06]
[4.63783053288036e-06, 1.601102315007888e-05]
[-1.1363166857111806e-05, 3.6456265319340098e-06]
[-1.4649986975617812e-06, -1.50810800358947e-05]
[1.0957460804497665e-05, -5.170461040586438e-06]
[9.172627146381701e-06, 1.223105642703115e-05]
[1.209564362864013e-06, 9.983231129911951e-06]
[3.331598599207175e-06, -9.345386837111835e-06]
[6.73259088436462e-06, -1.358566373578507e-05]
[-5.202059993311692e-06, 9.449348259339685e-06]
[-4.337064355111608e-06, 1.563757991050567e-05]
[1.1742033261433887e-05, -1.2413536459726648e-05]
[7.427986516865548e-06, -1.1117667855192748e-05]
[-3.29597622314437e-06, 1.5342816976682272e-05]
[4.416212270846875e-06, 7.208616950166169e-06]
[9.062882972324382e-06, -9.3596816705694e-06]
[-3.0002166422869736e-06, -9.972812328567279e-06]
[-5.3793544802782645e-06, 2.181820970725834e-06]
[1.1028444171001794e-05, 1.563159616249643e-05]
[1.5922695373468687e-05, -1.2835566894908723e-06]
[-3.141056191813263e-06, -1.3168561750320773e-05]
[-1.3837979998590141e-05, 4.75778444512364e-06]
[6.6566566255810145e-06, 7.67149344417994e-06]
[1.6308458977445928e-05, -3.505237209211476e-06]
[-5.420415030765735e-06, -3.595374442319499e-06]
[-4.426857018346997e-06, 4.971633560391098e-08]
[1.840342682384033e-05, 2.932270137701032e-06]
[1.1167867459416225e-05, 5.7138983603887555e-06]
[-1.2358568240361523e-05, -3.829280786203648e-06]
[-1.0194910333119478e-05, -9.658864266778866e-06]
[1.3223252869440372e-05, 5.549694876594291e-06]
[1.5986253894768876e-05, 8.692728617504253e-06]
[-5.6294451959591416e-06, -9.606178577592495e-08]
[-6.079426879551653e-06, -4.0570046445365104e-06]
[1.2657731199461342e-05, -7.571134642302135e-06]
[7.2248443103578586e-06, 7.020991031045365e-06]
[-9.134934925950078e-06, 9.205819757392153e-06]
[2.002066157831897e-06, -1.3589129781971243e-05]
[1.6352943777657447e-05, -4.737842198593301e-06]
[4.545826298760214e-06, 1.5855917212606596e-05]
[-6.669741019343922e-06, 5.010153645762516e-06]
[-2.0087154315381883e-06, -1.2100632774510872e-05]
[4.996575823160154e-06, -8.442452784276216e-06]
[4.578926323883792e-06, 9.662895701173513e-06]
[1.9980435066596636e-06, 1.2699687438028073e-05]
[9.4195017281834e-06, -8.04241579052678e-06]
[7.8483839621446e-06, -1.4566443449881561e-05]
[-7.060487154580703e-06, 1.0287958866432752e-05]
[-1.9819283095245943e-06, 1.294580611807452e-05]
[1.0194256142390112e-05, -1.3259297410722626e-05]
[2.160124196307067e-06, -7.2082632427833415e-06]
[-3.274545365916648e-06, 1.1443756463641597e-05]
[8.35422694128729e-06, 7.508546945839134e-06]
[1.040107248293648e-05, -3.0460351112277656e-06]
[-5.343458133480472e-06, -1.2517431869198473e-05]
[-8.30307422064469e-06, 1.564471746595686e-10]
[1.041057995501693e-05, 1.3907576847521641e-05]
[1.822769030458693e-05, -2.311684976191719e-06]
[-1.8091294433641991e-06, -8.010344353104326e-06]
[-1.215818224184484e-05, 3.682278514847981e-06]
[8.766431570259026e-06, 3.7450971814845246e-06]
[1.1556629036860167e-05, 3.044694878856502e-08]
[-1.0207262161013309e-05, -1.7154940829822163e-06]
[-3.6328991653102917e-06, -4.31348440341206e-06]
[1.864743345741937e-05, 2.564441121649663e-06]
[1.3350533523859287e-05, 9.532077976104336e-06]
[-8.811107970838061e-06, -3.812786339429941e-06]
[-9.9478538755568e-06, -1.0043184743249722e-05]
[1.0808879452095521e-05, 2.0966074157011128e-06]
[1.2003586779857356e-05, 6.429050256162583e-06]
[-5.869879748224283e-06, 5.997358699966204e-06]
[-1.8036278456173838e-06, -5.124055332594857e-06]
[1.3188433768657193e-05, -9.919893541099345e-06]
[3.389371371601349e-06, 1.1559601313086525e-05]
[-9.413381482266565e-06, 7.228142048007653e-06]
[3.106151558449066e-06, -1.5254686666493766e-05]
[1.3213165183198483e-05, -4.44871775445721e-06]
[5.171432287370825e-06, 1.3274681768926655e-05]
[-9.791507400644384e-07, 7.734415969101738e-06]
[2.036490854839812e-07, -9.153357388976945e-06]
[2.020014407404236e-06, -1.1239457067170264e-05]
[-1.7638766555000407e-06, 7.83602909489034e-06]
[5.134555048774692e-07, 1.4161344010957255e-05]
[1.2911783312766212e-05, -7.81435608721015e-06]
[7.112915663309155e-06, -1.3327202294355356e-05]
[-6.2170374412057194e-06, 1.1218789634760695e-05]
[2.39795217489569e-06, 9.047875285377038e-06]
[8.975280372802708e-06, -1.1250984795936614e-05]
[-2.5070059551934865e-06, -5.594494902401437e-06]
[-4.235389085342073e-06, 5.289670919117473e-06]
[1.0865873561870937e-05, 9.788504992974678e-06]
[1.2198286279158088e-05, 1.1453121861806914e-06]
[-5.999204846104944e-06, -1.2763600670331887e-05]
[-1.0783159933851205e-05, 4.361899680616066e-07]
[8.836181223999262e-06, 9.384983918662992e-06]
[1.7775664796111645e-05, -2.531756868595636e-06]
[-2.3322809914599896e-06, -3.231276458015575e-06]
[-7.9351769608077e-06, 9.555008780859353e-07]
[1.270759885450834e-05, 1.25529846983774e-06]
[8.38284224656538e-06, 3.849085845273811e-06]
[-1.2581996357570457e-05, -7.543319184080688e-07]
[-5.259472115604069e-06, -7.984204069777512e-06]
[1.553970941292615e-05, 2.4872866318248477e-06]
[1.4277920796681998e-05, 1.1016896089677264e-05]
[-5.395915993883227e-06, -2.0255680783787255e-06]
[-7.216396466273867e-06, -8.085516315585461e-06]
[9.903606587802899e-06, -3.2414294081385686e-06]
[7.581610577858666e-06, 5.4140222459780896e-06]
[-6.347852915297714e-06, 1.0025303673846797e-05]
[1.7253156726626528e-06, -8.579688439203093e-06]
[1.3169260509204861e-05, -8.79197053479941e-06]
[1.2117196526925667e-06, 1.4691524840038453e-05]
[-7.828697494931258e-06, 5.365613361302951e-06]
[2.5349256861095792e-06, -1.3813545612487155e-05]
[8.069134119839672e-06, -5.994229598543788e-06]
[4.542987119007802e-06, 1.0034724600593847e-05]
[3.2755268281406402e-06, 1.0416881007668799e-05]
[5.003625732455386e-06, -7.079845410914998e-06]
[2.2272425906910698e-06, -1.2783722956440091e-05]
[-6.987760367255236e-06, 7.014612534786413e-06]
[-6.490753402671467e-07, 1.3768999072013427e-05]
[1.3105386716005807e-05, -8.404025138603055e-06]
[3.9425184817989956e-06, -1.0159234214879298e-05]
[-4.692893748672877e-06, 1.0682033599579421e-05]
[6.929924847132174e-06, 6.018508653393706e-06]
[9.0291142374882e-06, -6.400443863548502e-06]
[-5.563866957346286e-06, -6.683387408126795e-06]
[-5.897874430262073e-06, -3.539718874123743e-07]
[1.1768873482517761e-05, 1.1527845346692711e-05]
[1.4078316306398442e-05, 2.238419554628779e-06]
[-5.209436656467004e-06, -9.913213993545389e-06]
[-1.1655031509370806e-05, 1.3297898049501738e-06]
[7.895741630011693e-06, 4.230055431945091e-06]
[1.4436804888440236e-05, -8.152172747272202e-07]
[-5.1871912856021885e-06, -1.1844048639075844e-07]
[-3.635322854453338e-06, -2.651876181758439e-06]
[1.6100041939852427e-05, -2.040584834439585e-08]
[7.933764513537445e-06, 7.315768585341997e-06]
[-1.1474460621885285e-05, -3.770436352093509e-07]
[-7.083629871229569e-06, -1.0167988027443009e-05]
[1.1328628126611173e-05, 1.617661676847626e-06]
[1.2544184837662287e-05, 9.967248884162894e-06]
[-3.6566334535230276e-06, 1.9631659016194902e-06]
[-3.112201081026389e-06, -5.807478454893794e-06]
[9.896954891813747e-06, -8.312772784603573e-06]
[3.6748865257091312e-06, 6.83511868049963e-06]
[-6.46095726704321e-06, 1.0669133049135554e-05]
[4.075538803079495e-06, -1.2205817996324697e-05]
[1.1952928096463367e-05, -6.3388638153472066e-06]
[8.282251945379571e-07, 1.4676389707368731e-05]
[-4.068196157502868e-06, 5.374757790652107e-06]
[1.8205013895197797e-06, -1.0524351715014355e-05]
[2.7384357696447204e-06, -8.434460406169658e-06]
[1.5418935120567467e-06, 7.408904661665439e-06]
[4.6475262880790735e-06, 1.2041691911240937e-05]
[1.0272238772812692e-05, -5.954999543478223e-06]
[3.6708009904656835e-06, -1.2742747443839075e-05]
[-9.040606370862465e-06, 7.097594821750194e-06]
[4.499183737321187e-07, 1.1378055177825239e-05]
[1.1237068461941724e-05, -8.712652198039628e-06]
[-5.148047590164406e-07, -6.458903780315328e-06]
[-4.053652982602407e-06, 7.699310427516926e-06]
[1.012630074512938e-05, 5.250790404864869e-06]
[1.0119628462111618e-05, -6.05542674738356e-07]
[-6.874175090348933e-06, -8.767067603948284e-06]
[-7.770842483004192e-06, -3.2412221109417994e-06]
[1.115179906353847e-05, 1.0622756809228195e-05]
[1.5265087499528873e-05, 1.349541552814193e-06]
[-3.926812645450514e-06, -5.15116452148856e-06]
[-1.0129560601326859e-05, 8.398962556208089e-07]
[8.752009553622542e-06, 3.571202690372255e-07]
[9.77815563497908e-06, 2.4045872821232273e-06]
[-8.901026951765867e-06, 1.3043019278166645e-06]
[-1.5133653228967953e-06, -6.182655034880913e-06]
[1.6718382644585056e-05, -4.970619696953449e-07]
[9.243971290248676e-06, 9.867454049780622e-06]
[-7.93254510596253e-06, -3.5282804039526994e-09]
[-6.9955076879291145e-06, -1.0325824351935936e-05]
[8.239440904250772e-06, -8.59546250786547e-07]
[8.612363433690984e-06, 7.574009109445612e-06]
[-3.5570594902334385e-06, 6.9099657645510515e-06]
[9.66367180180172e-07, -5.28220610748753e-06]
[9.952547187289107e-06, -1.0870339501076187e-05]
[7.127195745387782e-07, 9.87364545160371e-06]
[-5.848751486899756e-06, 8.72407658691638e-06]
[5.049910892562792e-06, -1.365196344282893e-05]
[9.116182618257307e-06, -4.963878998259785e-06]
[1.3763559245788537e-06, 1.1835095954287889e-05]
[8.626635696409868e-07, 7.212041035126182e-06]
[2.71834554117778e-06, -7.126647993692219e-06]
[-6.674575157086804e-07, -1.0462849436146567e-05]
[-3.1564797074029594e-06, 5.747287824500735e-06]
[3.6601311918932344e-06, 1.2287196876972772e-05]
[1.350709917546239e-05, -5.532750704473344e-06]
[3.8795872892884165e-06, -1.1078938103731284e-05]
[-7.982988667297464e-06, 7.42109318903339e-06]
[3.8404350906282025e-06, 7.755780962577508e-06]
[9.26788231783715e-06, -7.3638343072862655e-06]
[-4.517050245858578e-06, -4.023359705583596e-06]
[-4.627367012913219e-06, 2.7926434529867983e-06]
[1.1559510956415595e-05, 6.4269549762130396e-06]
[1.1498267777146354e-05, 3.635691977282862e-06]
[-6.765789219556617e-06, -9.38534319794293e-06]
[-9.224715407651907e-06, -3.145306718820018e-06]
[9.591814391071707e-06, 6.868868572477982e-06]
[1.4771905649770684e-05, 5.653709922170957e-07]
[-3.4900112198810174e-06, -5.316380067843518e-07]
[-6.570457818252939e-06, -1.4246397754547058e-06]
[1.1189119131629899e-05, -1.6255196184505882e-06]
[6.107090039612906e-06, 5.902856473624998e-06]
[-1.109191451278968e-05, 1.720536932061506e-06]
[-2.0227724652557844e-06, -8.902931831727967e-06]
[1.4106292361884543e-05, -6.764748372856122e-07]
[1.016701144847254e-05, 1.0905960740839604e-05]
[-4.145872913113857e-06, 1.1851655120909133e-06]
[-4.43107020032911e-06, -8.700870239412156e-06]
[7.076441773154474e-06, -4.738194377550305e-06]
[4.066949992387325e-06, 5.796991963152864e-06]
[-4.063258529085623e-06, 1.0597397840123035e-05]
[4.10727363686636e-06, -7.0845007099085144e-06]
[9.485341006316983e-06, -1.0198214885015489e-05]
[-1.1034945913840355e-06, 1.2382667000666522e-05]
[-4.178160807076503e-06, 6.345035462262949e-06]
[4.876267800435485e-06, -1.2086534780089697e-05]
[4.9167585439297e-06, -5.6574748522053575e-06]
[1.3241364977822911e-06, 7.940537741779607e-06]
[5.0249772091020065e-06, 9.528240459716342e-06]
[5.82663018008911e-06, -4.724355199242636e-06]
[-1.2539661395638557e-06, -1.1260332718796007e-05]
[-7.485016608993478e-06, 4.845630091225572e-06]
[2.319698850394847e-06, 1.1209771605694141e-05]
[1.3581803785182867e-05, -5.444472381238574e-06]
[1.6829481137986546e-06, -8.14438821974961e-06]
[-5.606021944798423e-06, 6.871923847656669e-06]
[7.95488621774254e-06, 4.449458678654206e-06]
[8.484083246246277e-06, -3.802560363596469e-06]
[-6.920693556143609e-06, -3.776766173205215e-06]
[-5.825926874307441e-06, -2.160021554592495e-06]
[1.1569103544620263e-05, 7.737405896990346e-06]
[1.2502343287645878e-05, 4.967753916534923e-06]
[-5.736818846580061e-06, -7.185210919649632e-06]
[-9.492593932768903e-06, -1.7544980404713556e-06]
[8.183239124211032e-06, 1.8963328408073618e-06]
[1.2136409045820917e-05, 1.354020187249727e-06]
[-4.685445496074858e-06, 2.474588909825992e-06]
[-2.5523271413030457e-06, -4.575451332033964e-06]
[1.3605167154068232e-05, -2.2588580079752063e-06]
[4.869462715662021e-06, 8.629102564777433e-06]
[-1.0237560710793514e-05, 1.8534718004472456e-06]
[-3.6350162915532724e-06, -1.0304206345068678e-05]
[9.784663799083937e-06, -1.2256065336502253e-06]
[9.042510321459474e-06, 1.0124490028240452e-05]
[-1.8400429765072501e-06, 3.706755664106831e-06]
[-4.3036523070250077e-07, -6.493572123386637e-06]
[7.156140679601131e-06, -8.632706467504025e-06]
[3.5358428875087444e-07, 6.011427046044571e-06]
[-4.1318140463486586e-06, 1.1396849424860633e-05]
[5.994966684763538e-06, -9.861716636333506e-06]
[8.147849948667019e-06, -7.576645874085575e-06]
[-1.7153231663125101e-06, 1.2514642312347335e-05]
[-1.2661648726153274e-06, 5.409138670697811e-06]
[4.394375279853646e-06, -8.525699848297916e-06]
[5.04328078972105e-07, -7.654896652871043e-06]
[-5.015307398409385e-07, 4.766937744149491e-06]
[6.812073107625993e-06, 1.0890998618839909e-05]
[9.981727455310452e-06, -3.481182002010308e-06]
[-7.924822381655261e-09, -1.0648881596797555e-05]
[-9.462868280759804e-06, 4.404453368741373e-06]
[2.565668635916979e-06, 8.974619561113485e-06]
[1.1346033139666978e-05, -5.1115978757232394e-06]
[-2.159220173478249e-06, -4.837633223953031e-06]
[-3.911688284230497e-06, 4.553654157773979e-06]
[1.0975822104533628e-05, 2.8754912587136694e-06]
[8.942547898488362e-06, 1.0235985775943444e-06]
[-7.57794880657317e-06, -4.997076642761222e-06]
[-6.905177577565258e-06, -5.162611671688522e-06]
[1.0665708073440139e-05, 7.241409456307246e-06]
[1.2669586450540782e-05, 4.007824183444031e-06]
[-4.455441962220724e-06, -2.8109933541409227e-06]
[-7.979667876661933e-06, -1.2057772053389315e-06]
[7.998745718974798e-06, -2.183658263509025e-06]
[8.066846335155753e-06, 3.741323408093522e-06]
[-6.976909855196944e-06, 3.660647136007056e-06]
[7.640944041896469e-08, -7.405291425732763e-06]
[1.4110503643697397e-05, -2.4049893531663535e-06]
[5.6666678532185655e-06, 1.010221139376849e-05]
[-6.7615208944882266e-06, 2.222617089236989e-06]
[-4.144456738110203e-06, -1.0101074669977006e-05]
[6.007241498545701e-06, -2.784827233780207e-06]
[5.770340316079564e-06, 8.007627985445742e-06]
[-1.314912091598952e-06, 7.1268905716403985e-06]
[3.4075913710324146e-06, -5.248093900719897e-06]
[7.2558051658205835e-06, -1.0776412771293375e-05]
[-1.9399230994539274e-06, 7.97442010248492e-06]
[-3.2550945397377684e-06, 9.458129723173992e-06]
[6.672379060559952e-06, -1.1395383847201401e-05]
[5.738376415251323e-06, -5.242073270989023e-06]
[-1.4625082480068663e-06, 9.991970906453318e-06]
[2.4949484297917546e-06, 6.3146465431040966e-06]
[4.747802106387644e-06, -4.8208155146159046e-06]
[-2.578282323230374e-06, -9.389262544384942e-06]
[-3.943024493108238e-06, 3.0444854424716006e-06]
[6.13157919654439e-06, 1.0655171283457943e-05]
[1.3028950104104764e-05, -2.998257335184995e-06]
[9.748052742057645e-07, -8.808580589020343e-06]
[-8.578680711295028e-06, 4.092720643913278e-06]
[4.904707565471511e-06, 5.973038448115614e-06]
[8.74827942201617e-06, -3.804635118564992e-06]
[-5.8070754209299524e-06, -2.3675021085661774e-06]
[-3.7789932379878044e-06, 5.896734805721504e-07]
[1.2014493247570687e-05, 3.2601103296669987e-06]
[9.88417075692416e-06, 5.134554117554313e-06]
[-6.9699995827454675e-06, -5.797286292019699e-06]
[-7.387626574345552e-06, -5.493096802783315e-06]
[9.290615096427257e-06, 4.300830267915667e-06]
[1.1634258169145734e-05, 2.6789036550733947e-06]
[-3.7178647759594785e-06, 1.757363366078346e-06]
[-4.808934396874354e-06, -2.534828514227927e-06]
[9.257433672790749e-06, -4.209730198628803e-06]
[4.244831881064504e-06, 6.660592372425764e-06]
[-8.713057349712255e-06, 3.739894205955375e-06]
[4.836777016889449e-07, -9.170091251842205e-06]
[1.192229513166665e-05, -2.636668715028101e-06]
[6.673567063408825e-06, 1.024680705165315e-05]
[-2.6161235286703555e-06, 3.2042276977978235e-06]
[-2.3373582691168897e-06, -8.459250436826382e-06]
[4.165631519332039e-06, -5.443317380406619e-06]
[1.6077200409997383e-06, 5.845151491462586e-06]
[-1.6726057453092524e-06, 1.0046646127040426e-05]
[6.026052804392057e-06, -5.767666608036404e-06]
[6.568195601713844e-06, -1.0271996176286491e-05]
[-2.9654363359749025e-06, 9.994970205306e-06]
[-1.4011918971004733e-06, 6.555110253112298e-06]
[6.424970358867577e-06, -1.0278726985238351e-05]
[2.3732194532610773e-06, -4.736607622221611e-06]
[-1.2195458341940357e-06, 6.1074991538900836e-06]
[5.986634724587485e-06, 8.025853690085683e-06]
[6.586815604975316e-06, -2.313419266319894e-06]
[-3.4103906919602522e-06, -9.729674073311045e-06]
[-7.4718855411493035e-06, 2.438746684263471e-06]
[4.4919945654114946e-06, 9.00314369811639e-06]
[1.3396847563369903e-05, -2.7641826754742915e-06]
[8.094741804631767e-08, -6.091947978154044e-06]
[-6.016544980114169e-06, 3.39216857893343e-06]
[8.237057860099872e-06, 3.013630797632505e-06]
[7.34722121892295e-06, -1.1030146091599302e-06]
[-7.77262058559991e-06, -1.539341313827082e-06]
[-4.73450252909402e-06, -3.6938973035360867e-06]
[1.1334408941271468e-05, 4.3700879021058014e-06]
[1.0473371629224348e-05, 6.8878819054207785e-06]
[-5.696202373894899e-06, -4.552345300862237e-06]
[-6.992891457795539e-06, -4.138919916380369e-06]
[7.944417836960524e-06, -2.7171096022432506e-08]
[9.238016073984112e-06, 2.688724953459065e-06]
[-4.069238918935625e-06, 4.721363366488873e-06]
[-1.0597667556705437e-06, -5.198260657424125e-06]
[1.095850788411512e-05, -4.430986686954075e-06]
[2.238026054136172e-06, 8.90715224213974e-06]
[-8.304636053592385e-06, 3.5748977147680855e-06]
[-5.531706005201809e-07, -9.697635899891255e-06]
[7.942372090868899e-06, -3.207896722992598e-06]
[6.084209991624734e-06, 9.181259987195434e-06]
[2.0591428992119964e-07, 4.982169261646963e-06]
[1.2772195416357879e-06, -6.1939437467489755e-06]
[4.073900193454771e-06, -8.375965643458994e-06]
[-1.904851480272196e-06, 4.974664638550397e-06]
[-1.7610019214797656e-06, 1.0974541447272834e-05]
[7.263781801595225e-06, -7.443845558979811e-06]
[4.965786510897213e-06, -7.790216437708608e-06]
[-3.1385214489254576e-06, 1.0212310845365835e-05]
[1.2247563186823518e-06, 4.731096219082187e-06]
[5.845921075733895e-06, -6.8702997066127924e-06]
[-1.2539845817977069e-06, -5.9579225460907465e-06]
[-1.9776713967994963e-06, 2.6353861385108868e-06]
[7.90968855336055e-06, 9.089314010501948e-06]
[9.416245627086317e-06, -1.2053189291372224e-06]
[-2.4260254853775143e-06, -8.528311831484947e-06]
[-9.232959729283535e-06, 2.207374283421694e-06]
[3.864586748310653e-06, 6.4917185280451845e-06]
[1.1211039742713147e-05, -2.301726858611186e-06]
[-2.689232737329572e-06, -3.0917522551021648e-06]
[-3.6512011508949005e-06, 1.7052329515515607e-06]
[1.0845283907018333e-05, 1.088612477911921e-06]
[7.410280411068726e-06, 2.5702844350652607e-06]
[-7.762033952328495e-06, -2.0872932130523714e-06]
[-5.692369278220699e-06, -6.542528344560816e-06]
[9.777590779955214e-06, 4.3836783317208194e-06]
[1.0210687581495292e-05, 6.164861403784583e-06]
[-4.285600788571375e-06, -1.1309556968708279e-06]
[-5.498637756930214e-06, -2.9574296854257415e-06]
[7.217050555903548e-06, -3.862115902659308e-06]
[5.858450251389202e-06, 4.396874546203078e-06]
[-5.29764929932397e-06, 5.5757587454075e-06]
[1.7349408114493425e-06, -7.796457955455693e-06]
[1.14712155211711e-05, -3.913468683197641e-06]
[2.344903521744879e-06, 9.838207999247894e-06]
[-5.46081230293205e-06, 3.6976635447508177e-06]
[-1.26966028114045e-06, -9.088696768140558e-06]
[4.069745767075472e-06, -4.271489586194638e-06]
[3.4073846011777043e-06, 7.272365796451297e-06]
[9.920205893826362e-07, 7.284991835887489e-06]
[5.080997177789315e-06, -4.506680946592123e-06]
[4.487411691053711e-06, -1.0174423500763918e-05]
[-3.915749715820843e-06, 5.761990662206742e-06]
[-9.465000221538233e-07, 9.465718539727452e-06]
[7.494947743907909e-06, -8.643886437148529e-06]
[2.6905760707601756e-06, -5.104421694532291e-06]
[-2.87965950621083e-06, 7.965476474719457e-06]
[4.215312830742335e-06, 4.856840807615503e-06]
[5.751578223980869e-06, -2.8623310547983352e-06]
[-3.997238237570672e-06, -7.526540120286491e-06]
[-4.053519907204484e-06, 6.362977612167642e-07]
[7.730602230887618e-06, 8.66784078108751e-06]
[1.1764930525431927e-05, -8.831849893087274e-07]
[-1.1727056875715514e-06, -6.318826711732006e-06]
[-8.389571280728592e-06, 1.7795599622245223e-06]
[5.221775914429627e-06, 3.6988306816379546e-06]
[8.08828845051679e-06, -1.1560251927805743e-06]
[-5.8866948208641245e-06, -6.468093106601347e-07]
[-2.707775969307269e-06, -1.150251867476637e-06]
[1.1627520681263895e-05, 6.988552651299162e-07]
[8.119461691213914e-06, 5.947734339067923e-06]
[-6.476309064418206e-06, -2.7241032254446407e-06]
[-5.828061414865637e-06, -6.99686588842563e-06]
[8.107286448219564e-06, 2.2687797843097546e-06]
[8.916683667719964e-06, 4.399197649135322e-06]
[-3.2454834565862067e-06, 3.0466487810354437e-06]
[-2.9025761301426645e-06, -3.283950273054448e-06]
[7.435890936005607e-06, -5.847461398825193e-06]
[2.509805583437996e-06, 6.841162372518694e-06]
[-6.354934521154987e-06, 5.084818038740731e-06]
[2.606024311083144e-06, -9.183842454685287e-06]
[9.737471125190189e-06, -3.6256814519020075e-06]
[3.358473381245841e-06, 9.441013528857511e-06]
[-1.456632798713109e-06, 4.31091801912642e-06]
[-2.599648370143863e-07, -7.545584785641213e-06]
[1.837368310173785e-06, -5.867940076969072e-06]
[-3.4818326292984647e-07, 5.250892455815892e-06]
[5.054502935780691e-07, 9.259823228566222e-06]
[7.610262013110769e-06, -4.236249871614195e-06]
[4.202038465163371e-06, -9.802902871808294e-06]
[-4.486847700421737e-06, 7.216075591734688e-06]
[7.589693291967792e-07, 6.55464169846149e-06]
[7.157075820690695e-06, -7.920465292535206e-06]
[4.332564104703174e-08, -3.8092522543359264e-06]
[-2.655721083051621e-06, 4.190326112124554e-06]
[6.877153488675514e-06, 6.205747604876022e-06]
[6.731555139589951e-06, 3.813973968591622e-08]
[-4.923486464261662e-06, -7.980450028144404e-06]
[-6.636548742194881e-06, 3.0357096253430527e-08]
[6.20843962663431e-06, 6.857269871131388e-06]
[1.2187366810095628e-05, -6.301672095532229e-07]
[-1.1968043228949288e-06, -3.7363036057835863e-06]
[-5.70066498792321e-06, 8.706695841798062e-07]
[7.907141459803646e-06, 1.1800596837058253e-06]
[5.863890031924945e-06, 9.508217422328491e-07]
[-7.80741535900964e-06, 5.207055798414628e-07]
[-3.11791360153163e-06, -4.5131835929024255e-06]
[1.063724055826859e-05, 1.3218282749749566e-06]
[8.441099826408949e-06, 7.664006888064012e-06]
[-4.840518515084047e-06, -2.0284547914278805e-06]
[-4.9135034728767235e-06, -5.589874948019706e-06]
[6.768298607000983e-06, -1.4349085309976403e-06]
[6.628611437416165e-06, 3.4416468065734396e-06]
[-2.9809702844774133e-06, 6.1092298914988685e-06]
[2.652444438255852e-07, -5.08887683503545e-06]
[8.223680015767565e-06, -5.913314296057681e-06]
[3.681694290061377e-07, 8.672999721463098e-06]
[-5.986877091690435e-06, 4.414272212514142e-06]
[1.8841750594467133e-06, -9.062016460406608e-06]
[6.131290949451529e-06, -3.957033144916244e-06]
[3.4952983097788493e-06, 8.036053119608866e-06]
[1.7964196898680174e-06, 5.439697838616198e-06]
[2.527749184223771e-06, -5.490189919327149e-06]
[1.4600303508971457e-06, -7.661534124195346e-06]
[-3.5816761686513487e-06, 3.994149687151782e-06]
[1.1585048188822444e-07, 9.848300354407813e-06]
[8.411640199120982e-06, -5.174595016144146e-06]
[2.794717027881921e-06, -7.447087555900733e-06]
[-4.184735183224153e-06, 7.672068469001536e-06]
[3.0076886145397053e-06, 4.05020331557121e-06]
[6.617032735717343e-06, -5.090265313013875e-06]
[-2.599919852547261e-06, -4.241180480514528e-06]
[-2.975293695584025e-06, 6.22106576808612e-07]
[8.38598205947505e-06, 7.237594826736693e-06]
[8.604924372629386e-06, 1.198210957731316e-06]
[-4.060334675565214e-06, -6.760729522589659e-06]
[-8.219171594700536e-06, 3.085463567108204e-08]
[4.936598717600327e-06, 4.306070464802324e-06]
[1.0341852646977845e-05, -4.2676701561550345e-08]
[-2.9180602584694126e-06, -1.2451431275345426e-06]
[-2.896008588798571e-06, -6.565376103051523e-07]
[1.0264540843088477e-05, -5.232847614389247e-07]
[5.329112233457001e-06, 3.789571602626045e-06]
[-7.678783328420036e-06, 3.6894635525169805e-07]
[-3.896905852604493e-06, -7.080701076425666e-06]
[8.721147973095311e-06, 1.6351331098701793e-06]
[7.825438046282773e-06, 7.244967741820707e-06]
[-3.4340060284243634e-06, 4.728381899354872e-07]
[-3.1196351549730994e-06, -3.928216211260098e-06]
[5.982978138530104e-06, -5.046553492777522e-06]
[3.668030267578448e-06, 4.205165006813949e-06]
[-3.4799014392156158e-06, 7.051409694043553e-06]
[2.966455056846451e-06, -7.231623852882452e-06]
[8.530946967465897e-06, -5.010473435207441e-06]
[-4.504847790631761e-08, 9.108521076134357e-06]
[-3.686124997209772e-06, 4.286836302061503e-06]
[9.883449786571297e-07, -7.812081542542954e-06]
[2.2411172212050134e-06, -4.8186676282757634e-06]
[1.7503780647687428e-06, 6.06289423243922e-06]
[3.109580516996724e-06, 6.902394372426679e-06]
[5.877657762859423e-06, -3.646349298086493e-06]
[1.947747586703019e-06, -8.849752474893169e-06]
[-5.243360540689579e-06, 3.949357160353863e-06]
[7.314162908181321e-07, 8.537514965535143e-06]
[7.983755661800096e-06, -6.102186376449881e-06]
[5.987366182014231e-07, -4.4932459905971944e-06]
[-3.596255209722954e-06, 6.054318687540028e-06]
[5.37879814529324e-06, 3.2291565802561317e-06]
[6.277269468916644e-06, -1.3325599857536702e-06]
[-4.6565370266380204e-06, -5.410874208520208e-06]
[-4.0942663310089555e-06, -1.4590840816536277e-06]
[8.28387416332288e-06, 6.816525875211199e-06]
[1.0336023286275364e-05, 1.1700748541870754e-06]
[-2.5269617526524346e-06, -4.331354559072853e-06]
[-7.686455608078846e-06, -1.4046285584483342e-07]
[5.177955939267287e-06, 1.6882012259401141e-06]
[7.261869733765636e-06, 1.0156998508786819e-06]
[-5.382563457528855e-06, 7.742412991493253e-07]
[-1.4017431286816873e-06, -2.7909757296940008e-06]
[1.0919294122216025e-05, -1.1028329803264292e-06]
[5.917888116047099e-06, 6.4934352204254475e-06]
[-5.970211802951153e-06, -2.4884761420235213e-07]
[-4.027525859172376e-06, -7.762053078924636e-06]
[6.782670719657213e-06, 4.677346750990574e-07]
[6.295637397837547e-06, 5.511279493358723e-06]
[-2.454768899189802e-06, 3.908429721311002e-06]
[-7.450186836205352e-07, -3.48791234609791e-06]
[5.806814655243131e-06, -6.997397661828719e-06]
[7.379719782624194e-07, 6.146169748819444e-06]
[-4.095742607831965e-06, 6.252301818512017e-06]
[4.235108462771753e-06, -8.435150686519899e-06]
[7.327342830612538e-06, -4.239329932459457e-06]
[6.652832207770798e-07, 8.208385293112519e-06]
[-1.8430055558071867e-07, 4.762995609614018e-06]
[1.3684938372712785e-06, -6.00094256490236e-06]
[-2.704217302151174e-07, -5.93950313745829e-06]
[-1.4047488987728451e-06, 4.068815692703787e-06]
[2.7288854825974207e-06, 8.174686055947844e-06]
