[320.5683203603197, 46.55862401524283]
[-15.545081524669321, -6.074845331658281]
[25.26556890318375, -30.818890670510896]
[-1.8985401289241182, -6.213975944459406]
[7.4674595866278075, 3.056951769439216]
[0.19638467692294181, -0.4978491832871992]
[0.4346380350478629, 2.396142883821584]
[0.6376105631733022, 0.12897327617612575]
[-1.1891532878248032, 0.5147718306148743]
[0.755626342024736, -0.5558401883801594]
[-0.5826953642445463, -0.6596975990023175]
[0.38220802084694583, -0.7171527688067116]
[0.14076021707570163, -0.6614869421974321]
[-0.04816471840873593, -0.4090063253998384]
[0.2796623419855173, -0.13667348701450344]
[-0.05606444849141745, -0.11816021770628815]
[0.028437244023250763, 0.07542261075706769]
[0.14595157303519724, -0.06211471580315164]
[-0.14823976218622192, -0.09016356682928883]
[0.166398115484097, -0.16353811327034418]
[-0.0524784823691391, -0.2230123641836872]
[0.028990449283317954, -0.20524576756284674]
[0.09822538983535045, -0.1452290537784542]
[-0.03669114879014845, -0.10683474819811956]
[0.07494365811391024, -0.016589691011495766]
[0.018489603658769616, -0.016990861410630775]
[-0.0358920865856579, -0.0066072120183690575]
[0.07362438113224945, -0.047265315906710015]
[-0.04801351121153363, -0.0819808910756592]
[0.047430880906424555, -0.10423581692855066]
[0.02549607353971206, -0.10277686608178005]
[-0.01060473514865734, -0.08086397073218049]
[0.053098418845019424, -0.03966550331564461]
[-0.013402716615891652, -0.022142432116246447]
[0.007073586978345148, 0.002856395106312526]
[0.0306689220170413, -0.014729760929092173]
[-0.02861708375307681, -0.029278282176880666]
[0.04167699723795937, -0.04897902548689925]
[-0.004823347562556091, -0.06441790153946192]
[0.004931256997036559, -0.059034958193929565]
[0.03098939587161098, -0.042290651588964945]
[-0.014899496277723911, -0.02916190454616885]
[0.021337961358638524, -0.0047116077381694765]
[0.008383600346037579, -0.006115636387724277]
[-0.012416999729652822, -0.008259241505465198]
[0.02835740592652769, -0.020466129437814118]
[-0.013648225507070011, -0.03571009549280174]
[0.013545889374559195, -0.04093902481878864]
[0.014220579356981178, -0.037908166257845544]
[-0.007896582029844001, -0.030279212410027068]
[0.02152652211448114, -0.012979569016189352]
[-0.0030397015477339195, -0.006752374406901296]
[-0.00039587154631465227, -0.0011365629547194778]
[0.015767500487038122, -0.007670039084709757]
[-0.01229108422116032, -0.017250777483044377]
[0.01652338910391915, -0.025530238375014225]
[0.0024653849763802693, -0.03018186890680452]
[-0.000726564575671329, -0.027033322189849343]
[0.01616329380907744, -0.017483575744026134]
[-0.006894782798069876, -0.010552100168649048]
[0.007277810801688656, -0.0012612187212206472]
[0.006462280218536787, -0.0031040823169425913]
[-0.0074718755365109635, -0.006913801822859167]
[0.014794449045103186, -0.013592509719312751]
[-0.004213673453482336, -0.02100107350250846]
[0.004483097777721712, -0.021864831921706074]
[0.009721894290206201, -0.01843853114930427]
[-0.005737449702957753, -0.013704655382501763]
[0.010390910250281049, -0.004558823723342265]
[0.0003252964743725162, -0.0026532964837786555]
[-0.002266389204957253, -0.001993175856478624]
[0.010404976880766137, -0.005985028032214457]
[-0.006253142213080487, -0.012475444632069843]
[0.00755030725232575, -0.01601369700223243]
[0.003921351707119269, -0.016934270668310436]
[-0.002407907668775744, -0.014580209612562012]
[0.009805020648282259, -0.007985986490296026]
[-0.0030224239588636514, -0.004304377313511576]
[0.0021535325783449966, -0.0006326466327458702]
[0.005597500868197436, -0.002301573917450117]
[-0.005155482819042767, -0.006151834807106127]
[0.008412270303236768, -0.01022746557794707]
[-0.0005009355042853159, -0.013731018141535323]
[0.0009793633528354384, -0.013391641300924323]
[0.007193633497060731, -0.009994637187097852]
[-0.0038047522855870763, -0.0066012789579730224]
[0.0050797674952229865, -0.001598672901014675]
[0.0016733273633986467, -0.0013058259516991466]
[-0.0026689708314105998, -0.0023686803276765644]
[0.007259361648457585, -0.005413850584865126]
[-0.003005935036263674, -0.009623025420308823]
[0.003494733272613182, -0.0109736316667568]
[0.004013018818480374, -0.010369277096040408]
[-0.002643856541513223, -0.008272022500924514]
[0.0060932661202887095, -0.0036369160636033904]
[-0.000975516361730322, -0.001877539823171015]
[2.2944348587738972e-05, -0.000700271044936529]
[0.004879206880869624, -0.002294040902659167]
[-0.0035056858512800826, -0.005648003604656615]
[0.004873964821346777, -0.007989487393963657]
[0.0010942180935097356, -0.009419747125522182]
[-0.0006026917825001643, -0.008665798301710437]
[0.005402068764952972, -0.005533610574775083]
[-0.002270077470105547, -0.0032413005141349593]
[0.0022766696922270624, -0.0006130891557529494]
[0.0022902522044382367, -0.0009307188474476646]
[-0.002543148046251331, -0.0026569356891881224]
[0.005029525265025869, -0.004975091755193395]
[-0.0010778149877378462, -0.007512869296288027]
[0.00136399048480218, -0.007878662299769884]
[0.003720902477693744, -0.006571431059031373]
[-0.002251609925754794, -0.004704933531643363]
[0.0036590532296865153, -0.0015850472169538499]
[0.00018747429988308362, -0.0008717260141135608]
[-0.0009194774784527793, -0.0009426902307365648]
[0.004090360068533583, -0.002503271969597813]
[-0.0021689851929679316, -0.005126469223004727]
[0.002755652881892612, -0.006345657306311647]
[0.0017803788036272472, -0.006622973837038915]
[-0.001249529056438714, -0.005638948094705221]
[0.003940527627749935, -0.0029737892041405978]
[-0.0011514791311886818, -0.001586392337527942]
[0.0007376781783701158, -0.00036930100645754527]
[0.002517159510544653, -0.0009981720553242646]
[-0.0021347875809095695, -0.002871592487898089]
[0.003398296825831759, -0.004480669178995811]
[6.441579029298206e-05, -0.005856149617522455]
[0.00014868929395217556, -0.0057325217203337275]
[0.0032578739303065207, -0.0041307681766333815]
[-0.00165125189265658, -0.0026337527439228015]
[0.0020387669920195473, -0.0006669344652206477]
[0.000898241705448749, -0.0005039011008698413]
[-0.0012961670799427338, -0.00124420972717032]
[0.0032566002738186883, -0.0026552555456458293]
[-0.001119738432056594, -0.004519337917502142]
[0.0013998224369898837, -0.005076331151937813]
[0.0020394582110405957, -0.004671177463484125]
[-0.0013591446655363826, -0.0035961189955933115]
[0.0027236353146699033, -0.001512123075189109]
[-0.00035133421967448175, -0.0007588724922705792]
[-0.00013145183379303926, -0.0004181272766905497]
[0.0024559309415998487, -0.0012392862470347495]
[-0.0015819799580866212, -0.0029472635850808088]
[0.002206742176739107, -0.003959087407278794]
[0.0007334436163840552, -0.004542480235269264]
[-0.0005151322404667313, -0.00411204458726222]
[0.0026839078246447268, -0.0024967887198896754]
[-0.0010572306005807997, -0.0014315108955254424]
[0.0009689080478193501, -0.0003065001153553515]
[0.0013199526840481646, -0.00048003204241942043]
[-0.0013326271112078514, -0.0015396552337065827]
[0.0024693852922570425, -0.0026716151188430626]
[-0.00034886713015472304, -0.003874820419396796]
[0.0004934671512557554, -0.00402943151810814]
[0.002047237677527347, -0.0032245683189062735]
[-0.0011841963545307088, -0.002224888336173514]
[0.0017538797570288978, -0.0007214422786266383]
[0.00023346376810221003, -0.000377078061492675]
[-0.0006092909897933985, -0.0006019173119966581]
[0.002194259701490564, -0.001481143953944719]
[-0.0010108331741818244, -0.0028631021568267245]
[0.0013206896956159397, -0.003444899274134161]
[0.001115833566051827, -0.003476731560751359]
[-0.0007976488619938493, -0.0028608946716308647]
[0.0020680468997026358, -0.0014257214513233585]
[-0.0005391548076109087, -0.0007377272915835009]
[0.0002609415518382008, -0.00022506988552861706]
[0.0015059027149506576, -0.0006336374903564007]
[-0.001151616879516898, -0.001759415716236723]
[0.0017831217117567633, -0.002576399348876768]
[0.00019489254570337344, -0.0032488337114834343]
[-9.337188922520223e-05, -0.0031197937304285883]
[0.0018746173403411115, -0.0021332296875975487]
[-0.0008942224146956668, -0.0013235260345874147]
[0.0010142875592683565, -0.0003287513431633818]
[0.0006514800570345258, -0.0002704963373310054]
[-0.0008166196949521698, -0.0008403791019333529]
[0.0018319965219507628, -0.0016424196020368154]
[-0.0005051660269531355, -0.002656922387717753]
[0.0006503430398671073, -0.002935512875356164]
[0.0012981290617960495, -0.0025858895923071556]
[-0.0008299111770692091, -0.0019184970998608053]
[0.0014849152847514757, -0.0007610835118650461]
[-0.00010035455784968006, -0.00035914634518374733]
[-0.00019900799452643447, -0.00029829840224460114]
[0.0015012712958250019, -0.0008397238455234712]
[-0.0008598244971486091, -0.0018634096594108973]
[0.0012005574819647924, -0.0024082105454691916]
[0.0005694970979829295, -0.002659977480864134]
[-0.00042354373674582946, -0.002329794708592292]
[0.0015842468553360356, -0.0013351216010759615]
[-0.0005766410341323525, -0.0007412084919643513]
[0.0004611443322171116, -0.00017041956099916877]
[0.0009113116556605516, -0.00033327763016793854]
[-0.000824707840712674, -0.0010646190010506276]
[0.0014446034431249144, -0.0017133499337120828]
[-9.181567578719907e-05, -0.0023810703894963092]
[0.00015905596263321442, -0.0024231804434627913]
[0.0013183935164932659, -0.001840974566685083]
[-0.0007217042183608191, -0.0012328151728512801]
[0.0009783768787289815, -0.0003755587859845689]
[0.00025811276115655923, -0.00019788968042200317]
[-0.0004650332149344072, -0.00045696721859278533]
[0.0013687121683331749, -0.0010206590105726887]
[-0.000541142598329658, -0.0018568011031105947]
[0.0007093959880468681, -0.0021831397284063914]
[0.000806960723700012, -0.002106658293024838]
[-0.0005572605044236179, -0.001671514159983234]
[0.001243855937950844, -0.0007834374786368503]
[-0.000264752474878005, -0.0003809931579825676]
[5.63464619353915e-05, -0.00016018549323737474]
[0.0010235153307450728, -0.0004760381566656785]
[-0.0007032909673000964, -0.0012254224363211774]
[0.0010672096353728788, -0.001709625428153616]
[0.0002332394021445361, -0.0020675985726197887]
[-0.00016593470401543575, -0.0019223783497015479]
[0.0012135322724535214, -0.0012425099431410125]
[-0.0005446521297172158, -0.0007465295997383659]
[0.000556899910363895, -0.00017649905734706817]
[0.0005221255526455248, -0.00018843138420401861]
[-0.0005704099850937505, -0.0006417201382631632]
[0.0011669957347383852, -0.001148104441146769]
[-0.00024096790351091357, -0.0017677481665010486]
[0.00031055072969543573, -0.00190696665774015]
[0.0009193103011775339, -0.0015961536711268653]
[-0.0005590833542789553, -0.001148092838032258]
[0.0009045860916964132, -0.000424232874428665]
[2.224111368298587e-05, -0.00018913161389899624]
[-0.00021747454603093797, -0.00024576163573297727]
[0.0010187822659526447, -0.0006321142778747957]
[-0.0005170816069313133, -0.0013072227447912255]
[0.0007132944886448084, -0.001640620720757803]
[0.0004734766367158194, -0.001730503637693226]
[-0.0003452581547682132, -0.0014623484777148699]
[0.0010308487786838683, -0.0007895200485412146]
[-0.0003353528403674533, -0.00041435512169729627]
[0.00021667543058717653, -0.00010812894427147945]
[0.0006823312392850722, -0.000268996278955394]
[-0.0005547592130655254, -0.0008040867229658633]
[0.0009324491862602313, -0.0012199804671133574]
[2.3803785485498885e-05, -0.0016197166955368714]
[1.385267866377271e-05, -0.001596300464226763]
[0.0009220438487218541, -0.001148647403070524]
[-0.00048014065671281303, -0.0007455531760080236]
[0.0005913240080491211, -0.00020823309628564823]
[0.0002613814254026625, -0.00012741523796405696]
[-0.00036990382967017066, -0.0003802407988174744]
[0.0009353173720222374, -0.0007668670788978371]
[-0.00030981158858417457, -0.0013183867270731842]
[0.00039753244944779054, -0.0015096304994829945]
[0.0006250952539981758, -0.0013848867079045979]
[-0.0004127562036059518, -0.0010648687466809498]
[0.0008133077980962966, -0.0004657926601095465]
[-0.00011704713490340302, -0.000209663072049171]
[-4.067491023956871e-05, -0.00013413426616759594]
[0.0007478589528240875, -0.0003862017133527962]
[-0.00046263861730111433, -0.000918723720491621]
[0.0006845519978820949, -0.0012365276013970618]
[0.0002431577091725201, -0.0014256684585151821]
[-0.00017985700831951723, -0.0012793459851235811]
[0.0008434837844052412, -0.0007812427707185043]
[-0.0003514145241803601, -0.0004468312260508256]
[0.0003147074263962768, -0.00010193096571042837]
[0.00043368611305533156, -0.00015513823014395162]
[-0.00041937275054143575, -0.0005208955390971909]
[0.000801814678688284, -0.0008680233782772939]
[-0.00010440335698591596, -0.0012711380527532512]
[0.00013871028327905321, -0.0013275075770933231]
[0.0006890889367987818, -0.0010541244075891187]
[-0.0004016554302984643, -0.0007356634862423911]
[0.0005878653743588425, -0.0002484833212363924]
[8.586917112096693e-05, -0.00011270541215996355]
[-0.00021106669546488988, -0.00021980353933387375]
[0.0007399286000276117, -0.0005059843078758508]
[-0.0003297431592101385, -0.0009811998740556493]
[0.0004411738243484953, -0.0011956797701230815]
[0.0004049531037565446, -0.0011988665603540616]
[-0.00028444392010340547, -0.0009815301019947265]
[0.0007151224950538854, -0.0004968315108994509]
[-0.00019414539941339792, -0.0002418841237751268]
[8.52880490237462e-05, -8.218178384689079e-05]
[0.0005350898308537078, -0.0002318043944848358]
[-0.00039368536176670466, -0.0006395371744875034]
[0.0006361495048688159, -0.0009290653834640519]
[8.392290787122281e-05, -0.001173142349709973]
[-5.1381571070374665e-05, -0.0011159154197434296]
[0.0006791568280856697, -0.0007606833578988614]
[-0.00033505262799526925, -0.0004728879245642359]
[0.00036989456141398036, -0.00011970052846055346]
[0.0002510314470597075, -9.855941885536512e-05]
[-0.0002989377785500569, -0.0003300315906542145]
[0.0006781428294537206, -0.0006114773424505393]
[-0.00017833800593142213, -0.0009945540238472939]
[0.00022316793061405438, -0.0011015084888288396]
[0.0005013321157293915, -0.0009596242497477148]
[-0.0003192019353871478, -0.000716527360924174]
[0.0005603888820000513, -0.00028845703468430295]
[-3.0516312924444566e-05, -0.0001232676803158972]
[-8.566289048150821e-05, -0.00012496679607579275]
[0.0005743691810387586, -0.0003272823410626069]
[-0.0003192925938750313, -0.0007245333701291212]
[0.0004547302372717166, -0.0009433208828867334]
[0.0002395194891020025, -0.0010330040338517033]
[-0.00017408741317626042, -0.0008978026667835481]
[0.0006159996991267069, -0.0005164135972052439]
[-0.00022989664342668026, -0.00027638475058344714]
[0.00017321788976765173, -6.648904008721424e-05]
[0.0003670245487581436, -0.0001381037017486042]
[-0.0003193015309472802, -0.0004377185362229308]
[0.0005761582140402233, -0.0006922059274699632]
[-2.4392289699221026e-05, -0.0009609589865063467]
[4.710357246584529e-05, -0.0009682272411233317]
[0.0005356115184245169, -0.0007298740803917125]
[-0.00029958263154872267, -0.0004902279983629576]
[0.00039465394232721107, -0.00014884067023834824]
[0.00011732168852181257, -7.766063159626163e-05]
[-0.00019383455354798906, -0.00020304212304377706]
[0.0005630005421574658, -0.0004236896097907783]
[-0.00021499327697838133, -0.0007725234605494014]
[0.00027703589078054147, -0.0009091389308940601]
[0.000349740480373284, -0.0008659423628926133]
[-0.00023847391615333668, -0.0006888161084287331]
[0.000517696078834784, -0.00032357054059081736]
[-0.0001045567239696954, -0.00014668135449691366]
[1.2202484323320384e-05, -7.366937812194885e-05]
[0.00043411885619834556, -0.00020649573669173638]
[-0.0002900822074329429, -0.0005279256366144125]
[0.00044705005661088704, -0.0007384401418858988]
[0.00011590234107855535, -0.0008841234834550682]
[-8.092636699941202e-05, -0.000814070700752817]
[0.0005195522482225323, -0.0005247747650738571]
[-0.0002377076685449453, -0.0003080211791370857]
[0.00023187210276698345, -7.257332143817408e-05]
[0.00023450076723025015, -8.546988419477763e-05]
[-0.0002449537069521557, -0.0002924437232658672]
[0.0005099280934660333, -0.0005088448946379762]
[-9.520777786514723e-05, -0.0007812426381680788]
[0.00012079208213292003, -0.0008340283688412775]
[0.00041098146301449257, -0.0006907456272026158]
[-0.0002534710375108329, -0.0004981880793961668]
[0.0003974190999003202, -0.00018181746271783705]
[2.098883063941792e-05, -7.878908057213502e-05]
[-0.00010379064846223474, -0.00012130228405942767]
[0.00045729861146515116, -0.0002869534844577304]
[-0.0002256862746038979, -0.000593344749302227]
[0.0003073157594077891, -0.0007443449990636175]
[0.00022789279626139747, -0.0007739475294438192]
[-0.00016282240192239117, -0.0006536557869951456]
[0.00046572124361698997, -0.0003515131469949695]
[-0.00014763848294818693, -0.00017533395579510946]
[8.696999937657379e-05, -5.1491649793899974e-05]
[0.0003158626624946148, -0.00012741075545563696]
[-0.0002497777136267476, -0.00037747824992384604]
[0.00042437665346123365, -0.0005714463119142199]
[2.5063010729742263e-05, -0.0007502081662755788]
[-3.916937065695514e-06, -0.0007310440102518967]
[0.0004280877165282193, -0.0005227358233571289]
[-0.00022664961176070697, -0.000334020862384099]
[0.0002675845505860086, -9.109840446197559e-05]
[0.00013095005220375988, -6.081052033563017e-05]
[-0.0001740486909477812, -0.00018946915358009075]
[0.00044119467165837367, -0.00036718635377283593]
[-0.00013791686574257667, -0.0006285824083414812]
[0.00017374811925827127, -0.0007119871106863185]
[0.00030370832048109975, -0.0006451157756441894]
[-0.00020233928500357212, -0.0004969770739037815]
[0.00038423406054449716, -0.0002140293405605842]
[-4.6219980244302517e-05, -9.297029256272182e-05]
[-2.8207842076161116e-05, -7.205560493545038e-05]
[0.0003615663182601203, -0.00018894674290415026]
[-0.0002183164450477726, -0.0004487975612369466]
[0.00031925705910129665, -0.0006029504523486495]
[0.0001310017969421151, -0.0006845343676186166]
[-9.423386543980228e-05, -0.0006123711943343893]
[0.0004086678337251459, -0.00037127730746892157]
[-0.00016786054272743822, -0.00020445782682332325]
[0.00014215176526832796, -4.861995057237056e-05]
[0.00021704206429548623, -7.871531894354522e-05]
[-0.00020364207651726862, -0.00026331474326735105]
[0.00039132563795821196, -0.0004355159356714336]
[-3.9643364047825536e-05, -0.000629945287077327]
[5.810504255754356e-05, -0.000649578893810121]
[0.0003431280484876287, -0.0005114183493847985]
[-0.00020312486618871695, -0.00035300640013435913]
[0.0002851683857812426, -0.00011585937971969607]
[5.142970752694542e-05, -5.5052832734089896e-05]
[-0.0001087389004845174, -0.00011862734713904977]
[0.0003726691226135781, -0.0002587253653115462]
[-0.00015939307746343223, -0.0004990918935138255]
[0.00020928598830934064, -0.0006013097326388328]
[0.00021244539691159248, -0.0005946880253683839]
[-0.00015003921938350206, -0.00048728905884151685]
[0.00035963072067113355, -0.00024266896302127527]
[-9.046370184884189e-05, -0.00011413096936661177]
[3.369518185909748e-05, -4.621914674244297e-05]
[0.00027607788357392193, -0.00012073119685807043]
[-0.0001986184345537656, -0.00033284569175801026]
[0.0003169659863860863, -0.00048193694290149525]
[5.532862266069416e-05, -0.0005985799923518553]
[-3.384412631002309e-05, -0.0005663561425844812]
[0.00034962725834246366, -0.0003826423788664112]
[-0.000171222327831122, -0.0002310590709422855]
[0.00018065135160511003, -5.8155278068905414e-05]
[0.00013557420116072638, -5.2218610655518916e-05]
[-0.00015539623089186327, -0.0001781187504757975]
[0.0003514384580055041, -0.0003255722348305193]
[-8.33167631482945e-05, -0.0005224418490778066]
[0.00010636099211114303, -0.0005705731788409052]
[0.0002656791598617536, -0.0004920963492298924]
[-0.00017180727642887583, -0.00036446292128577973]
[0.0002884391451989099, -0.0001426538392658161]
[-7.951931415894897e-06, -6.171352328016022e-05]
[-5.03621726007375e-05, -7.238141264212516e-05]
[0.00030636696721647594, -0.00017707177029521737]
[-0.00016486205958687883, -0.000389843382842453]
[0.00023020775365545365, -0.0005015055388983836]
[0.0001359767080931773, -0.0005410498149685528]
[-9.925868648147373e-05, -0.0004700928001231952]
[0.0003271321036921737, -0.0002660827121093723]
[-0.00011652493325076119, -0.00013808501514957217]
[8.281800783929705e-05, -3.711177199787474e-05]
[0.00020091230772403823, -7.558088035064525e-05]
[-0.00017088735118209186, -0.00024086252345223436]
[0.00030376726643066565, -0.00037900742896362916]
[-2.1771994757890933e-06, -0.0005169076492537172]
[1.7777170443045165e-05, -0.0005170010306328543]
[0.00029093031725884594, -0.0003858832480056612]
[-0.00016232040169977813, -0.0002533035241406578]
[0.00020496134618930295, -7.512860417474565e-05]
[6.967381852454602e-05, -4.180266654923992e-05]
[-0.00010771713920215698, -0.0001162608455368419]
[0.000307507233959628, -0.0002376690678124807]
[-0.00011002253642816706, -0.00042704226360354425]
[0.0001421050304402094, -0.0004948999458332937]
[0.0001963774411667396, -0.00046611170272836677]
[-0.00013619428271932632, -0.00036843083441412405]
[0.000280526895740249, -0.00016862047339094577]
[-5.038620756098178e-05, -7.605225988962377e-05]
[3.059213307954334e-07, -4.495927356190643e-05]
[0.0002437985036313206, -0.00011724013131697575]
[-0.00015842378919228572, -0.00029851708959623136]
[0.00023895239935166346, -0.00041223802251971753]
[7.315690557442578e-05, -0.0004856680766788801]
[-5.1877640305203476e-05, -0.0004465086600285162]
[0.0002895506813533344, -0.0002833921128679584]
[-0.00012824460820562433, -0.0001619297440404316]
[0.00012014626787908156, -3.968935372831994e-05]
[0.00013598331646474948, -4.827178192950976e-05]
[-0.00013841399205435923, -0.00016915459973315672]
[0.0002824242027528179, -0.00029231391712342125]
[-4.410283403971649e-05, -0.00044025741431136245]
[6.0460248985885756e-05, -0.0004656478546411387]
[0.0002343544179136542, -0.00038159555568459055]
[-0.00014477055732903255, -0.0002701478019745407]
[0.00021728571337520375, -9.590507271828308e-05]
[1.774015104866189e-05, -4.2783309400939995e-05]
[-6.253775470621559e-05, -7.326133209750729e-05]
[0.0002617710646084376, -0.00016860914859743135]
[-0.00012310567936982264, -0.00034320927698835296]
[0.00016661265249590107, -0.00042336330421643975]
[0.0001355737575136906, -0.0004348207725365649]
[-9.894290937564887e-05, -0.0003653181719876497]
[0.0002640663139256566, -0.00019183497359942514]
[-7.858195619929453e-05, -9.455207728478049e-05]
[4.289956205272283e-05, -3.181914698144328e-05]
[0.0001860836447731551, -7.520940465660653e-05]
[-0.00014337416628490418, -0.0002231793235009244]
[0.00023768881685519438, -0.0003332286798939932]
[2.2870298214142104e-05, -0.0004298825209961832]
[-9.186603974115082e-06, -0.00041773066580284846]
[0.00024917007826841253, -0.00029425877943312084]
[-0.00012879146301786326, -0.00018367162357593725]
[0.00014673218957630962, -5.0069806168777375e-05]
[8.105661043281837e-05, -3.463920990659508e-05]
[-0.00010375451117333734, -0.00011466233634105372]
[0.0002552746132467032, -0.0002202848510314548]
[-7.271370489705942e-05, -0.0003692634534438466]
[9.433169600120417e-05, -0.0004135593176380348]
[0.0001812503975630944, -0.0003705837769100405]
[-0.00012147067130660605, -0.00028110688445098786]
[0.00021961466346806513, -0.00011781045927439227]
[-2.1713809699897002e-05, -5.150874393061722e-05]
[-2.123503108550362e-05, -4.545217326706874e-05]
[0.00021603794154759215, -0.00011570322708884077]
[-0.00012538765509739758, -0.00027044599455696827]
[0.00018117233703796032, -0.0003566680219261875]
[8.338525469195335e-05, -0.0003995569656604081]
[-6.208121969653035e-05, -0.0003557788390944894]
[0.00024131385169866293, -0.00021105270052207414]
[-9.490174347956404e-05, -0.00011458944577426647]
[7.736479524772522e-05, -2.9311107596401154e-05]
[0.00013402456265509954, -4.764444648958088e-05]
[-0.00012240769524257678, -0.00016214100497158324]
[0.00022837258490904233, -0.000264194741316226]
[-1.5994437972718933e-05, -0.0003748977658082353]
[2.797310920424345e-05, -0.000384973024151615]
[0.00020785851406093792, -0.00029873073930364313]
[-0.00012083187614200797, -0.00020198481761146692]
[0.0001636791962395523, -6.522936965797782e-05]
[3.576264610528901e-05, -3.129557765135793e-05]
[-6.890275077275909e-05, -7.476969993652771e-05]
[0.00022431571497932845, -0.00016151531908692451]
[-9.004192773751085e-05, -0.0003044372998171063]
[0.00011974508147863383, -0.00036189600595698534]
[0.00013262354480364502, -0.00035378446547769393]
[-9.476850068443343e-05, -0.00028610028318415415]
[0.00021376895679406371, -0.0001388886482495133]
[-5.010367371732771e-05, -6.510041097962382e-05]
[1.5246997887824465e-05, -2.976072607624447e-05]
[0.00017176276478847452, -7.661698260880145e-05]
[-0.00011929086078294598, -0.00020824567094220037]
[0.00018707617898419682, -0.000295398790310486]
[3.973069005142049e-05, -0.0003616020726324165]
[-2.7146153207396884e-05, -0.0003406285083086269]
[0.00021422038046509106, -0.00022553756358695276]
[-0.00010144668593581319, -0.00013421756744103064]
[0.00010389213763958849, -3.445809125823818e-05]
[8.815461193723007e-05, -3.171753976649594e-05]
[-9.774791787303672e-05, -0.00011386793716694488]
[0.00021277924446244656, -0.00020480981148324195]
[-4.4557218571966706e-05, -0.00032177548229889164]
[5.911464351979201e-05, -0.0003494306764865243]
[0.00016714156922173484, -0.00029713631968547594]
[-0.00010663818219611154, -0.0002160487074024664]
[0.00017212689995546593, -8.280279178521366e-05]
[-3.9114100816584063e-07, -3.5446919979198466e-05]
[-3.540410024512053e-05, -4.71828598227475e-05]
[0.00019125763546629093, -0.00011469822157703091]
[-9.794023430315102e-05, -0.00024615667947397446]
[0.0001372304239036226, -0.0003116989372160539]
[8.918827412059127e-05, -0.0003322099953696686]
[-6.657153488974499e-05, -0.0002853447660459696]
[0.00020142436610168235, -0.00015773827922105355]
[-6.879666523684769e-05, -8.1281059847782e-05]
[4.6312492611749745e-05, -2.3569847947157996e-05]
[0.00013009925737049455, -4.9274009245189876e-05]
[-0.00010691764570960188, -0.00015606095505661492]
[0.00018560842553144719, -0.00024000684633879166]
[4.357629007051278e-06, -0.0003221630457648228]
[4.722941620044496e-06, -0.0003207828756609521]
[0.00018447635527574224, -0.00023494281333075184]
[-0.00010010826595424627, -0.00015201881182184095]
[0.00012286644066020203, -4.481126442220859e-05]
[4.87740462206121e-05, -2.4993173669496382e-05]
[-7.123321991056586e-05, -7.692535933612188e-05]
[0.00019252238451661352, -0.00015468065739765446]
[-6.395006422388327e-05, -0.0002714275695314683]
[8.403768315800447e-05, -0.0003122486159630074]
[0.0001282505698208536, -0.0002900066706989293]
[-8.815840961870491e-05, -0.00022543348293344034]
[0.00017323518783682323, -0.00010094781465534719]
[-2.800692380032499e-05, -4.477137763853056e-05]
[-4.433754378051213e-06, -2.9853466776808002e-05]
[0.00015755765821895418, -7.858289427943588e-05]
[-9.811322233654884e-05, -0.0001946594741621399]
[0.00014745421393355662, -0.0002638763283414336]
[5.140771250899956e-05, -0.00030690489687819344]
[-3.842108475121675e-05, -0.00027927546233835754]
[0.00018412333390988023, -0.00017339817370554123]
[-7.912133582310688e-05, -9.825723946124687e-05]
[7.165199606867789e-05, -2.462674649522656e-05]
[9.193646906507924e-05, -3.179541116193896e-05]
[-9.010049627351802e-05, -0.00011328718734754384]
[0.00017803200804857033, -0.0001908026345089353]
[-2.313404026124677e-05, -0.00028235274460369775]
[3.271771017623881e-05, -0.0002972098604159812]
[0.00015354008126033936, -0.0002392237915059825]
[-9.259879832061724e-05, -0.0001670001093254242]
[0.00013482664189388288, -5.835239366656052e-05]
[1.5978614587797146e-05, -2.5353450893106366e-05]
[-4.437487784303418e-05, -4.994568531344057e-05]
[0.00016906213431730488, -0.00011333578013639212]
[-7.531355508622051e-05, -0.00022461115172378587]
[0.000102776538710634, -0.000274497304198755]
[9.215649449940966e-05, -0.00027801612004559745]
[-6.706171017969997e-05, -0.00023001560277688404]
[0.0001681672190130823, -0.00011825001753912323]
[-4.778125811516487e-05, -5.7337056461381763e-05]
[2.3146809776566912e-05, -2.0931219987696537e-05]
[0.00012444286003782112, -5.195251196428441e-05]
[-9.213371082239519e-05, -0.00015004243129598804]
[0.00015118549781081847, -0.0002191941336183445]
[1.9524837721024424e-05, -0.0002789105091660707]
[-1.1544241227179342e-05, -0.00026848483303665294]
[0.00016327858970171388, -0.00018526327937734566]
[-8.236818206117102e-05, -0.00011463612142829926]
[9.11943951131533e-05, -3.098324161299182e-05]
[5.792642824725691e-05, -2.246358236857038e-05]
[-7.043396201532326e-05, -7.925607303403345e-05]
[0.00016557366244400462, -0.00014795366129377596]
[-4.3269953983543497e-05, -0.000243174083045139]
[5.6310607605997154e-05, -0.00027089107810909785]
[0.00012265583957316029, -0.00023857079878880638]
[-8.046816959268732e-05, -0.00017851538703454392]
[0.00014043130361796746, -7.342613751700616e-05]
[-1.0315426583210052e-05, -3.0949768701049596e-05]
[-1.8397911536627287e-05, -3.161211318974955e-05]
[0.0001437079193121471, -8.022279856195746e-05]
[-7.978818907292129e-05, -0.00018192597285593415]
[0.00011555786877293084, -0.00023715287876958577]
[5.959554905340947e-05, -0.0002619341218273487]
[-4.4768599435224266e-05, -0.00022991220662044176]
[0.000158071667772125, -0.00013365318056376974]
[-6.048802416697141e-05, -7.154500368800054e-05]
[4.674662242459826e-05, -1.8735742030207003e-05]
[9.29260886640415e-05, -3.361447096194084e-05]
[-8.144947598148766e-05, -0.00011226421997764802]
[0.00014926563694608874, -0.00017827019587784987]
[-6.410890327018803e-06, -0.0002492356550390096]
[1.3107737388398655e-05, -0.000253673359220441]
[0.00014017204592847027, -0.00019301994999326721]
[-7.978420230742023e-05, -0.00012936407990926657]
[0.00010506719233308037, -4.095626574521227e-05]
[2.8507007194367162e-05, -1.9701983249811872e-05]
[-4.929523123479995e-05, -5.323710169702692e-05]
[0.00014940840523690324, -0.00011148691326756666]
[-5.6679368959408616e-05, -0.00020550743449226916]
[7.521466731180704e-05, -0.00024279000620952562]
[9.286628329646662e-05, -0.0002333549721621475]
[-6.511198095648929e-05, -0.0001862052078976384]
[0.00014042771246479402, -8.869135816639423e-05]
[-3.0347878963277175e-05, -4.017141707923777e-05]
[5.728507176200326e-06, -2.065310268928311e-05]
[0.00011761818785102629, -5.471249913249765e-05]
[-7.850227261313458e-05, -0.00014381456035811313]
[0.00012276429448870169, -0.00020108153690235903]
[3.109026046112934e-05, -0.00024258519795224403]
[-2.247196306850996e-05, -0.00022542786668322545]
[0.00014406477376024962, -0.00014640581908434425]
[-6.695983951743312e-05, -8.608810761467911e-05]
[6.600997646366569e-05, -2.1741072815995022e-05]
[6.381851640457209e-05, -2.239971600836825e-05]
[-6.738404845416102e-05, -8.11524001837205e-05]
[0.00014258056374866213, -0.0001415719450774955]
[-2.651909723064283e-05, -0.00021883214121680428]
[3.4829158429949825e-05, -0.00023560835440905592]
[0.00011595133124576995, -0.0001965936385274758]
[-7.256365528340858e-05, -0.0001416790305183227]
[0.00011356184127955804, -5.3101227771468196e-05]
[3.922511750353852e-06, -2.206535324231207e-05]
[-2.785796082299674e-05, -3.444473301910528e-05]
[0.00013064415310364008, -8.129529709155481e-05]
[-6.407309538394856e-05, -0.00017010132218669982]
[8.93492425956266e-05, -0.00021382544140235993]
[6.502201570199317e-05, -0.00022408289620723387]
[-4.777463454452846e-05, -0.00018994747508614684]
[0.00013562340958046815, -0.00010308437305210638]
[-4.449167510511137e-05, -5.1624853704523854e-05]
[2.726672995956303e-05, -1.5844172057410955e-05]
[9.179903005818169e-05, -3.6107908159860314e-05]
[-7.25577061059246e-05, -0.00011056534769249282]
[0.00012490175615105514, -0.00016702782110552053]
[6.968497526266271e-06, -0.0002208148189322412]
[-1.1527775468644919e-06, -0.00021700966868659632]
[0.00012721283081881807, -0.0001560179343693402]
[-6.806842418596859e-05, -9.9919897794426e-05]
[8.0785851236026e-05, -2.856817957941349e-05]
[3.7740884969800215e-05, -1.716809592885657e-05]
[-5.1134197141228244e-05, -5.641383024473229e-05]
[0.00013203504736603033, -0.00010941756956997506]
[-4.106497056396985e-05, -0.00018857448993195303]
[5.313426338059146e-05, -0.00021508882432197396]
[9.16256582751615e-05, -0.00019610471044234634]
[-6.183675240985231e-05, -0.0001510714001545857]
[0.00011710226542036017, -6.619328442127037e-05]
[-1.5756497587005036e-05, -2.823648113445265e-05]
[-7.10247082091886e-06, -2.2049783154884373e-05]
[0.0001103072171712155, -5.7147579523353365e-05]
[-6.622126838571468e-05, -0.00013756646002949235]
[9.880930330816162e-05, -0.00018484951108378722]
[3.97902751664847e-05, -0.00021135740268071745]
[-2.9549845624227133e-05, -0.0001898153748411957]
[0.00012685967077188942, -0.00011578950249524836]
[-5.322998237388549e-05, -6.41194208210738e-05]
[4.5689572353041497e-05, -1.601441393433989e-05]
[6.710304864801508e-05, -2.3657057789325253e-05]
[-6.301481288997768e-05, -8.23187851031193e-05]
[0.00012256944027214112, -0.00013560667826195347]
[-1.2618118248750032e-05, -0.00019746008794785733]
[1.840682373298319e-05, -0.00020520822113634374]
[0.00010851573623696376, -0.0001622241857511808]
[-6.470448225320835e-05, -0.00011222926803217126]
[9.109999259176993e-05, -3.79822464190438e-05]
[1.5134798261220994e-05, -1.681756782141025e-05]
[-3.3765999646315215e-05, -3.764799418649444e-05]
[0.00011852887974558857, -8.198052864605287e-05]
[-5.043600340232102e-05, -0.00015924362594255115]
[6.773402527204819e-05, -0.0001929152074642837]
[6.806224401775807e-05, -0.00019182974344150727]
[-4.865763528830863e-05, -0.00015725044645418032]
[0.00011621553862416201, -7.921315099588405e-05]
[-3.061330890569147e-05, -3.702676889577594e-05]
[1.2175592476765251e-05, -1.5193721863093756e-05]
[8.932931260675903e-05, -3.870129396665867e-05]
[-6.393119998925056e-05, -0.00010837317736372976]
[0.00010383687125740948, -0.0001566298645385225]
[1.7663971388970356e-05, -0.00019584308420500518]
[-1.1380336343069786e-05, -0.00018604020596395265]
[0.00011498683544967914, -0.00012621386641280263]
[-5.713323958062705e-05, -7.665660111388917e-05]
[6.066072514052112e-05, -2.0055770746985058e-05]
[4.422942607032465e-05, -1.6568323877877433e-05]
[-5.087718008048303e-05, -5.907632807158891e-05]
[0.0001164317165955886, -0.00010729920127706266]
[-2.7675579800719163e-05, -0.00017332463170914927]
[3.5611401220596306e-05, -0.00019064319738770763]
[8.889216751295503e-05, -0.0001649510954025435]
[-5.775769541174758e-05, -0.00012241850092775675]
[9.712847662773916e-05, -4.889243382669162e-05]
[-3.725112998939628e-06, -2.029557280755056e-05]
[-1.621088161459644e-05, -2.4362691854862457e-05]
[0.00010293510555045571, -5.9297198575447574e-05]
[-5.511878699840378e-05, -0.00013151439430431067]
[7.851402468789237e-05, -0.0001698633722705123]
[4.598414268527917e-05, -0.0001841667449310469]
[-3.3992696849054205e-05, -0.0001601138619407947]
[0.00011150425236637618, -9.133515846885751e-05]
[-4.086469313074881e-05, -4.737859103673414e-05]
[2.9356719009471233e-05, -1.3004784731207586e-05]
[6.853661369990438e-05, -2.5518057159334973e-05]
[-5.8025686590260084e-05, -8.285219380543829e-05]
[0.00010479383412292931, -0.00012983585279190135]
[-1.0281636680931072e-06, -0.0001782357139891999]
[5.94205646348156e-06, -0.00017897770014707604]
[0.00010084159882356447, -0.00013396445740705004]
[-5.683626860528146e-05, -8.842082319476807e-05]
[7.201554237259988e-05, -2.6933563367192992e-05]
[2.372581373644156e-05, -1.4027359844515086e-05]
[-3.707732013866205e-05, -4.071207366254659e-05]
[0.00010719190357652564, -8.24519403038182e-05]
[-3.83482416424219e-05, -0.00014915740963855617]
[5.003986224912105e-05, -0.00017397264596924478]
[6.916687059488336e-05, -0.00016428683043651082]
[-4.809741257699729e-05, -0.0001300828965807438]
[9.917214717497513e-05, -6.035245101573827e-05]
[-1.8717712002042086e-05, -2.661126848772094e-05]
[7.373819034400819e-07, -1.5991505601463396e-05]
[8.6080527173793e-05, -4.1277363977243464e-05]
[-5.5675903869317755e-05, -0.00010594683589293385]
[8.55126371647752e-05, -0.0001466625608546046]
[2.597006790347467e-05, -0.00017360340828204146]
[-1.8710073560423285e-05, -0.0001597194146324924]
[0.00010362043699417567, -0.00010191601483943748]
[-4.683998438137493e-05, -5.8367999207303844e-05]
[4.398821920270635e-05, -1.4614952537517212e-05]
[4.864126487205689e-05, -1.7080717385820066e-05]
[-4.9322210542393496e-05, -6.119862711484458e-05]
[0.00010213580967521896, -0.00010502858110072663]
[-1.610989839220811e-05, -0.00015923517313828905]
[2.177501483366373e-05, -0.0001690770623412885]
[8.522648878103722e-05, -0.00013882625735422982]
[-5.301575191231367e-05, -9.877047394607485e-05]
[7.974159929288738e-05, -3.5697103469345404e-05]
[5.992414645605848e-06, -1.5214763723125913e-05]
[-2.246381800646846e-05, -2.6986715820548346e-05]
[9.556790918482938e-05, -6.127961729666953e-05]
[-4.489885118501291e-05, -0.0001256353155081498]
[6.143225167675077e-05, -0.0001558656960012894]
[5.006044777797203e-05, -0.00016045273549597505]
[-3.6554583926484696e-05, -0.00013499095222108126]
[9.763169223891977e-05, -7.156076085351737e-05]
[-2.9860400847292468e-05, -3.484757835614527e-05]
[1.642401067701582e-05, -1.191244084697285e-05]
[6.872874273324697e-05, -2.7717191289855503e-05]
[-5.2723150845229716e-05, -8.298114015953262e-05]
[8.889916994611613e-05, -0.0001239771391205735]
[8.456553359265095e-06, -0.00016068797532547974]
[-3.570937997209034e-06, -0.00015625793239388902]
[9.324111743148206e-05, -0.00011048326808022098]
[-4.8959732891262764e-05, -6.920672934859762e-05]
[5.5773596666808256e-05, -1.9176972382600743e-05]
[3.0235637735603893e-05, -1.2811741148199829e-05]
[-3.86134870164756e-05, -4.347903033258271e-05]
[9.638701453775628e-05, -8.265472719037013e-05]
[-2.754414881928069e-05, -0.00013952173027174594]
[3.562257187744722e-05, -0.00015685236785775714]
[6.889178848623612e-05, -0.00014074068371516812]
[-4.6368448524930495e-05, -0.00010722824635872596]
[8.395876038104488e-05, -4.5489483329996805e-05]
[-8.711573097799907e-06, -1.9323713003619597e-05]
[-7.790490513720494e-06, -1.7563411773419135e-05]
[8.226992358370544e-05, -4.387101049443953e-05]
[-4.768797692904225e-05, -0.0001033495155696243]
[6.967534421893629e-05, -0.00013697851874527878]
[3.218192711468976e-05, -0.00015377621447826284]
[-2.39054322208887e-05, -0.00013706449709963153]
[9.298337339413987e-05, -8.185959900167128e-05]
[-3.729273660241228e-05, -4.4172239408932223e-05]
[3.033245969351339e-05, -1.1467135934174755e-05]
[5.1565962600433335e-05, -1.831425679538201e-05]
[-4.6907421323932885e-05, -6.293615280925091e-05]
[8.895186816076928e-05, -0.0001023920895322078]
[-6.25738780829499e-06, -0.00014600255623228864]
[1.0776949893778753e-05, -0.00015002731792691966]
[8.104570349566631e-05, -0.00011672286545592707]
[-4.7714198674955743e-05, -7.924278385432193e-05]
[6.456035511834268e-05, -2.5880705525033187e-05]
[1.3789503044092655e-05, -1.2092242705180611e-05]
[-2.664978717595301e-05, -2.9641171663458143e-05]
[8.811627306590242e-05, -6.30439884298133e-05]
[-3.5417998165379605e-05, -0.00011973565086005611]
[4.7129837650705664e-05, -0.00014285621345275223]
[5.2520156167495946e-05, -0.00013978402045122795]
[-3.759055895065366e-05, -0.00011347030399189162]
[8.489874097915295e-05, -5.555585302241539e-05]
[-2.0259153219376325e-05, -2.5576893414588214e-05]
[6.292045347910946e-06, -1.2025093075171411e-05]
[6.798039696614966e-05, -3.0197705496670668e-05]
[-4.7153091719764895e-05, -8.279547787279351e-05]
[7.478694809194553e-05, -0.0001179335351595423]
[1.6024286556531875e-05, -0.00014466484612485342]
[-1.0857279825762789e-05, -0.00013635851571319746]
[8.575558577650355e-05, -9.073227232916925e-05]
[-4.125881874543491e-05, -5.3847215792227066e-05]
[4.208130665049603e-05, -1.3980050213691086e-05]
[3.518980115806841e-05, -1.2684151645458996e-05]
[-3.888562971643417e-05, -4.6011256354339114e-05]
[8.603590467676225e-05, -8.240219913210889e-05]
[-1.8003102893904277e-05, -0.00013013893010496713]
[2.380312869804113e-05, -0.00014140753847553117]
[6.769547208765325e-05, -0.00012046550234200148]
[-4.364204139051253e-05, -8.795911297215797e-05]
[7.032620014049695e-05, -3.3968192266559116e-05]
[-3.498296921033983e-07, -1.428107233597542e-05]
[-1.412342226879415e-05, -1.952619696352076e-05]
[7.791440612124265e-05, -4.640996965063482e-05]
[-3.9926286982780446e-05, -0.00010046017194028267]
[5.607550685887697e-05, -0.0001276556781661664]
[3.671415324027483e-05, -0.0001361457507973729]
[-2.7358646892031158e-05, -0.00011731401164868926]
[8.288432108140287e-05, -6.524967969612216e-05]
[-2.8644507247245488e-05, -3.324213910196362e-05]
[1.9242124784463188e-05, -9.892716329215623e-06]
[5.3336548783256e-05, -2.012534406120592e-05]
[-4.3787659252558786e-05, -6.43666207112703e-05]
[7.689901241465791e-05, -9.930191642337771e-05]
[1.9629976855117803e-06, -0.00013358180558620258]
[1.9631322632079895e-06, -0.0001330406289406158]
[7.650652165552829e-05, -9.779842952072071e-05]
[-4.208875908098819e-05, -6.323601021322733e-05]
[5.1418704801423076e-05, -1.877706826814568e-05]
[2.0101174147572898e-05, -1.0378152546008934e-05]
[-2.930507358975265e-05, -3.2291374636728154e-05]
[8.058159899074213e-05, -6.440487318121191e-05]
[-2.6732767336973273e-05, -0.00011367694353853208]
[3.509559399667017e-05, -0.00013083670357197374]
[5.3815409555277305e-05, -0.00012167167994856648]
[-3.7309611659000486e-05, -9.497012589743115e-05]
[7.316375724952806e-05, -4.27469286758686e-05]
[-1.1954461676483286e-05, -1.873340538159629e-05]
[-1.6557087706287055e-06, -1.2882753624515741e-05]
[6.637329450465135e-05, -3.285426200299278e-05]
[-4.135407898418417e-05, -8.2207885617731e-05]
[6.236219356346717e-05, -0.00011181073578298006]
[2.198683029064341e-05, -0.00013010689363540662]
[-1.6312499389894985e-05, -0.00011870418833023755]
[7.83084856742916e-05, -7.403664611646543e-05]
[-3.3969999523833505e-05, -4.164629532236834e-05]
[3.062995753339015e-05, -1.0643929900262111e-05]
[3.891562939502269e-05, -1.3426945572297955e-05]
[-3.812062584770959e-05, -4.835145905018878e-05]
[7.623976470322313e-05, -8.158943237407401e-05]
[-9.742451002825447e-06, -0.00012102277950654106]
[1.4018588766311069e-05, -0.00012737037046680819]
[6.580325927649233e-05, -0.00010280718290846952]
[-4.0179618740948664e-05, -7.180855246673168e-05]
[5.821446164003263e-05, -2.5203001806972658e-05]
[6.6993533265613525e-06, -1.0901430180232374e-05]
[-1.8785612373464766e-05, -2.175478607896464e-05]
[7.306318842373316e-05, -4.869645912361498e-05]
[-3.250771950266684e-05, -9.716566255610348e-05]
[4.435919134622435e-05, -0.00011878844839026403]
[3.9978660534067956e-05, -0.00012041556274780887]
[-2.9291261577579775e-05, -0.00010001593334568737]
[7.326405266436242e-05, -5.160095486964056e-05]
[-2.0910100332088843e-05, -2.4818314713445644e-05]
[1.0213342653830892e-05, -9.382608426755645e-06]
[5.4066922759055114e-05, -2.2373400415609535e-05]
[-4.00583848318703e-05, -6.541054869235036e-05]
[6.600476475748795e-05, -9.585529462260989e-05]
[8.755445346897428e-06, -0.00012201857055363363]
[-5.040258028693456e-06, -0.00011769799690480864]
[7.161384009005123e-05, -8.149599084639192e-05]
[-3.6431546742099474e-05, -5.018691147224731e-05]
[4.013768444709187e-05, -1.3731633187068215e-05]
[2.5223107883290408e-05, -9.797832497826509e-06]
[-3.069673904018688e-05, -3.493406695899426e-05]
[7.31152010196301e-05, -6.522567746194974e-05]
[-1.8944187721949002e-05, -0.00010749462386119846]
[2.486745850650146e-05, -0.0001196785106448231]
[5.420260963145962e-05, -0.00010562811336333605]
[-3.5976243561802734e-05, -7.914347913953734e-05]
[6.244991913666176e-05, -3.263752772612871e-05]
[-4.719853790136064e-06, -1.3731268243416528e-05]
[-7.90400181223394e-06, -1.4283369999590345e-05]
[6.397851799126719e-05, -3.5471907101524563e-05]
[-3.5484986246808736e-05, -8.110743141821752e-05]
[5.1411319497152164e-05, -0.00010575089524178516]
[2.669378394855315e-05, -0.00011686785411364753]
[-2.0151081655622738e-05, -0.00010295436629947918]
[7.089909062449329e-05, -5.999946002493983e-05]
[-2.720774704199902e-05, -3.193486320825223e-05]
[2.1032456658007237e-05, -8.637261928845508e-06]
[4.153469146726818e-05, -1.4868328731147684e-05]
[-3.644957292604778e-05, -5.041228781459822e-05]
[6.711694669293833e-05, -8.028103626764316e-05]
[-2.66169140035466e-06, -0.00011228110964667248]
[5.933910189992453e-06, -0.00011444870429504206]
[6.327268700601074e-05, -8.73192227978381e-05]
[-3.6302753593821235e-05, -5.834147145383512e-05]
[4.75566360231966e-05, -1.860192319604482e-05]
[1.2683895799642242e-05, -8.87166215049473e-06]
[-2.2058108035058477e-05, -2.41976093170726e-05]
[6.789031127542311e-05, -5.0556656757794194e-05]
[-2.559897468695782e-05, -9.349603473035595e-05]
[3.416681375897207e-05, -0.00011034675244699088]
[4.223403615748189e-05, -0.00010624031472640516]
[-2.9952445378025883e-05, -8.49277415241323e-05]
[6.420590893094213e-05, -4.050916917237857e-05]
[-1.3962915562534817e-05, -1.833478357599061e-05]
[2.8193337420073794e-06, -9.674859686364945e-06]
[5.383002341557974e-05, -2.4827529931416292e-05]
[-3.590239001330375e-05, -6.594496144397832e-05]
[5.6175119456811085e-05, -9.22074828152708e-05]
[1.4394954436613983e-05, -0.00011127800018502498]
[-1.042643753214334e-05, -0.00010375093377235078]
[6.640392107754717e-05, -6.750271418015652e-05]
[-3.093319777339176e-05, -3.9526318330346255e-05]
[3.044357411413623e-05, -1.0215048772493907e-05]
[2.926724528005964e-05, -1.0155951669754693e-05]
[-3.0972918298392826e-05, -3.7466108777754054e-05]
[6.58965526018837e-05, -6.552419349264982e-05]
[-1.2045337475785622e-05, -0.00010132403389653821]
[1.615940872481958e-05, -0.0001091886323868474]
[5.376816087990233e-05, -9.130625919381852e-05]
[-3.391825651100078e-05, -6.567396852287175e-05]
[5.278195825572998e-05, -2.4710957631338647e-05]
[1.63664292472665e-06, -1.023705377417583e-05]
[-1.2727392685152328e-05, -1.6130633211236534e-05]
[6.097045798009182e-05, -3.784065438774964e-05]
[-2.9758910359126145e-05, -7.950049195412645e-05]
[4.1672651584497705e-05, -9.97881621913159e-05]
[3.038492278139432e-05, -0.00010471973381709701]
[-2.259297365567181e-05, -8.895359009486459e-05]
[6.364912932187161e-05, -4.830700395487553e-05]
[-2.093457654783748e-05, -2.418567123665949e-05]
[1.2930878334933837e-05, -7.656637718927994e-06]
[4.31073662066489e-05, -1.6766563203905044e-05]
[-3.406267318656342e-05, -5.20515229889551e-05]
[5.8670412093675406e-05, -7.861994049289389e-05]
[3.43517618453526e-06, -0.0001039560925480687]
[-6.136293486877498e-07, -0.00010246697799928817]
[6.015862515268422e-05, -7.37652395237931e-05]
[-3.2254740132714455e-05, -4.709216590853896e-05]
[3.81834051071811e-05, -1.3658216889395058e-05]
[1.7695006525639267e-05, -7.982314379498257e-06]
[-2.4090740442808678e-05, -2.6733551837607866e-05]
[6.260973685116161e-05, -5.195535726174039e-05]
[-1.9272572264153465e-05, -8.958729340147187e-05]
[2.5265962319678814e-05, -0.00010221167761323424]
[4.3576800733524657e-05, -9.335913814473296e-05]
[-2.9656740804476223e-05, -7.183873096857848e-05]
[5.580485383616107e-05, -3.154031265077337e-05]
[-7.668937116914187e-06, -1.3454302707965882e-05]
[-3.1929615557785285e-06, -1.0635752910270746e-05]
[5.2783334618389244e-05, -2.7247240391325978e-05]
[-3.156018233232971e-05, -6.594170185825199e-05]
[4.723734672356511e-05, -8.842870726948884e-05]
[1.9088409352295554e-05, -0.00010122513850016504]
[-1.4376697361026536e-05, -9.11130828594453e-05]
[6.1017345892325214e-05, -5.558986867687521e-05]
[-2.5631316014421146e-05, -3.077954579538966e-05]
[2.2051816836558824e-05, -7.900584995362836e-06]
[3.2272043332455536e-05, -1.1207169529063588e-05]
[-3.0317101307617e-05, -3.972425114630307e-05]
[5.900271572509275e-05, -6.54136503560887e-05]
[-5.91750354488052e-06, -9.52548740190684e-05]
[8.844067023144886e-06, -9.924635971725326e-05]
[5.257065649521414e-05, -7.853623221956707e-05]
[-3.140947355294299e-05, -5.41976820846897e-05]
[4.4082163397365925e-05, -1.8499498295160288e-05]
[7.179535634421752e-06, -8.036925416815555e-06]
[-1.626556102454768e-05, -1.8287267803979157e-05]
[5.757471257257854e-05, -3.987233993682504e-05]
[-2.431143093910293e-05, -7.750408742579484e-05]
[3.296749574681346e-05, -9.385580955881268e-05]
[3.315290768460266e-05, -9.347354450460477e-05]
[-2.3924098965455443e-05, -7.658150095450622e-05]
[5.670275783981743e-05, -3.861047453261948e-05]
[-1.5071832337405777e-05, -1.8071691752524766e-05]
[6.103699852932909e-06, -7.540315366288963e-06]
[4.3761918114615384e-05, -1.8859204773555294e-05]
[-3.121028448679897e-05, -5.3201714084988305e-05]
[5.080454788795874e-05, -7.669025904364756e-05]
[8.713947062671812e-06, -9.598310097781986e-05]
[-5.761376207377711e-06, -9.139035054467337e-05]
[5.66038525574436e-05, -6.199291477221314e-05]
[-2.8132599415850446e-05, -3.7647509679827884e-05]
[2.9882989226487355e-05, -1.0038485956154197e-05]
[2.1744241764265482e-05, -7.992483305477305e-06]
[-2.5049013885919402e-05, -2.9180506359822306e-05]
[5.735073169478577e-05, -5.296558799389173e-05]
[-1.3480870766593989e-05, -8.55522618497806e-05]
[1.756579076334086e-05, -9.430106002797367e-05]
[4.405796686405075e-05, -8.165733771881012e-05]
[-2.8688709269940327e-05, -6.0480908534520095e-05]
[4.805967117156584e-05, -2.4277718819236405e-05]
[-1.9922360858792842e-06, -9.967728654872166e-06]
[-7.944676058996292e-06, -1.2116226445244016e-05]
[5.114538363126808e-05, -2.9496052299071707e-05]
[-2.7213228988250127e-05, -6.548558890848155e-05]
[3.906319724686358e-05, -8.448596877884407e-05]
[2.2914982995086985e-05, -9.172845970609189e-05]
[-1.713718313470225e-05, -7.973785928354349e-05]
[5.5627823145505684e-05, -4.5492175249167016e-05]
[-2.0496783684972875e-05, -2.3640942901442807e-05]
[1.4778120728850541e-05, -6.608598189489223e-06]
[3.4328799420002554e-05, -1.2677143823927595e-05]
[-2.8974144769502996e-05, -4.1601824377734964e-05]
[5.240179856084992e-05, -6.497538575183162e-05]
[-4.393500845217835e-07, -8.927241760655139e-05]
[2.8296541042388546e-06, -8.985192287858101e-05]
[5.0741646047097744e-05, -6.723146136300429e-05]
[-2.8590307044287777e-05, -4.436764863768872e-05]
[3.62070379954782e-05, -1.36774987605226e-05]
[1.1892144181270548e-05, -6.902256200821445e-06]
[-1.8657781107718485e-05, -2.055715978868493e-05]
[5.3952722856798196e-05, -4.159496997940826e-05]
[-1.9156677833226388e-05, -7.523479209543826e-05]
[2.523981118156271e-05, -8.78961195452388e-05]
[3.503331652777303e-05, -8.30579658255004e-05]
[-2.442291859064763e-05, -6.565696357102926e-05]
[5.011909529387126e-05, -3.05520420648929e-05]
[-9.610932660900073e-06, -1.3396234175899746e-05]
[4.5351470336074673e-07, -8.133212923401578e-06]
[4.369533674733472e-05, -2.0969280306204485e-05]
[-2.8102942693085387e-05, -5.390783496461715e-05]
[4.343590492129901e-05, -7.447777391016847e-05]
[1.323448116299919e-05, -8.827430224499222e-05]
[-9.708573983732705e-06, -8.122917148592479e-05]
[5.279413158454371e-05, -5.181535961768999e-05]
[-2.3948886779069645e-05, -2.9731398854287994e-05]
[2.251038125998528e-05, -7.555070541648279e-06]
[2.4882230690914664e-05, -8.62636706201042e-06]
[-2.5159626584447814e-05, -3.1396304568345745e-05]
[5.213122440227147e-05, -5.3654211518795736e-05]
[-8.146557808147437e-06, -8.140840123674158e-05]
[1.1018623281254525e-05, -8.663547631893032e-05]
[4.378776532600048e-05, -7.110217669945018e-05]
[-2.721676298420017e-05, -5.057423073941136e-05]
[4.088785916613047e-05, -1.8415220251088993e-05]
[3.0238197353538165e-06, -7.665640444525987e-06]
[-1.1543598685888334e-05, -1.3912604016749416e-05]
[4.909223166614518e-05, -3.155666526863388e-05]
[-2.2926269794096288e-05, -6.468236050077847e-05]
[3.162754151428415e-05, -8.033435100174291e-05]
[2.5890128349415065e-05, -8.274840455110843e-05]
[-1.896669411882365e-05, -6.951970783715226e-05]
[5.0338637386307394e-05, -3.691450210012437e-05]
[-1.554492860701695e-05, -1.793233738534017e-05]
[8.551138710191641e-06, -6.184222231100933e-06]
[3.5602617885655e-05, -1.4358177688328366e-05]
[-2.7168052497895945e-05, -4.310098598250822e-05]
[4.6048026457329305e-05, -6.420242068937501e-05]
[4.4270401130253045e-06, -8.331996500945266e-05]
[-2.0327435914652137e-06, -8.105630339676206e-05]
[4.846407166761435e-05, -5.727565345430008e-05]
[-2.550606565153088e-05, -3.5942581249226446e-05]
[2.90500001887406e-05, -1.0058240142080122e-05]
[1.5784169835580952e-05, -6.565746137096595e-06]
[-2.010286744219547e-05, -2.2768927160729535e-05]
[5.015867397158147e-05, -4.305355717054704e-05]
[-1.4258076854040125e-05, -7.272747876362062e-05]
[1.848210756597024e-05, -8.193740383954928e-05]
[3.6108229117856605e-05, -7.348170220386474e-05]
[-2.4271810337178623e-05, -5.5964466045388406e-05]
[4.386754271165638e-05, -2.385391039000373e-05]
[-4.618241672763035e-06, -9.974637939096781e-06]
[-4.093511539053022e-06, -9.231225935839651e-06]
[4.308358950540214e-05, -2.3037353801991234e-05]
[-2.4844002285528966e-05, -5.425459194738358e-05]
[3.6564904383862284e-05, -7.194125939510854e-05]
[1.6990187650473e-05, -8.0811052402735e-05]
[-1.268416940539141e-05, -7.194086528320744e-05]
[4.886154872600634e-05, -4.30005475017016e-05]
[-1.973799381797814e-05, -2.3188388456163445e-05]
[1.6020231459260015e-05, -6.059327803703551e-06]
[2.7235680586240596e-05, -9.656225865156687e-06]
[-2.464628367308125e-05, -3.334108685121295e-05]
[4.6935269231954124e-05, -5.40131132723623e-05]
[-3.2537234280899385e-06, -7.71191785959649e-05]
[5.526066380892591e-06, -7.929141552755203e-05]
[4.293433271568281e-05, -6.16382851230668e-05]
[-2.5309788540033018e-05, -4.1914839149781447e-05]
[3.421819905581602e-05, -1.3774616787837202e-05]
[7.3505360502629236e-06, -6.2980916466851e-06]
[-1.4153904261890449e-05, -1.583217846035101e-05]
[4.6701731169870864e-05, -3.344851000293414e-05]
[-1.8698203578387806e-05, -6.357250680460655e-05]
[2.495734198053757e-05, -7.599963157423062e-05]
[2.8063972888452138e-05, -7.432290833439548e-05]
[-2.0049387064582924e-05, -6.030276629760689e-05]
[4.516105497866241e-05, -2.961348800338548e-05]
[-1.0859972341736857e-05, -1.3497748380553176e-05]
[3.330993901939222e-06, -6.430023163748674e-06]
[3.625765816594323e-05, -1.6154341833996e-05]
[-2.5028800040238774e-05, -4.4279115173240235e-05]
[3.996118003114779e-05, -6.305058544696374e-05]
[8.653427052848772e-06, -7.739013582708232e-05]
[-5.935309230143543e-06, -7.286677550654872e-05]
[4.588487592284418e-05, -4.84973938525775e-05]
[-2.220463557828234e-05, -2.879211943124238e-05]
[2.2589731399361157e-05, -7.504579946485124e-06]
[1.8940844521281308e-05, -6.790356029517941e-06]
[-2.081269189362772e-05, -2.4844390190709165e-05]
[4.619851074551956e-05, -4.423331408008081e-05]
[-9.619843817670892e-06, -6.9956636481662e-05]
[1.26439948868462e-05, -7.606819365381379e-05]
[3.652195837412775e-05, -6.473949425420122e-05]
[-2.3554429968562773e-05, -4.7337874488323495e-05]
[3.7907646026617836e-05, -1.8352343955363448e-05]
[-1.5618194051242318e-07, -7.5816214529320775e-06]
[-7.663004987445987e-06, -1.0628984406638176e-05]
[4.20170341868531e-05, -2.505649636080909e-05]
[-2.1461356156285416e-05, -5.42791840684384e-05]
[3.024603223258232e-05, -6.9096115407008e-05]
[1.999813936121031e-05, -7.364903747636431e-05]
[-1.4864050369822746e-05, -6.342252500223661e-05]
[4.484897243536845e-05, -3.534296721902086e-05]
[-1.5596041433710295e-05, -1.789336862867419e-05]
[1.040455286249048e-05, -5.3670003091668e-06]
[2.894821917121676e-05, -1.0956873161355185e-05]
[-2.3654243594475877e-05, -3.504195508308161e-05]
[4.1795537394070936e-05, -5.399085540723492e-05]
[1.1499632128209036e-06, -7.268031127824481e-05]
[9.365625177754078e-07, -7.231302010964318e-05]
[4.164736354501236e-05, -5.315005993386957e-05]
[-2.302344095114761e-05, -3.4398092049303663e-05]
[2.8050031287307764e-05, -1.0234483034693431e-05]
[1.1031544275591498e-05, -5.628881758895643e-06]
[-1.596653866641623e-05, -1.77642264674871e-05]
[4.399418119467591e-05, -3.514703506485653e-05]
[-1.4550127892934417e-05, -6.213430910632922e-05]
[1.9045556341662495e-05, -7.157090715045888e-05]
[2.9550882344173135e-05, -6.648553853011441e-05]
[-2.0475704211070367e-05, -5.1957008285391515e-05]
[4.007985363816205e-05, -2.3444084222223882e-05]
[-6.531900709517979e-06, -1.014207539308705e-05]
[-9.680863551631003e-07, -7.136709947092035e-06]
[3.638733731692323e-05, -1.80338560647475e-05]
[-2.2606235869443436e-05, -4.5163892179331255e-05]
[3.421571389385786e-05, -6.151944354776395e-05]
[1.2225022077101688e-05, -7.154604398412756e-05]
[-9.03787699907399e-06, -6.522551540105379e-05]
[4.30686210284581e-05, -4.0730069740257946e-05]
[-1.8787807451708938e-05, -2.2822527646571e-05]
[1.6846433220071844e-05, -5.8509484075486284e-06]
[2.147938801746324e-05, -7.429711243456261e-06]
[-2.0937597230707983e-05, -2.678018451357511e-05]
[4.211150975529099e-05, -4.507327502721592e-05]
[-5.305522227258552e-06, -6.69145693289741e-05]
[7.615687189904685e-06, -7.035722163876122e-05]
[3.6416946700496694e-05, -5.6765041930632e-05]
[-2.2328767893792234e-05, -3.969739349771184e-05]
[3.22551057289483e-05, -1.3944607660354436e-05]
[3.7795799495421445e-06, -5.990855857007649e-06]
[-1.0418387254421124e-05, -1.2190332664863135e-05]
[4.05235579842636e-05, -2.6991323732223835e-05]
[-1.7988906211935385e-05, -5.395835068819658e-05]
[2.450937008836862e-05, -6.602270625019613e-05]
[2.2339333262427763e-05, -6.684947992804946e-05]
[-1.633860193475667e-05, -5.5577129844802675e-05]
[4.076046836448688e-05, -2.8718789973541936e-05]
[-1.1633510113143175e-05, -1.3685036361133981e-05]
[5.616456210194576e-06, -5.273138227110397e-06]
[3.010873927229707e-05, -1.2474844380078176e-05]
[-2.2248251406370434e-05, -3.651323982691024e-05]
[3.6798778800743726e-05, -5.3567949774124823e-05]
[5.0208961572539845e-06, -6.815348402450239e-05]
[-2.8881337134009644e-06, -6.567907467901896e-05]
[4.000400706516416e-05, -4.550881962778197e-05]
[-2.0459137566458674e-05, -2.796058503805321e-05]
[2.2426860668001147e-05, -7.652190907994627e-06]
[1.4154381845446484e-05, -5.498711530577127e-06]
[-1.7128201533052334e-05, -1.9676903733917284e-05]
[4.100972737289266e-05, -3.6581250123846054e-05]
[-1.0557040947198337e-05, -6.035186148158067e-05]
[1.3823000128004859e-05, -6.713035749024085e-05]
[3.0478256654118546e-05, -5.921165734526154e-05]
[-2.0301166045608166e-05, -4.442537747378905e-05]
[3.512230874254396e-05, -1.8323914496382043e-05]
[-2.591488913766815e-06, -7.656443292258786e-06]
[-4.477819123729909e-06, -8.1504824500922e-06]
[3.602138604620608e-05, -1.9951024322820057e-05]
[-1.9942617903077886e-05, -4.572696646057807e-05]
[2.887159218167845e-05, -5.967357447389521e-05]
[1.5188451400333092e-05, -6.586599350094646e-05]
[-1.1425254541397312e-05, -5.806434814070727e-05]
[4.003274360209891e-05, -3.3872046317717786e-05]
[-1.5379118766513378e-05, -1.7908036187026972e-05]
[1.1809240493716733e-05, -4.904091955495321e-06]
[2.347847518065216e-05, -8.412918108408052e-06]
[-2.0550570896366027e-05, -2.8575520651941133e-05]
[3.798935579398671e-05, -4.553370775209342e-05]
[-1.3830991398879056e-06, -6.36543370121645e-05]
[3.2839335174159046e-06, -6.481130516640746e-05]
[3.5874944712799284e-05, -4.946500201609416e-05]
[-2.0690376796750343e-05, -3.3007574820789753e-05]
[2.6971099650330288e-05, -1.0513873153653736e-05]
[7.245909048277099e-06, -5.0380580204623104e-06]
[-1.2495652830755988e-05, -1.385854216282012e-05]
[3.8639258287606615e-05, -2.8761753008477164e-05]
[-1.4508252823675072e-05, -5.3264859369947515e-05]
[1.9323287011582813e-05, -6.280696187304508e-05]
[2.4120542260613886e-05, -6.0421163426383276e-05]
[-1.715692747285974e-05, -4.8367321633352445e-05]
[3.663000357093105e-05, -2.3066399628651757e-05]
[-7.910739380098675e-06, -1.0377893658972126e-05]
[1.557868876178592e-06, -5.614199017622834e-06]
[3.0744237970350974e-05, -1.4155821108120803e-05]
[-2.047448953780215e-05, -3.771956079213698e-05]
[3.202709058580666e-05, -5.278834349259354e-05]
[8.372403542067364e-06, -6.362449298441542e-05]
[-6.0231304935959296e-06, -5.934543774296919e-05]
[3.8029529627156555e-05, -3.8634736222509236e-05]
[-1.7746129066506522e-05, -2.2512055603003678e-05]
[1.7369512561815625e-05, -5.8523273401582185e-06]
[1.6783632182992836e-05, -5.8240998954406376e-06]
[-1.7714189082473908e-05, -2.1554225881958988e-05]
[3.783829111013437e-05, -3.7691731404054796e-05]
[-6.805934309662975e-06, -5.826415576837274e-05]
[9.202895841380065e-06, -6.270457554141858e-05]
[3.092578817676106e-05, -5.2439442600173136e-05]
[-1.961079298880286e-05, -3.7696937516512596e-05]
[3.0361306002715804e-05, -1.416337928891731e-05]
[9.883857199077806e-07, -5.878804489600764e-06]
[-7.318174254759141e-06, -9.394405409340889e-06]
[3.518793442854051e-05, -2.1818685733858423e-05]
[-1.7121243995735225e-05, -4.592823184020739e-05]
[2.3930262535526436e-05, -5.759460602509231e-05]
[1.7626374929434474e-05, -6.038382152963838e-05]
[-1.3137173424253995e-05, -5.136194718852183e-05]
[3.681324749809506e-05, -2.788171503068093e-05]
[-1.206207747651844e-05, -1.3890701486732326e-05]
[7.413677470799462e-06, -4.498278990336391e-06]
[2.4959014274801572e-05, -9.67949944560495e-06]
[-1.969761496606326e-05, -3.0187430469863843e-05]
[3.3928475273864445e-05, -4.5635155458606524e-05]
[2.130220107462999e-06, -6.026090687258345e-05]
[-4.139343656173189e-07, -5.9405238575477304e-05]
[3.492414468071747e-05, -4.277984624634357e-05]
[-1.8767354498180205e-05, -2.72120695057334e-05]
[2.2102757229684744e-05, -7.907311819626683e-06]
[1.0291098672871035e-05, -4.632161077461339e-06]
[-1.396740870321378e-05, -1.5603681090797794e-05]
[3.644652168724449e-05, -3.0290651729825147e-05]
[-1.1119501223198769e-05, -5.2219944063763846e-05]
[1.462729073726729e-05, -5.948764569062726e-05]
[2.5414169084053695e-05, -5.432913823300023e-05]
[-1.738985431065654e-05, -4.180245064726307e-05]
[3.2536238106339876e-05, -1.8323480358795052e-05]
[-4.42788636079855e-06, -7.818339901127791e-06]
[-1.8715556264680897e-06, -6.29832433651778e-06]
[3.0872052410542417e-05, -1.590832024534264e-05]
[-1.841331764673715e-05, -3.8607789320223296e-05]
[2.750953938172873e-05, -5.172305030026747e-05]
[1.1261460360553754e-05, -5.9144136908363676e-05]
[-8.496875925311648e-06, -5.3302819552542013e-05]
[3.5757804949722305e-05, -3.250447095573539e-05]
[-1.4984303506479502e-05, -1.792456045755786e-05]
[1.2845377570874783e-05, -4.673813558259132e-06]
[1.893195903379663e-05, -6.5412935423905805e-06]
[-1.7766776732298928e-05, -2.33462045731523e-05]
[3.458315822278679e-05, -3.847472370263616e-05]
[-3.3404889143440197e-06, -5.594846525086572e-05]
[5.136462553193e-06, -5.8282227583361657e-05]
[3.092050655958967e-05, -4.612730248336472e-05]
[-1.852544331171213e-05, -3.174633998230883e-05]
[2.5864248253040095e-05, -1.083549075085559e-05]
[4.239002057968011e-06, -4.7153199255745015e-06]
[-9.555130585883753e-06, -1.0826805139446671e-05]
[3.3957171058543456e-05, -2.354507905000247e-05]
[-1.4249314477396413e-05, -4.576914843099078e-05]
[1.935595719372487e-05, -5.532676707022295e-05]
[1.9600116941527468e-05, -5.508633822972307e-05]
[-1.4227714258047142e-05, -4.514323788776253e-05]
[3.348897813613971e-05, -2.2722849013889768e-05]
[-8.86051611766192e-06, -1.0630389528698547e-05]
[3.5810003898781306e-06, -4.532203547541469e-06]
[2.5925838505476417e-05, -1.1136824681564489e-05]
[-1.8452040137562076e-05, -3.15507986277698e-05]
[2.997952626745959e-05, -4.543345192641046e-05]
[5.265826701877918e-06, -5.679455137376499e-05]
[-3.494192079841335e-06, -5.413771814932744e-05]
[3.3592802693906826e-05, -3.670198721966722e-05]
[-1.6669191928386784e-05, -2.2213747188744998e-05]
[1.7646256410583372e-05, -5.974362572117031e-06]
[1.291852747944966e-05, -4.709130011965046e-06]
[-1.4869373110619477e-05, -1.7370165324315928e-05]
[3.40486733933186e-05, -3.155069825774848e-05]
[-7.887852466970102e-06, -5.08878711841243e-05]
[1.0386784912580493e-05, -5.606252928731792e-05]
[2.624290900450632e-05, -4.8546797933146646e-05]
[-1.714591326605619e-05, -3.588421815510327e-05]
[2.856055340864916e-05, -1.4390655081816459e-05]
[-1.1701735655525458e-06, -5.914120226491182e-06]
[-4.728331965145327e-06, -7.274920896152559e-06]
[3.054672120877955e-05, -1.762979372715856e-05]
[-1.6173220855827952e-05, -3.9159126949961376e-05]
[2.323245942264726e-05, -5.0416125615734136e-05]
[1.3735907560947364e-05, -5.4715738793622085e-05]
[-1.0345283398049965e-05, -4.758680799188397e-05]
[3.326287301429198e-05, -2.710561825669533e-05]
[-1.2216799894965158e-05, -1.4075168232763335e-05]
[8.797837241232564e-06, -4.0112163569860915e-06]
[2.0591052328686882e-05, -7.5598167564323165e-06]
[-1.7348830232875867e-05, -2.4977716942195527e-05]
[3.131036033973689e-05, -3.896798999980522e-05]
[-1.5340137990427216e-07, -5.3467902819667734e-05]
[1.6195412733607806e-06, -5.386612664892709e-05]
[3.048236719051245e-05, -4.0280325429270514e-05]
[-1.7157784887436578e-05, -2.6506610337042116e-05]
[2.1652018780321525e-05, -8.204919279553025e-06]
[7.154396873348956e-06, -4.104525086201516e-06]
[-1.1215822534077491e-05, -1.238851550734374e-05]
[3.242653185855579e-05, -2.5081389872366744e-05]
[-1.1408074300334192e-05, -4.529723088675386e-05]
[1.5127592150415703e-05, -5.287267000508855e-05]
[2.112581697938376e-05, -4.995864210725898e-05]
[-1.4789130950015883e-05, -3.943227962027035e-05]
[3.0149076868650482e-05, -1.8324041199613283e-05]
[-5.774664709249505e-06, -8.040135474396415e-06]
[2.6591506560591505e-07, -4.949483986493863e-06]
[2.6415625733050563e-05, -1.2675840479384193e-05]
[-1.6918293889500724e-05, -3.262742243741179e-05]
[2.6147570985429747e-05, -4.4967996482553514e-05]
[8.056941081167196e-06, -5.327000750840385e-05]
[-5.974260441056478e-06, -4.905014381040296e-05]
[3.194595139567602e-05, -3.12397123339303e-05]
[-1.4453551565929423e-05, -1.790931952801167e-05]
[1.3566375781065565e-05, -4.6103533750396775e-06]
[1.510707973021233e-05, -5.183821614808057e-06]
[-1.5251410142538835e-05, -1.9075533214233525e-05]
[3.152103922782201e-05, -3.2560235895859324e-05]
[-4.827497661286095e-06, -4.9328989992533656e-05]
[6.608848275184431e-06, -5.253505003213754e-05]
[2.6616600933827145e-05, -4.308850178577628e-05]
[-1.6535147206328538e-05, -3.0573889674746085e-05]
[2.474379316247388e-05, -1.115129800286635e-05]
[1.8478567747892694e-06, -4.6088522897280715e-06]
[-7.029814458200945e-06, -8.483589989477514e-06]
[2.9854921163755682e-05, -1.9253047152834046e-05]
[-1.3845836312247062e-05, -3.940210473465933e-05]
[1.9186839954166146e-05, -4.887140634192086e-05]
[1.5804033516170213e-05, -5.0332728989549436e-05]
[-1.164158600244769e-05, -4.2238684781932545e-05]
[3.063578240680709e-05, -2.2393824546693836e-05]
[-9.456642119173506e-06, -1.0885136794674954e-05]
[5.193572130121615e-06, -3.805539595336249e-06]
[2.177872710139306e-05, -8.768533871751638e-06]
[-1.6556142407461727e-05, -2.639312275427852e-05]
[2.8039858012862684e-05, -3.92029695866318e-05]
[2.77389953973195e-06, -5.0843899553970444e-05]
[-1.3474752250108857e-06, -4.949892696134994e-05]
[2.9664110357457973e-05, -3.4923735164449354e-05]
[-1.557511941835399e-05, -2.1895302553517904e-05]
[1.770904755596381e-05, -6.172003305104923e-06]
[9.701828854669775e-06, -3.96945484546548e-06]
[-1.2335457924148724e-05, -1.3992841171671377e-05]
[3.067496950884263e-05, -2.642655430630525e-05]
[-8.629820024197432e-06, -4.4565592743406324e-05]
[1.1261933966666415e-05, -5.023341052740049e-05]
[2.220225530148029e-05, -4.5020847845217427e-05]
[-1.4923867549660602e-05, -3.421564551568668e-05]
[2.684926070584126e-05, -1.4589584050785781e-05]
[-2.826244987208515e-06, -6.070667522173334e-06]
[-2.5387600172538383e-06, -5.690943860853226e-06]
[2.6500579675452218e-05, -1.4214818504831861e-05]
[-1.5192882229012744e-05, -3.342601733824502e-05]
[2.2433677462331547e-05, -4.424097199100946e-05]
[1.0503559549998598e-05, -4.968577844755018e-05]
[-7.906813563593462e-06, -4.4195722377488034e-05]
[3.007129581221457e-05, -2.6373708804077606e-05]
[-1.2143570871099574e-05, -1.423036793263277e-05]
[9.8416417132971e-06, -3.756669957361014e-06]
[1.6855827487852193e-05, -5.947317754315118e-06]
[-1.5196902571845694e-05, -2.0649538673353507e-05]
[2.8894463930326242e-05, -3.334058289321609e-05]
[-1.9336224451604878e-06, -4.756726106134451e-05]
[3.3101359520476548e-06, -4.8945042958437046e-05]
[2.657339246515955e-05, -3.799226341914819e-05]
[-1.5629779664974586e-05, -2.580992749040556e-05]
[2.108752160343008e-05, -8.51422804871993e-06]
[4.583697729158148e-06, -3.836103157289035e-06]
[-8.795809457173842e-06, -9.83670263023182e-06]
[2.887419140027575e-05, -2.075876941021182e-05]
[-1.1477673466750438e-05, -3.937929740584212e-05]
[1.5397085514179398e-05, -4.7085309363467664e-05]
[1.745344979590946e-05, -4.6017552204263845e-05]
[-1.247661946366524e-05, -3.726663933039786e-05]
[2.7941985971842442e-05, -1.829530389303377e-05]
[-6.730886347824927e-06, -8.313760452419161e-06]
[2.0352320038302674e-06, -4.001189855523668e-06]
[2.2550187473414918e-05, -1.0075465937842143e-05]
[-1.5484949269100462e-05, -2.758173064054681e-05]
[2.4780456555545394e-05, -3.917808800638252e-05]
[5.433424200104731e-06, -4.807705713141125e-05]
[-3.7963125824741484e-06, -4.524055969028912e-05]
[2.8545627125189932e-05, -3.006036076811866e-05]
[-1.380778645564476e-05, -1.7855587507831228e-05]
[1.4024841653834802e-05, -4.681157859065532e-06]
[1.1862739295542823e-05, -4.2073614437906914e-06]
[-1.29822112832495e-05, -1.555837201787369e-05]
[2.874025205125419e-05, -2.7590667938240387e-05]
[-5.9218839699379244e-06, -4.359723714193048e-05]
[7.789638952607203e-06, -4.744256311456363e-05]
[2.285168402620108e-05, -4.0319455331561116e-05]
[-1.4704737999957085e-05, -2.945178660331005e-05]
[2.360518475194584e-05, -1.1439389775325104e-05]
[-6.516849074267306e-08, -4.6678368974435724e-06]
[-4.837552320833757e-06, -6.671295330249599e-06]
[2.625256840715212e-05, -1.5718274339299176e-05]
[-1.333240281958803e-05, -3.397646446370861e-05]
[1.8867515528181444e-05, -4.324246474486648e-05]
[1.2582764868866725e-05, -4.6063477408320175e-05]
[-9.368107182525925e-06, -3.960006927454171e-05]
[2.803908962618895e-05, -2.205200295053375e-05]
[-9.769537007681128e-06, -1.1145595124689711e-05]
[6.483562679987509e-06, -3.3634049390468546e-06]
[1.82016107854871e-05, -6.901833891487241e-06]
[-1.4797265160571005e-05, -2.2063540974837093e-05]
[2.618299639440408e-05, -3.3885070905010153e-05]
[7.787173880169362e-07, -4.560282629641199e-05]
[4.792154136845639e-07, -4.535428414061127e-05]
[2.61817911252904e-05, -3.3279495464666464e-05]
[-1.4464418413181329e-05, -2.1547566369295446e-05]
[1.7590789675260565e-05, -6.429065250529442e-06]
[7.00310349754929e-06, -3.5027222606114072e-06]
[-1.0077480422573948e-05, -1.1245485849180337e-05]
[2.7645514194235554e-05, -2.214567061878392e-05]
[-9.086090546707448e-06, -3.9110012254551726e-05]
[1.1905062185152415e-05, -4.508244177939269e-05]
[1.8690170554822028e-05, -4.182095014915177e-05]
[-1.2920010097755563e-05, -3.264738112932625e-05]
[2.520789423489378e-05, -1.4742795060931901e-05]
[-4.094170939987485e-06, -6.3202611079570675e-06]
[-6.673397738611586e-07, -4.518278233566625e-06]
[2.2968254005974187e-05, -1.1431702208825056e-05]
[-1.4197822630429568e-05, -2.8559652135773383e-05]
[2.1564570219179124e-05, -3.8876148104688424e-05]
[7.793004008757598e-06, -4.5185401495353994e-05]
[-5.786728287056342e-06, -4.112962753771666e-05]
[2.7197449122204342e-05, -2.5658956978693464e-05]
[-1.1887117441114481e-05, -1.4365808377436728e-05]
[1.0618291068090202e-05, -3.689881722251931e-06]
[1.3655326127903766e-05, -4.719015160137285e-06]
[-1.323886274300079e-05, -1.7040810978474763e-05]
[2.6639200816212794e-05, -2.8561351186793052e-05]
[-3.3050023646105653e-06, -4.238979493391415e-05]
[4.718007927492773e-06, -4.4559376312050536e-05]
[2.3128623350410216e-05, -3.589047457062955e-05]
[-1.4167838995493565e-05, -2.5107764773574237e-05]
[2.0423606036761022e-05, -8.829911283592118e-06]
[2.4612245374672215e-06, -3.7508591108990214e-06]
[-6.663794249864297e-06, -7.798326497408803e-06]
[2.5712487995335764e-05, -1.7174161775018737e-05]
[-1.1361809223786601e-05, -3.429240895313351e-05]
[1.549902749338819e-05, -4.198619947104465e-05]
[1.428487277883167e-05, -4.245409477196538e-05]
[-1.0421471620725153e-05, -3.525580148371066e-05]
[2.5883085397013228e-05, -1.822103967523414e-05]
[-7.388001380517761e-06, -8.627995674956312e-06]
[3.5147729494852675e-06, -3.3587510927420017e-06]
[1.9195751400278432e-05, -7.988215885906813e-06]
[-1.4117147986963952e-05, -2.33197762946058e-05]
[2.341928938236204e-05, -3.416894059185549e-05]
[3.269883177045574e-06, -4.34478808324229e-05]
[-1.926272749586122e-06, -4.180990758494846e-05]
[2.5508658636945805e-05, -2.893778911094904e-05]
[-1.3069325388886943e-05, -1.7774451551294534e-05]
[1.4278026894284923e-05, -4.861965995583972e-06]
[9.106323658344961e-06, -3.5120998173043816e-06]
[-1.0945993938395182e-05, -1.2652892329434451e-05]
[2.6186183182525663e-05, -2.3395683206450454e-05]
[-6.695805779777242e-06, -3.8587876314211816e-05]
[8.734506783986129e-06, -4.291580220612545e-05]
[1.9553104503466923e-05, -3.778934153372826e-05]
[-1.3006860708680845e-05, -2.8358958773511134e-05]
[2.2445899008780024e-05, -1.1700630944938561e-05]
[-1.6038815590230238e-06, -4.838246490935366e-06]
[-2.929749850180685e-06, -5.264986493860174e-06]
[2.3070958500182037e-05, -1.281569834454821e-05]
[-1.272475719459043e-05, -2.9333658102991683e-05]
[1.844692754351951e-05, -3.8298883473147916e-05]
[9.828565735572892e-06, -4.2216591448179797e-05]
[-7.373385630463081e-06, -3.717187770834948e-05]
[2.5657366598652587e-05, -2.1679766172261195e-05]
[-9.868795649181639e-06, -1.1412470418477316e-05]
[7.522705587799383e-06, -3.1366358810985817e-06]
[1.5117882990599296e-05, -5.438413409802889e-06]
[-1.316863013026831e-05, -1.8429245674495e-05]
[2.4402360637637566e-05, -2.9306620472124845e-05]
[-8.241452342100386e-07, -4.094796904734188e-05]
[2.022038899804346e-06, -4.163524660554842e-05]
[2.3093008258031483e-05, -3.1737816426663686e-05]
[-1.334045371959719e-05, -2.1179687833994265e-05]
[1.7332431526129177e-05, -6.7366978419580725e-06]
[4.736755639278556e-06, -3.229343490840364e-06]
[-8.074941020841386e-06, -9.005537496997729e-06]
[2.489609345349489e-05, -1.855928744355379e-05]
[-9.30794102609045e-06, -3.436255446402723e-05]
[1.2365533553049257e-05, -4.051595141071895e-05]
[1.563250380960668e-05, -3.891027686364623e-05]
[-1.1098934277677108e-05, -3.115063562389442e-05]
[2.361916165376926e-05, -1.485350345620251e-05]
[-5.063083191009232e-06, -6.6268133579582694e-06]
[9.364554029653305e-07, -3.6548399809516185e-06]
[1.9871232772875058e-05, -9.177139140961743e-06]
[-1.3189074134056789e-05, -2.4417630430734194e-05]
[2.0659586718388412e-05, -3.418160721863073e-05]
[5.503355371607593e-06, -4.1143711617258605e-05]
[-3.950713019312824e-06, -3.832777645782284e-05]
[2.4592783775451155e-05, -2.4940583574613318e-05]
[-1.1496717086875718e-05, -1.4489727481331593e-05]
[1.1190717716859366e-05, -3.7632668615228404e-06]
[1.0917969545630457e-05, -3.794788753119782e-06]
[-1.1460137885839494e-05, -1.4036263524613846e-05]
[2.452256954521559e-05, -2.447047041166661e-05]
[-4.354774511883264e-06, -3.780905483313779e-05]
[5.876904595428223e-06, -4.0637139900365216e-05]
[2.0092763129829494e-05, -3.394000529174414e-05]
[-1.2759874749874306e-05, -2.4404693274276967e-05]
[1.9685244059541862e-05, -9.153961026589497e-06]
[7.095568251985762e-07, -3.7865498578454337e-06]
[-4.794525813714423e-06, -6.168840224696215e-06]
[2.2870882185568875e-05, -1.420011969751906e-05]
[-1.109283121291521e-05, -2.9887164255461805e-05]
[1.5475212533207217e-05, -3.747867685927053e-05]
[1.1546641262544233e-05, -3.92255147553533e-05]
[-8.58362453488859e-06, -3.336303235203231e-05]
[2.3942659621870033e-05, -1.8103758156390315e-05]
[-7.820284836916602e-06, -8.960917208730539e-06]
[4.7544133909352415e-06, -2.9406298244424867e-06]
[1.6276786518665265e-05, -6.330461565923207e-06]
[-1.2804233026783574e-05, -1.9715786884373643e-05]
[2.2084396855109878e-05, -2.9803968474406695e-05]
[1.4741447035351851e-06, -3.930426463163994e-05]
[-3.3150474143539554e-07, -3.8693078153182944e-05]
[2.2781972510668713e-05, -2.7846942606782332e-05]
[-1.2269041904974798e-05, -1.767794029443326e-05]
[1.4378589155927823e-05, -5.122944640806315e-06]
[6.772495072446955e-06, -3.0336352326298943e-06]
[-9.122950398197938e-06, -1.0260434593067913e-05]
[2.382389160225651e-05, -1.983026280414496e-05]
[-7.219331806543328e-06, -3.417409880182576e-05]
[9.473442700101697e-06, -3.8880407982236354e-05]
[1.666503523285734e-05, -3.5459471622728556e-05]
[-1.141740026937288e-05, -2.7293552225526874e-05]
[2.12758112109121e-05, -1.1943843529815812e-05]
[-2.83678748685956e-06, -5.072430026051289e-06]
[-1.2786152912558357e-06, -4.176687444706895e-06]
[2.0236257523530143e-05, -1.0438410635384837e-05]
[-1.203858005328906e-05, -2.533537539285355e-05]
[1.795853512658041e-05, -3.3942710349621485e-05]
[7.4705501419969345e-06, -3.87438155824843e-05]
[-5.615648849044419e-06, -3.490974768752264e-05]
[2.3450943379549338e-05, -2.127659347048172e-05]
[-9.814106433359004e-06, -1.1674560554696123e-05]
[8.358126362687651e-06, -3.0618401361068998e-06]
[1.2456874898245096e-05, -4.312069005932284e-06]
[-1.1650787141270769e-05, -1.5381065374978076e-05]
[2.2704978847425117e-05, -2.5336634375830447e-05]
[-2.1168192167429767e-06, -3.679554483412839e-05]
[3.3103448487947773e-06, -3.8273421240627575e-05]
[2.03424438199179e-05, -3.0268809218525483e-05]
[-1.2217872731923318e-05, -2.080438483663405e-05]
[1.6975491793330688e-05, -7.079188361326649e-06]
[2.844502890231304e-06, -3.0982329956574794e-06]
[-6.3050383843007984e-06, -7.1897616273353115e-06]
[2.238141742755273e-05, -1.5538142732585136e-05]
[-9.348824212634943e-06, -3.0198556078026018e-05]
[1.2668652709380002e-05, -3.645833266494036e-05]
[1.2974535667890918e-05, -3.624651864416947e-05]
[-9.427759770981592e-06, -2.9715986106876313e-05]
[2.2079151114053064e-05, -1.4933920933546396e-05]
[-5.792197224449569e-06, -6.9546791714447664e-06]
[2.301098213142172e-06, -3.027651598055958e-06]
[1.713511014666408e-05, -7.3635653150237734e-06]
[-1.2168091848032553e-05, -2.087414743421126e-05]
[1.9743511098881117e-05, -3.0059735851434288e-05]
[3.5677877533377145e-06, -3.750763624087161e-05]
[-2.3577652528000703e-06, -3.573891337958768e-05]
[2.221015872979487e-05, -2.421338051561417e-05]
[-1.1018113572677096e-05, -1.4598564317279752e-05]
[1.160165954939077e-05, -3.929150439434086e-06]
[8.579385157816977e-06, -3.1235251740507897e-06]
[-9.835182218920213e-06, -1.154287571115964e-05]
[2.2539467989003692e-05, -2.0944359753360953e-05]
[-5.154180044299184e-06, -3.373750560317634e-05]
[6.811734831618094e-06, -3.710784806098665e-05]
[1.741027014283414e-05, -3.2106031589965514e-05]
[-1.1406645584924324e-05, -2.3711633395845366e-05]
[1.890248718650067e-05, -9.481409402073426e-06]
[-7.220750704514667e-07, -3.903124036780392e-06]
[-3.1641180979515016e-06, -4.879060554879855e-06]
[2.0296330642669003e-05, -1.17235836609806e-05]
[-1.0708553650609631e-05, -2.6043267331007924e-05]
[1.5345693042151387e-05, -3.348700437164759e-05]
[9.186487974530144e-06, -3.6286258562886337e-05]
[-6.9244548113849e-06, -3.157080582916194e-05]
[2.2104636509805153e-05, -1.795619300229423e-05]
[-8.077606154045791e-06, -9.28649892103367e-06]
[5.781785195529965e-06, -2.687203807930083e-06]
[1.3720683442887405e-05, -5.032457928572098e-06]
[-1.1535958941578939e-05, -1.665739142644833e-05]
[2.0791910793974133e-05, -2.5987399923182997e-05]
[-1.539086213336871e-08, -3.558918028383207e-05]
[1.0262127515953123e-06, -3.583296450421908e-05]
[2.0313364046092852e-05, -2.6776865246339043e-05]
[-1.1439677310747659e-05, -1.7567429922617922e-05]
[1.4363667557722518e-05, -5.4297394030010035e-06]
[4.804186967508062e-06, -2.733603009882901e-06]
[-7.48388255376875e-06, -8.303324798106249e-06]
[2.1637570020743846e-05, -1.6779674984757076e-05]
[-7.552399147341127e-06, -3.026642388476164e-05]
[1.002616841359015e-05, -3.526502728901353e-05]
[1.4133442145264352e-05, -3.329034950017972e-05]
[-9.925634635407632e-06, -2.6262782147484787e-05]
[2.0113634324234186e-05, -1.2171729682472487e-05]
[-3.806994954551335e-06, -5.3392490555331795e-06]
[1.3924877468284025e-07, -3.349770023558518e-06]
[1.769018433283795e-05, -8.489542239802084e-06]
[-1.129735984060215e-05, -2.186758690321533e-05]
[1.741688143822029e-05, -3.009913892096372e-05]
[5.459958026025891e-06, -3.5596914195166335e-05]
[-4.053258550944933e-06, -3.278803116274487e-05]
[2.1393426708395807e-05, -2.085343124774708e-05]
[-9.646201737337212e-06, -1.1913292353345206e-05]
[9.015415942517646e-06, -3.091086396025955e-06]
[1.0149760677279074e-05, -3.4691039665912804e-06]
[-1.0224306727757426e-05, -1.2820535191511093e-05]
[2.109865007975109e-05, -2.1882525960165156e-05]
[-3.1548287040134015e-06, -3.308554131010999e-05]
[4.378019446235615e-06, -3.520709787774301e-05]
[1.7875090064761734e-05, -2.885522999696022e-05]
[-1.111758462127993e-05, -2.0425647877844386e-05]
[1.655069069791959e-05, -7.433187413927525e-06]
[1.277200900762221e-06, -3.081493545331604e-06]
[-4.737074873042979e-06, -5.734742474644561e-06]
[2.007656840730121e-05, -1.2977442384112803e-05]
[-9.257342217121323e-06, -2.6528323450278335e-05]
[1.2828567098506494e-05, -3.283855999374049e-05]
[1.0665168377881062e-05, -3.378604779213793e-05]
[-7.88668165244144e-06, -2.83455697180357e-05]
[2.059574744611714e-05, -1.4991677314959984e-05]
[-6.317075712400366e-06, -7.2797009383757105e-06]
[3.4482485799514073e-06, -2.5910810202700585e-06]
[1.4698732531188974e-05, -5.909887715175796e-06]
[-1.1145600200018757e-05, -1.7822993652025915e-05]
[1.8825379627579464e-05, -2.6437627867706426e-05]
[1.941830860580085e-06, -3.422694023495071e-05]
[-9.656281268546896e-07, -3.332967271073295e-05]
[2.001481702934918e-05, -2.3484730113432217e-05]
[-1.0483330140372005e-05, -1.4679266891493362e-05]
[1.1873762387829001e-05, -4.149649206412753e-06]
[6.576127851404268e-06, -2.6656421355242266e-06]
[-8.337812517855703e-06, -9.476145452429197e-06]
[2.068992111909848e-05, -1.7894777260385464e-05]
[-5.752107720038979e-06, -3.0113175231605283e-05]
[7.5509273967239166e-06, -3.390655160438044e-05]
[1.5025390152134666e-05, -3.0364925037912327e-05]
[-1.0118564066262381e-05, -2.3033244192005586e-05]
[1.8099164714208138e-05, -9.797718655129087e-06]
[-1.8746290654687858e-06, -4.080985515991786e-06]
[-1.7422116558862832e-06, -3.8785265316920725e-06]
[1.7956495978563303e-05, -9.650437415242852e-06]
[-1.0246540805371185e-05, -2.2672419800556787e-05]
[1.5118960177980256e-05, -2.9941599437844323e-05]
[7.157373635378536e-06, -3.35893059467832e-05]
[-5.417395749475473e-06, -2.987529275544354e-05]
[2.036688961619404e-05, -1.7788511278107877e-05]
[-8.188310420702283e-06, -9.585839903611393e-06]
[6.615870926207634e-06, -2.56226735971532e-06]
[1.1465576101949565e-05, -4.0281302224783044e-06]
[-1.0312016474056662e-05, -1.4047399231414959e-05]
[1.9545571101481363e-05, -2.264908245235009e-05]
[-1.2383751938627174e-06, -3.2251140356466534e-05]
[2.1877155495508838e-06, -3.318922212718067e-05]
[1.8061707706060193e-05, -2.573009509024282e-05]
[-1.0605144745171047e-05, -1.743369792643959e-05]
[1.4252328864421127e-05, -5.752928862869794e-06]
[3.144543690977719e-06, -2.58451339834459e-06]
[-5.998137072020515e-06, -6.710712710095851e-06]
[1.9620209520506554e-05, -1.4160984322775239e-05]
[-7.736963742531466e-06, -2.6801949614102538e-05]
[1.0414933167543494e-05, -3.200287565249815e-05]
[1.1903638512764103e-05, -3.1252231305553546e-05]
[-8.532919552439733e-06, -2.527039550084126e-05]
[1.8976141599378465e-05, -1.2376524543470865e-05]
[-4.5473204043720156e-06, -5.625400494813082e-06]
[1.3523485976052463e-06, -2.745275500135036e-06]
[1.5394701839643865e-05, -6.886064681008164e-06]
[-1.0528194713185779e-05, -1.8844835006665006e-05]
[1.682497386660403e-05, -2.6701028197012935e-05]
[3.7546347196083796e-06, -3.272634165668066e-05]
[-2.655075745816582e-06, -3.0796474429342635e-05]
[1.9473730388713806e-05, -2.042095383560094e-05]
[-9.386706789155097e-06, -1.2113515445014156e-05]
[9.51022270439389e-06, -3.1960594808477794e-06]
[8.13587766636259e-06, -2.857422580583146e-06]
[-8.879669466905354e-06, -1.0660331256027392e-05]
[1.9582192452009817e-05, -1.8877617791665524e-05]
[-3.972704719829023e-06, -2.9765984573590365e-05]
[5.262802414890411e-06, -3.238994215387647e-05]
[1.5645413203382863e-05, -2.7493945921969187e-05]
[-1.0056121374960036e-05, -2.0036631812887784e-05]
[1.6073120869035395e-05, -7.77623409024819e-06]
[-1.4579231738531817e-08, -3.16168576296183e-06]
[-3.3380132498511683e-06, -4.582655829254989e-06]
[1.796837595499992e-05, -1.0800315676517958e-05]
[-9.068450614699297e-06, -2.3289021071182248e-05]
[1.2860982703852275e-05, -2.958939226991794e-05]
[8.652325975536113e-06, -3.149356504802969e-05]
[-6.469490313548709e-06, -2.7040987589536936e-05]
[1.9178765459315628e-05, -1.5023921021782571e-05]
[-6.6626981768437565e-06, -7.593051398441242e-06]
[4.40336752984688e-06, -2.3161313189856703e-06]
[1.2520055033791999e-05, -4.744270460529942e-06]
[-1.0139024752858772e-05, -1.5182807709110402e-05]
[1.7903089703272257e-05, -2.3251440107783725e-05]
[5.887597757867069e-07, -3.1250486421827324e-05]
[2.5939739412006446e-07, -3.10832908790859e-05]
[1.7987933727897643e-05, -2.2764143278897198e-05]
[-9.907894205282708e-06, -1.4719149603242832e-05]
[1.2018939605118462e-05, -4.402873198056101e-06]
[4.850381099649054e-06, -2.3817638915831028e-06]
[-6.9511518677664585e-06, -7.75912680883381e-06]
[1.8968320319501242e-05, -1.5259102122161528e-05]
[-6.177866470752358e-06, -2.6884350668693324e-05]
[8.12781545148078e-06, -3.09820883410139e-05]
[1.289004972760549e-05, -2.870746017001602e-05]
[-8.9055994939094e-06, -2.2363839568950022e-05]
[1.7286209379477335e-05, -1.0085993692579565e-05]
[-2.7896192422299793e-06, -4.31074218106009e-06]
[-4.952400046720484e-07, -3.121554638184365e-06]
[1.5833004166312947e-05, -7.910430583360495e-06]
[-9.734878964912097e-06, -1.971278513576702e-05]
[1.4804128716461307e-05, -2.6776065176413802e-05]
[5.411093759226382e-06, -3.109458187178227e-05]
[-4.0501691595667966e-06, -2.8275038337119418e-05]
[1.8732591950940125e-05, -1.7601111420798704e-05]
[-8.170057796338948e-06, -9.852984712566126e-06]
[7.278204175262953e-06, -2.5452126648783935e-06]
[9.46702952534656e-06, -3.256665391256075e-06]
[-9.141120954556103e-06, -1.1809593198110202e-05]
[1.833869296851559e-05, -1.972916907612768e-05]
[-2.2258143378764417e-06, -2.923836423669897e-05]
[3.1874591586503187e-06, -3.07388072245951e-05]
[1.600176703559636e-05, -2.471365875890419e-05]
[-9.775581195387018e-06, -1.7265454145654058e-05]
[1.4052574194949041e-05, -6.075682725092957e-06]
[1.7399510282012365e-06, -2.558291732060111e-06]
[-4.643301850279502e-06, -5.41622670336946e-06]
[1.7762353896187688e-05, -1.1916066792155844e-05]
[-7.797181094192085e-06, -2.3729923662341168e-05]
[1.0667703810016138e-05, -2.9039227856686445e-05]
[9.926738661805712e-06, -2.932973008373807e-05]
[-7.243535171464963e-06, -2.4310870697724467e-05]
[1.7870097853103784e-05, -1.254562653392726e-05]
[-5.091190946368562e-06, -5.927625838619832e-06]
[2.393182976304087e-06, -2.3285721361676615e-06]
[1.3327234606404226e-05, -5.5647077966958225e-06]
[-9.752599954851449e-06, -1.6207127715023306e-05]
[1.6185554748734954e-05, -2.3684007581131414e-05]
[2.3112206674752445e-06, -3.008818011202008e-05]
[-1.4042137757991346e-06, -2.892995312700486e-05]
[1.7688880871044588e-05, -1.998135334846385e-05]
[-9.046643599550791e-06, -1.2270768459776704e-05]
[9.85956297771401e-06, -3.3629847159960535e-06]
[6.369903819150591e-06, -2.426824537059974e-06]
[-7.617964883681327e-06, -8.830212446138408e-06]
[1.8144974577485873e-05, -1.626659262216057e-05]
[-4.595674079739542e-06, -2.6785369606392023e-05]
[5.998335996753104e-06, -2.979311715141375e-05]
[1.362314530808928e-05, -2.618851172936365e-05]
[-9.038986312229214e-06, -1.962657984712346e-05]
[1.554688460875253e-05, -8.095313822176209e-06]
[-1.079186570274171e-06, -3.320514435401628e-06]
[-2.081651122816386e-06, -3.6776147003389145e-06]
[1.6044165722928216e-05, -8.953437661024521e-06]
[-8.801361457672074e-06, -2.0431488257602326e-05]
[1.2787872752287321e-05, -2.665384652376923e-05]
[6.8878620049714345e-06, -2.934775206749063e-05]
[-5.175675030711507e-06, -2.579609846236979e-05]
[1.7830940931554823e-05, -1.502120447604378e-05]
[-6.854513815351959e-06, -7.895822837680755e-06]
[5.1965585824154115e-06, -2.177984889550899e-06]
[1.0573313128529882e-05, -3.8105989715042643e-06]
[-9.163742575001022e-06, -1.2896184089644658e-05]
[1.6973450069689838e-05, -2.0439861026380103e-05]
[-5.292459231559521e-07, -2.853154008964666e-05]
[1.3374152319015065e-06, -2.8990626788891194e-05]
[1.6121020703849243e-05, -2.2054361074705375e-05]
[-9.296989341683881e-06, -1.4714098430637645e-05]
[1.2049367193029542e-05, -4.680383551572409e-06]
[3.3572957576638585e-06, -2.231689083410232e-06]
[-5.669823437928767e-06, -6.328168639525844e-06]
[1.7360790268400317e-05, -1.2986916023943751e-05]
[-6.451040895354143e-06, -2.4000657763319222e-05]
[8.57390417743735e-06, -2.8300517021767613e-05]
[1.0970331436040842e-05, -2.7133043241908683e-05]
[-7.769396293613728e-06, -2.1692527973106446e-05]
[1.6463995477805637e-05, -1.0335928419827334e-05]
[-3.5093538977085115e-06, -4.582306818975979e-06]
[6.051642644708255e-07, -2.562400135157003e-06]
[1.3910613299271402e-05, -6.455209223529823e-06]
[-9.188159873427248e-06, -1.7117341372482886e-05]
[1.4416854793586342e-05, -2.3932452652655756e-05]
[3.901588437854597e-06, -2.8775311528006497e-05]
[-2.81836832603799e-06, -2.676269187881124e-05]
[1.7200708547968763e-05, -1.738669877731887e-05]
[-8.040668357883751e-06, -1.0091756820443387e-05]
[7.795440266251952e-06, -2.619702191897222e-06]
[7.697080325663741e-06, -2.6691100971226733e-06]
[-8.033050431822952e-06, -9.889781707531076e-06]
[1.7162762183057373e-05, -1.717027028080983e-05]
[-3.0095610241906434e-06, -2.6502365664074837e-05]
[4.047472178719813e-06, -2.8468449395857576e-05]
[1.412027240270397e-05, -2.372981257791479e-05]
[-8.951207726745625e-06, -1.7058013694185026e-05]
[1.3771653035669906e-05, -6.393493896444946e-06]
[5.472256056314462e-07, -2.6239558129064616e-06]
[-3.408728931883487e-06, -4.363206945443704e-06]
[1.604761731964499e-05, -9.999614216424368e-06]
[-7.747295091606321e-06, -2.1001867815520492e-05]
[1.0812778115345395e-05, -2.6335875688385246e-05]
[8.166519092082242e-06, -2.7517711157651337e-05]
[-6.056033896376101e-06, -2.337269088040564e-05]
[1.6792444152827213e-05, -1.2670476393750185e-05]
[-5.4743755961150775e-06, -6.242472563606355e-06]
[3.2908087505487127e-06, -2.0634989309625817e-06]
[1.147062215759928e-05, -4.482140668726764e-06]
[-8.980954618056924e-06, -1.391003584381989e-05]
[1.5507913215279112e-05, -2.099039496308852e-05]
[1.086870334267298e-06, -2.7650864917058704e-05]
[-2.9324063735569617e-07, -2.717949404468581e-05]
[1.603442124544288e-05, -1.952862700609721e-05]
[-8.636750479337763e-06, -1.2390173394188908e-05]
[1.008586047898663e-05, -3.5826228607510613e-06]
[4.822621434641405e-06, -2.135371035813516e-06]
[-6.443987633664161e-06, -7.2797080206271625e-06]
[1.6773895369614697e-05, -1.3996664556990661e-05]
[-5.049438908846793e-06, -2.40945166653456e-05]
[6.6073994883578124e-06, -2.7399312374179474e-05]
[1.179103286560318e-05, -2.4939871316943807e-05]
[-8.06235006773487e-06, -1.918953786886335e-05]
[1.4974424512839007e-05, -8.388567881295605e-06]
[-1.957125927740805e-06, -3.5353084266477597e-06]
[-9.532618693644523e-07, -2.9701495333558925e-06]
[1.4285773577898953e-05, -7.396674602720699e-06]
[-8.465411485830687e-06, -1.7909798786172604e-05]
[1.2633507181298437e-05, -2.399038399263087e-05]
[5.334514418108005e-06, -2.7338794717293724e-05]
[-4.001431751679552e-06, -2.4598428695512056e-05]
[1.6546170720665998e-05, -1.4975902665567697e-05]
[-6.921511201865571e-06, -8.189664595398272e-06]
[5.8562673042467095e-06, -2.1493281559155364e-06]
[8.840053546170512e-06, -3.0705100093897375e-06]
[-8.22638859973926e-06, -1.0921643207151277e-05]
[1.603957061492578e-05, -1.7946612059338563e-05]
[-1.4509179156324548e-06, -2.6034554194642734e-05]
[2.2780566018981707e-06, -2.7040829411481213e-05]
[1.440661528796447e-05, -2.1349949662279738e-05]
[-8.65497632884446e-06, -1.4669303721057125e-05]
[1.1982711165904603e-05, -4.978653991655202e-06]
[2.0672762029022573e-06, -2.1802135362902764e-06]
[-4.4943063762376e-06, -5.136905973632255e-06]
[1.5850462583913427e-05, -1.1030533126200935e-05]
[-6.591218882863459e-06, -2.1413234796297713e-05]
[8.911686157297982e-06, -2.584074498881983e-05]
[9.245830434267965e-06, -2.5640675118746015e-05]
[-6.702989825212169e-06, -2.101159388111229e-05]
[1.5630448842327005e-05, -1.054717001554295e-05]
[-4.070836400964228e-06, -4.880319744946307e-06]
[1.5766470460101822e-06, -2.158795029806246e-06]
[1.2170087106203042e-05, -5.249746052260473e-06]
[-8.61134489810872e-06, -1.484324939746845e-05]
[1.3976803280420225e-05, -2.136688265927389e-05]
[2.591721169911687e-06, -2.661708418043307e-05]
[-1.7165212307865274e-06, -2.5324630785151722e-05]
[1.5762544652964117e-05, -1.713791778360646e-05]
[-7.822343724379899e-06, -1.0307451439900417e-05]
[8.194303123959523e-06, -2.766394560670127e-06]
[6.136570990954507e-06, -2.2319199107084797e-06]
[-6.9912005246745845e-06, -8.249694185058498e-06]
[1.6015096945237728e-05, -1.4918522832529924e-05]
[-3.623562973037453e-06, -2.4004515666392612e-05]
[4.778816679644471e-06, -2.6365302804351454e-05]
[1.2407214595167027e-05, -2.2773102111248514e-05]
[-8.130825953849008e-06, -1.6815615566267983e-05]
[1.3422188751749387e-05, -6.707199205285841e-06]
[-4.628122323782624e-07, -2.7526431684368746e-06]
[-2.2912766806659768e-06, -3.5096589529048927e-06]
[1.44562263002454e-05, -8.369355134717898e-06]
[-7.601007839223503e-06, -1.857017132054573e-05]
[1.087147022256485e-05, -2.3868338444879567e-05]
[6.600261307762589e-06, -2.5812786792950293e-05]
[-4.961202829174838e-06, -2.244607545526245e-05]
[1.5737017485140115e-05, -1.2751239293840033e-05]
[-5.729743889692357e-06, -6.56083637063775e-06]
[4.064693467937391e-06, -1.914831077695807e-06]
[9.805213367956866e-06, -3.6082592810016134e-06]
[-8.214445526427694e-06, -1.1914215826740182e-05]
[1.480676086889482e-05, -1.8574973849910803e-05]
[4.561035775105249e-08, -2.539565911960362e-05]
[6.843572910274209e-07, -2.5530252452291013e-05]
[1.4499556893421417e-05, -1.9055166413057406e-05]
[-8.172643627742116e-06, -1.2479322322019037e-05]
[1.021320591756969e-05, -3.842628926366276e-06]
[3.474706224668861e-06, -1.9541085940488756e-06]
[-5.358416533464416e-06, -5.973921620661127e-06]
[1.5461031800535763e-05, -1.2017251477262209e-05]
[-5.362714720937023e-06, -2.165266447496511e-05]
[7.101788359116512e-06, -2.51936888909024e-05]
[1.0137004109983527e-05, -2.3742086455490544e-05]
[-7.120349794335207e-06, -1.8727985477889897e-05]
[1.4363253599936066e-05, -8.659915259556783e-06]
[-2.676463257099415e-06, -3.7830617197684435e-06]
[5.3214754144881304e-08, -2.4227857823438947e-06]
[1.2671391912168206e-05, -6.093310323498219e-06]
[-8.068805349693148e-06, -1.5678422336121677e-05]
[1.241728301620143e-05, -2.1571634732639455e-05]
[3.968070745430374e-06, -2.546064151755234e-05]
[-2.936135201546397e-06, -2.3435996965040506e-05]
[1.5314733323126828e-05, -1.4887872821375825e-05]
[-6.891981414916537e-06, -8.470647957289825e-06]
[6.402768957150529e-06, -2.201672013570511e-06]
[7.3008042253824845e-06, -2.4985430246288187e-06]
[-7.3250145917677645e-06, -9.223618342255047e-06]
[1.5111072007210902e-05, -1.5726120048395464e-05]
[-2.210172119598841e-06, -2.373688922446826e-05]
[3.088320144921039e-06, -2.521785751428106e-05]
[1.2832329014583754e-05, -2.064265959746646e-05]
[-7.991264479131899e-06, -1.4593436248419578e-05]
[1.183972009837636e-05, -5.291296385802335e-06]
[9.61310795889736e-07, -2.202682493984698e-06]
[-3.423083613217706e-06, -4.1538934355822565e-06]
[1.442484667082966e-05, -9.343358489136144e-06]
[-6.6216472067656684e-06, -1.9080147592095975e-05]
[9.153070232213734e-06, -2.358604134601594e-05]
[7.702902000833456e-06, -2.4223588133637577e-05]
[-5.696785283884273e-06, -2.032115628505804e-05]
[1.478809779690074e-05, -1.072553524658626e-05]
[-4.500424086839594e-06, -5.187074423054772e-06]
[2.427497449497551e-06, -1.877826173751762e-06]
[1.058843124337322e-05, -4.262860973876931e-06]
[-8.007659500930409e-06, -1.2847767230905402e-05]
[1.3500869457692966e-05, -1.9049669598592e-05]
[1.4565656492118717e-06, -2.46110633252139e-05]
[-7.333535163578375e-07, -2.394668284417395e-05]
[1.4405422655718036e-05, -1.6853655610771234e-05]
[-7.5385322234403085e-06, -1.0500241754979843e-05]
[8.494962762825575e-06, -2.963102030209726e-06]
[4.76672574322573e-06, -1.92392060474611e-06]
[-6.011141899693595e-06, -6.857698990267447e-06]
[1.4900279729383736e-05, -1.2928924631255834e-05]
[-4.098936789674601e-06, -2.171881522557151e-05]
[5.388496857302097e-06, -2.4412234588401353e-05]
[1.0849113160901064e-05, -2.1834371731583972e-05]
[-7.318164278208306e-06, -1.6546939690872953e-05]
[1.3021076624521177e-05, -7.015298727389152e-06]
[-1.3084474696292703e-06, -2.923655558997873e-06]
[-1.2877383623686317e-06, -2.827584421327689e-06]
[1.297188443813782e-05, -6.983221088418742e-06]
[-7.376054344143679e-06, -1.6392661770385508e-05]
[1.0855266439811773e-05, -2.1618175115818705e-05]
[5.2132292788845125e-06, -2.420712167040817e-05]
[-3.946653822244073e-06, -2.152837848186373e-05]
[1.4701650768653152e-05, -1.2794563748086407e-05]
[-5.8814575508644995e-06, -6.8697016033618385e-06]
[4.724693099249222e-06, -1.854159466976868e-06]
[8.307626741102525e-06, -2.9172571509375467e-06]
[-7.45193387232182e-06, -1.018028862493324e-05]
[1.4096057810962515e-05, -1.6406363446741512e-05]
[-8.374766963664682e-07, -2.3310955826652546e-05]
[1.5398259322479957e-06, -2.3965997078378987e-05]
[1.3069296889725579e-05, -1.8558387320233294e-05]
[-7.672831556615467e-06, -1.2541449329417018e-05]
[1.0260866626615739e-05, -4.12657854677919e-06]
[2.3085132940074693e-06, -1.865734011549658e-06]
[-4.354985356794239e-06, -4.885199559864772e-06]
[1.4206145646913915e-05, -1.0284772155769173e-05]
[-5.563236143674155e-06, -1.9431084221088746e-05]
[7.488111350990867e-06, -2.3158187836037642e-05]
[8.646966291395164e-06, -2.2584940515094163e-05]
[-6.211672948293334e-06, -1.8249702675263157e-05]
[1.3726093952309837e-05, -8.911678185861971e-06]
[-3.254410018388443e-06, -4.0466540948969065e-06]
[9.421970239044397e-07, -2.010896724399802e-06]
[1.1181731871135608e-05, -5.006174396294388e-06]
[-7.623898343050994e-06, -1.3695828866591014e-05]
