[411.8220915318272, 193.4289950758066]
[-5.372218336604725, 1.4575611727214692]
[-14.928612472902657, -31.96923373171184]
[-0.6416432855338527, -4.859402848751294]
[-0.46069702505669063, -0.10942189894174703]
[-5.125233719343374, -1.256698068861268]
[0.7612808057220413, -0.5381525501255364]
[-0.07596177621778466, -1.8882244265869206]
[-0.031272465641693614, -1.5155460585084182]
[-0.008513581008311899, -0.24321465373174433]
[-0.8952657148103889, -0.20503171819982668]
[-0.9268204004796772, 0.05484124590507378]
[0.7152515842074987, 0.04908589453665968]
[-0.35337876759217, -0.15911095856476543]
[0.2620396154194031, -0.4226816254838224]
[0.19551353583584152, -0.3130563420886876]
[-0.49756850922451434, 0.11052419104968614]
[-0.03751950041168861, -0.014117612281234315]
[-0.09022240934083925, 0.020465245450360214]
[-0.3693306762792936, -0.027350919087040015]
[0.16658539511827897, -0.2654855711626709]
[-0.0326628379749927, -0.18712762876688327]
[0.0057231860273057045, -0.12665868112651735]
[0.08570694060727024, -0.011426315034311685]
[-0.13188309121832198, 0.09675533185777319]
[-0.12447609726369002, 0.026173218959471]
[0.022420471737277126, 0.030240550026331192]
[-0.09853176037203815, -0.08158595359804877]
[0.012095919241892794, -0.1589776969301232]
[0.03097463413199142, -0.08860133216161703]
[-0.09487507423107377, -0.050264638271606654]
[-0.003559896761207604, 0.015933131739052087]
[0.011592320915058796, 0.042489780417467315]
[-0.10026545166068335, 0.0071390768788215375]
[0.05250471574966742, -0.029544103464755445]
[-0.01838685143449137, -0.07462581910264132]
[-0.045412922528629274, -0.04866097665982805]
[0.03857584232423217, -0.018911687929036525]
[-0.07151235428990965, -0.0015202980092103857]
[-0.04237538614651459, 0.017486221647691202]
[0.024967149450454584, -0.004089418797471822]
[-0.051219362159023785, -0.033320314081172864]
[0.033458001115319824, -0.051590923066829664]
[0.008454765469010805, -0.04159153044128594]
[-0.04546408343261055, -0.010557446816200022]
[0.006820278906074062, 0.009564146661129591]
[-0.023334432159265006, 0.02635168756490458]
[-0.03953492378175749, 0.00740516910643807]
[0.017103161933982758, -0.023624455862281124]
[-0.016189441471382182, -0.042095176438457726]
[-0.010334832779768127, -0.042525485967238486]
[0.01663157681802585, -0.01767181438172294]
[-0.024822373227993744, -0.00038587391222333345]
[-0.01898307159349022, 0.015569347143050472]
[0.009658957669996138, 0.01577626197889348]
[-0.028926076874036255, -0.011925798430028112]
[0.00828405568596624, -0.020401078644701975]
[0.005133191087356659, -0.02671322672154597]
[-0.031670697957562055, -0.021634372312966388]
[0.007954360766704693, 7.673987918455083e-05]
[-0.011941792045077282, 0.00497911936499662]
[-0.022708975322955904, 0.0051522300024569034]
[0.020433788596253777, -0.006548449966123471]
[-0.016664563516107622, -0.02226289841364215]
[-0.0029692889244481435, -0.017402127748288337]
[0.009962486556951866, -0.011404497666307467]
[-0.024658764482876627, -7.594147247658167e-05]
[-0.0042617623878515865, 0.01096184503795783]
[-0.002473661110309555, 0.00525093235502716]
[-0.0176968689880157, -0.007689434140329354]
[0.01041094243367513, -0.01698669052480839]
[-0.001522981403403012, -0.020800645488163683]
[-0.011124768165602594, -0.015783148569336825]
[0.004012461534452394, -0.0006746517251876583]
[-0.009567366390888399, 0.008746063815738836]
[-0.012248859829408154, 0.007827291989205065]
[0.007046294163228661, 0.0019189333519116225]
[-0.010791421188099837, -0.012583809083982156]
[-0.004303356579225204, -0.016146010919269982]
[0.006968163197267341, -0.012288311716905254]
[-0.014556844818141013, -0.007828718103028098]
[-0.0014694528218182068, 0.0051380099329327855]
[0.0015841689083320176, 0.0048141950705407055]
[-0.014653458027309885, -0.002490247600653306]
[0.008998838993708347, -0.004502071644927996]
[-0.0033515350106552155, -0.012600586085334903]
[-0.01004919423998607, -0.010043567592952107]
[0.005708914942114007, -0.0012334226704164841]
[-0.012097960225078364, 0.001804441442935012]
[-0.005238149290117899, 0.004641353622333089]
[0.005460097744566295, -0.0006981529159286737]
[-0.010097995226769685, -0.009397227548842424]
[0.0028017917931185687, -0.011221018311119657]
[0.001625963746259007, -0.009943061098549144]
[-0.009043447369784685, -0.0036672569417444956]
[0.0006038498179206098, 0.005010101552113344]
[-0.003585173816668563, 0.005969201616880415]
[-0.008608985234034083, 0.0006939540943852185]
[0.003681766522579566, -0.003657182323870911]
[-0.002763727391222298, -0.010568665534597427]
[-0.004891079827886516, -0.01159342638554478]
[0.0037219725058116326, -0.003952369276483569]
[-0.006620278725545381, -0.00023121215259180872]
[-0.004149254048998463, 0.003903389336329166]
[0.004168401446615733, 0.0037789607020251026]
[-0.008672622087454895, -0.0040443588151625465]
[0.0010249348658186719, -0.005829539392778416]
[0.0014033918999271089, -0.007426442646837006]
[-0.008912318378069273, -0.005560463316081121]
[0.0030367184284768034, 0.001878187583292057]
[-0.003483404708328308, 0.0016047939544374668]
[-0.00650115200788437, 0.00018419146525383567]
[0.0053219190602901145, -0.001885093159934348]
[-0.004946366233135671, -0.0077729904600911115]
[-0.0012467096014341372, -0.006877524297058235]
[0.0023231555718083996, -0.0027099008838780136]
[-0.0073259591432206506, 0.0004249986911367687]
[-0.0008476260554530768, 0.003885504971213205]
[-5.9175092172569776e-05, 0.002701529697594296]
[-0.005826473174173952, -0.0028101852881695366]
[0.0018892474002538684, -0.006149526762689539]
[-0.00034230393084211386, -0.007549340209240862]
[-0.004173431964621055, -0.005780900856863502]
[0.0018281353863310451, 0.0004256601422230055]
[-0.002575683586764521, 0.0027568042167420703]
[-0.004956867825737898, 0.002140169495223443]
[0.0025162997617286242, 0.0010910788762312773]
[-0.0039096798997528825, -0.004783433053694663]
[-0.0018109576583153486, -0.0061389604789344465]
[0.0026832770660230043, -0.003594739534106939]
[-0.005889404474442195, -0.002621441193684737]
[5.8073524909940666e-05, 0.0016728496631626122]
[0.0007490359945814262, 0.0020134466873136248]
[-0.00582878236860207, -0.0015268041613150096]
[0.0030994790592434596, -0.002709476310833292]
[-0.0017515835063083296, -0.005154823924986673]
[-0.003716916685397531, -0.0038379555076815675]
[0.0026544001122975613, 0.0002860685509926686]
[-0.004420142227982371, 0.0012804304137676858]
[-0.002291905063374289, 0.001783243295143233]
[0.001526170529555601, -6.472357802489448e-05]
[-0.003909240949805715, -0.004358654420848873]
[0.0008535625705012873, -0.005340594317767011]
[0.0007977201852841231, -0.003814857845556907]
[-0.0036958183092730135, -0.001759843561148361]
[0.0001957975187616423, 0.001872729322051514]
[-0.001044039014241438, 0.0030639714436055954]
[-0.003985022387211989, 0.0002602952473146347]
[0.0013692075788640512, -0.0018244684626127494]
[-0.0012776412484469257, -0.004455610140550445]
[-0.002563550784377963, -0.004953541889610613]
[0.0023318976059843455, -0.0014953866201727894]
[-0.002868954949751812, -4.845082395144029e-05]
[-0.002091983519395102, 0.0014311139851859167]
[0.001723628469530225, 0.0014053637406714614]
[-0.004195238131480039, -0.0022805536729557097]
[0.0007319115620606498, -0.002909218846099626]
[0.0007175404215709058, -0.002874762016517207]
[-0.0040956875383759694, -0.002270993215113093]
[0.0015090654242696233, 0.0009285289305038802]
[-0.001833935897980865, 0.0012527774819630633]
[-0.002981923482060722, -7.261749344278368e-05]
[0.0022636090880880366, -0.001490846874641738]
[-0.0024238079771359416, -0.0038256104130229285]
[-0.0006414346333283028, -0.0035486264306307524]
[0.0013711338702186993, -0.0013084680758439493]
[-0.003136614824893025, 0.0005125811395477742]
[-0.0007602662239118985, 0.001965874077084706]
[-0.0001548273452675608, 0.0014322092684040388]
[-0.0029753108068554246, -0.0014722830327180275]
[0.000759607306823451, -0.003102919547715244]
[0.00026621180861347016, -0.003462373910867178]
[-0.002256184083087698, -0.0029848662157500594]
[0.000955488455132214, 5.9086009849274035e-06]
[-0.0012963532973322422, 0.0014707847967017074]
[-0.002718539090017291, 0.000846534525247078]
[0.0015317605787091293, 0.00024216265804466452]
[-0.0021995085357838784, -0.00229473988285267]
[-0.0009822788372579327, -0.0030234895766933917]
[0.0016962624114402747, -0.0017125003626420332]
[-0.0031369611657188212, -0.0009554685967681498]
[2.8635176036684307e-05, 0.0009349584312947634]
[0.00013960876972718417, 0.0008085596919316096]
[-0.003165498799108879, -0.001082224768553769]
[0.0017028305428999913, -0.001739308565524067]
[-0.0007278996053975417, -0.002688018483567714]
[-0.0017838766100043424, -0.0020030538199132253]
[0.0012456894622548675, 0.00018553779585439578]
[-0.002416613846517812, 0.0010467619597155364]
[-0.0013357061673018311, 0.0009829163279626574]
[0.0007898685518916287, -0.00013724593582553624]
[-0.0020103127325127312, -0.0022315286124944267]
[0.000239601741670592, -0.003077766770216317]
[0.000717545238745454, -0.0022401725226302016]
[-0.002000166215250787, -0.0008706188470906928]
[-4.892584266502631e-05, 0.0009824063984884557]
[-0.00043736245120329365, 0.001549172403976451]
[-0.0025055927434722847, 9.279500758702097e-05]
[0.0008462793104218047, -0.0009715980111381084]
[-0.0004577843992482067, -0.0023254652420495736]
[-0.001542663776062131, -0.002609288407298238]
[0.0013783011956563507, -0.0007706857472071782]
[-0.001879237330697947, 2.2311575979538922e-05]
[-0.0012245577332550273, 0.0006466116955450296]
[0.001118433358741705, 0.0005162504722222572]
[-0.002412868462439044, -0.0013171448169792266]
[0.0005209751644258409, -0.001777205437922702]
[0.0004400153504707238, -0.0017045612880379202]
[-0.0023571358821126154, -0.0009675910548430505]
[0.0008032300515111723, 0.0006946295893548449]
[-0.001129188385331381, 0.0007313503151271661]
[-0.0018017465314191794, -1.067577985880419e-05]
[0.0012111573780865248, -0.0010086554591570707]
[-0.0011180060760379168, -0.002334037696696503]
[-0.00037113071809896647, -0.0021478661683225903]
[0.0007466364409798865, -0.0008155088165583413]
[-0.0018363439160803408, 0.0003323558460933129]
[-0.0006733446955025091, 0.0011218974306272944]
[9.285530635877448e-05, 0.0008839027076199546]
[-0.0017347939399365853, -0.0007261797670376005]
[0.0003656006014332025, -0.0018310669051248007]
[0.00032384471946694804, -0.0020880037243312943]
[-0.001580360467648645, -0.0016691118336215893]
[0.0006234885253020503, -9.273426374356575e-06]
[-0.0007246146257784414, 0.0007011833058981898]
[-0.001804196952437942, 0.0004503014630782287]
[0.001067814141517659, 3.2773378338513126e-05]
[-0.0012581019551649586, -0.0014730462236624275]
[-0.0005504678928532625, -0.0016808875409115298]
[0.0010093297046287475, -0.0009071714195163505]
[-0.0020801682594798754, -0.00046584244713362977]
[-3.850346907408042e-05, 0.0006165831814284317]
[7.667126160304516e-05, 0.0004353518894322228]
[-0.001806505117258661, -0.0006897897036161338]
[0.0010617048948691754, -0.0012517254300714598]
[-0.00041911549603884657, -0.0018093521743681729]
[-0.0011378694321731997, -0.0011778285528022403]
[0.0006772884121935552, 0.00014031391402435922]
[-0.0013714912078608421, 0.0007054931481496052]
[-0.0009679915454745558, 0.0007459082122525107]
[0.0004793146544048166, -6.2782837526143e-05]
[-0.001088711972500933, -0.0014478686294820825]
[9.295868465708512e-06, -0.001898849159141805]
[0.0005500039054788242, -0.0014011021742978969]
[-0.0013501987633495194, -0.0006506239164812966]
[-0.00015771695901933835, 0.0005650950889173334]
[-0.00010670080823860228, 0.0009341574738694902]
[-0.0016012193444563394, 3.7936802219307175e-05]
[0.0006402880998047644, -0.0005973976989532837]
[-0.00029956829568061893, -0.00146715430389531]
[-0.0011643793380765044, -0.0015276882247219348]
[0.0009235129895856786, -0.000411951462217508]
[-0.001239199694793247, 3.8626019025489455e-06]
[-0.0007826442539727863, 0.00045883765140752875]
[0.0007524143095721733, 0.00018636634757918102]
[-0.0014980050127768596, -0.001034248561828266]
[0.00036194346778711806, -0.001153048179697469]
[0.0002572229927792491, -0.0010913675715403248]
[-0.001516600913686439, -0.0005813213915376036]
[0.00038476802315975944, 0.0005603285389867985]
[-0.0007062643778255051, 0.0005688984081806403]
[-0.0010806903328963724, 1.926385136358233e-05]
[0.0007451611786780665, -0.0006935834450759737]
[-0.0006469655031415486, -0.0015890479491770942]
[-0.00039099795442779084, -0.0014809701060655156]
[0.0004839011251057679, -0.0005833338832038626]
[-0.0010922511788938882, 0.00019555312920405132]
[-0.0005389733599526769, 0.000789956863421204]
[0.00018645645734632899, 0.0005947059206934391]
[-0.0011669601012939124, -0.0005336230670040382]
[0.0001546790579616264, -0.0011140047516060014]
[0.0002972135562899214, -0.0013174178782701385]
[-0.0011685267386083997, -0.001125916345953215]
[0.00040471331432838376, 5.044521141761571e-05]
[-0.000461232715051052, 0.00041204250325144187]
[-0.0011650186430172127, 0.00019381063840118173]
[0.0008155669045893932, -3.639319457127144e-05]
[-0.0008847490468604363, -0.0010460378695576755]
[-0.0004116410417551175, -0.0011088470236819796]
[0.0006276718585246366, -0.0005462416627436406]
[-0.0013903972018597388, -0.0002051935349016154]
[-4.994107949851667e-06, 0.0005353307455213674]
[4.251267474708609e-05, 0.0002784254064677194]
[-0.0011711154420358527, -0.0005637447995351375]
[0.0006281674037751372, -0.0009129281849815651]
[-0.000227469796068136, -0.001289643548404315]
[-0.0007454979333744172, -0.0008634649031471625]
[0.0003653846548057893, 0.00014974230423958623]
[-0.0008366459917595881, 0.0005377547858870235]
[-0.0006902999618593197, 0.0004974331137086452]
[0.00034850747476583566, 2.8754575356448875e-05]
[-0.0007101134677804932, -0.0009683321306362402]
[-0.00014337710016981697, -0.0013358787575222936]
[0.0004251248160401788, -0.000944308425948448]
[-0.0009469866604971955, -0.0004681293659156427]
[-8.352213621676263e-05, 0.00038865620471362217]
[3.754542610878708e-05, 0.0005936816957223812]
[-0.0011777924045064392, -7.223504719089391e-05]
[0.00044497224286654813, -0.000400812477773127]
[-0.00021135374733688428, -0.0010011152451618044]
[-0.0008332646624967521, -0.0010059826951427792]
[0.000640730713888038, -0.00015065750503329145]
[-0.0008955367300663708, 3.9962828919382076e-05]
[-0.0004985263657119043, 0.0002724132872309326]
[0.000516353964005456, 8.752371515352575e-05]
[-0.0010164798810219922, -0.0007994822114464339]
[0.0002363996479185504, -0.0009086351247276359]
[0.0001346248185591925, -0.0007703691417886294]
[-0.0010077049773665747, -0.0003479822263291188]
[0.0002483386417435618, 0.00045820948802766104]
[-0.0004393035766813158, 0.0004752479604256399]
[-0.0007850439938680287, 1.4086744824504116e-05]
[0.00042064191125334993, -0.0005022394049102319]
[-0.00037946393909033677, -0.0011427719982979728]
[-0.00032580959615993027, -0.0011017161925902241]
[0.00036994733227663223, -0.0003775454089089969]
[-0.0007160446721732328, 0.00011597589480644155]
[-0.0004385527855685911, 0.0004881401174607891]
[0.00020236374837892535, 0.0004541145241233613]
[-0.000861875956946867, -0.0003872121136382217]
[7.813811099405266e-05, -0.0007933882415156468]
[0.00021916192932092127, -0.0008635878280469633]
[-0.0008984547989747127, -0.0007523962341217799]
[0.000358649459162981, 6.764484324817133e-05]
[-0.00031514929162146377, 0.00028123096947652027]
[-0.0008507818036344039, 6.85287711074678e-05]
[0.0005800611836681846, -0.00011326633849795265]
[-0.0006493876179529193, -0.0008136702436359056]
[-0.00025821365204281577, -0.0007901074877661868]
[0.0004384567379300819, -0.00030767549854116005]
[-0.0009765382196930128, -6.830139783908784e-05]
[-3.164403883970657e-05, 0.00040320833621121377]
[-1.0027052098265932e-05, 0.00023776974678235696]
[-0.0007991757853462178, -0.00042867596509096884]
[0.00040358108214910704, -0.0007516927012198305]
[-0.00013354543253524254, -0.0009396772982847024]
[-0.0005356258311644269, -0.000648833924409703]
[0.0002612672116644732, 8.755171271146445e-05]
[-0.0005206442892534691, 0.0004376211759899995]
[-0.0005783438741455704, 0.00035937857272450024]
[0.0002451823912739959, 2.4605278578171408e-05]
[-0.0005125961617183372, -0.0006925877159919547]
[-0.00016346806467271158, -0.0009561704753150019]
[0.0003916220559083694, -0.0006250494741911194]
[-0.0007141652790096931, -0.00034604466304859194]
[-7.235052481519011e-05, 0.00023952420462969304]
[4.77738201257738e-05, 0.0004023029630180197]
[-0.0008881085082208529, -0.0001197017219783103]
[0.00037344965426716614, -0.0003375248236743844]
[-0.00017793746355962425, -0.0006969132585787977]
[-0.0006223385453483499, -0.0006805790983950011]
[0.00048666011832823597, -6.649916723344695e-05]
[-0.0006760237838082661, 9.990335561471664e-05]
[-0.00036371436246851463, 0.00021018552133300616]
[0.0003429329241236498, -8.52024511366345e-06]
[-0.0007294171453722798, -0.0006437191651456897]
[0.00017346680412971827, -0.000722987468534636]
[0.0001309217561911158, -0.0005704583812380926]
[-0.0006933613218959023, -0.00022685719127419485]
[0.00011163498608149358, 0.0003474974914970952]
[-0.00031360642234073977, 0.0004024194146398097]
[-0.0005994693029777176, 1.562657965747949e-05]
[0.0002873026909723797, -0.0003853235641373409]
[-0.0002259241514441998, -0.0008099191705406017]
[-0.00029936334965374733, -0.0008390073700747652]
[0.00031524827273138323, -0.00030555623024186573]
[-0.0005152267747072781, 9.095527936775483e-05]
[-0.0003693694900882005, 0.00033201218540324096]
[0.00020480529142852255, 0.00029681131579828435]
[-0.0006907798661505704, -0.0003041535335930462]
[5.939449007175135e-05, -0.0005674131197226373]
[0.00020751864158996547, -0.0005971556582371751]
[-0.0007032204107197404, -0.0005052069607968113]
[0.0002688369568925181, 8.164816801403685e-05]
[-0.00027442149659673287, 0.00019489846589149096]
[-0.0006314761648198441, 1.8487876186634722e-06]
[0.00045929004478006963, -0.00015465536937719904]
[-0.00047143676256548167, -0.0006293526742255501]
[-0.00017295040330789213, -0.0006013979731094056]
[0.00030511549169492946, -0.00023110363679829105]
[-0.0007243571370219026, 2.5987618842704396e-05]
[-5.5989542810497284e-05, 0.00034083003689311386]
[-1.3548589053280491e-05, 0.00017645999639259724]
[-0.0005910630131713557, -0.00031577946532800744]
[0.000258182744050206, -0.0006018409779696698]
[-2.643181204622924e-05, -0.0007310404187105962]
[-0.00040764307296675684, -0.0004991786266924647]
[0.000167231380351799, 5.5105021756318706e-05]
[-0.00035930096967323744, 0.0003255831283516253]
[-0.000497461343601624, 0.0002504297652540233]
[0.000223836870014274, 2.9067363645607358e-05]
[-0.00036965891589074706, -0.000491363331582409]
[-0.00016262888486542892, -0.000704360572461718]
[0.00032808300993414363, -0.00045481150806320203]
[-0.0005944634362489154, -0.00024190219889762277]
[-4.644184395063977e-05, 0.0001730281297742664]
[6.562862699649452e-05, 0.0002501475469282033]
[-0.0006985688715944738, -0.00012683777524460926]
[0.000312142665411852, -0.0002874571023345207]
[-0.00012648142044097144, -0.0005497007324947872]
[-0.0004697239801709774, -0.00046427718681495145]
[0.00034693662734461284, 4.038195143829526e-07]
[-0.0005381264132893748, 0.00010506456561959476]
[-0.0002878334547808947, 0.00017019091889908244]
[0.0002490916351980746, -3.2072026278306964e-05]
[-0.0005019329301025888, -0.0005120185276074329]
[0.00012219990476397546, -0.0005968181121550897]
[0.00010138396343939426, -0.00046582330701838703]
[-0.0005247951250920702, -0.0001599429964780144]
[4.161909730596158e-05, 0.00026938318455416166]
[-0.00019089517828868585, 0.0003262640575454334]
[-0.0004887132992546506, 3.712911033112998e-05]
[0.00020181013454312335, -0.0002900978559877143]
[-0.0001249666217407186, -0.0006246158440050345]
[-0.00028365231900226093, -0.0006332455838624351]
[0.00026672298952135076, -0.00022284417374829335]
[-0.0003988456993739842, 3.830596436221745e-05]
[-0.00031914700833196585, 0.0002259912372405415]
[0.0002067894117560587, 0.0002066460187650776]
[-0.0005345851405455515, -0.0002567570780584935]
[6.104904631942798e-05, -0.00042375012270737256]
[0.00015043767602349045, -0.00043684956449549506]
[-0.0005877607824908981, -0.0003474102098601148]
[0.0002115541966637019, 9.422152133420347e-05]
[-0.00021623549530386255, 0.0001461772414145246]
[-0.0004739388296179925, -3.912731393662661e-06]
[0.0003562139119290819, -0.00017168683431345588]
[-0.0003462064084692046, -0.000542428291793913]
[-0.00013276081593754235, -0.00046750700853073757]
[0.00021694284836928923, -0.00016795610004144423]
[-0.0005384736264473222, 4.311085362423972e-05]
[-9.020713980500972e-05, 0.000293206356109188]
[-5.065398184761483e-06, 0.00015959086615080498]
[-0.000426513796767225, -0.0002453341776486387]
[0.00016745985316177214, -0.0004798469093056368]
[1.1483743684953529e-05, -0.0005739840439880906]
[-0.00035351652830772906, -0.0004119340911016636]
[0.00012117920042300709, 2.7705467276040174e-05]
[-0.00023271202998886853, 0.0002468696119227176]
[-0.0004187600147114723, 0.000189987625376975]
[0.00020795637459750105, 2.2796817739867414e-05]
[-0.00029652403228505597, -0.00039335434553867954]
[-0.0001652863581757258, -0.000518177637467851]
[0.0002793469763571754, -0.00031861059191845564]
[-0.0004916025639463695, -0.00018626585108601212]
[-3.735059254375561e-05, 0.00014652766649914106]
[5.980455851711808e-05, 0.0001672741538527589]
[-0.0005329144761426208, -0.00014956496223766935]
[0.0002652077623794269, -0.0002490395337684803]
[-0.00011223761991377423, -0.0004418767513333921]
[-0.0003729562471196102, -0.0003507010202320887]
[0.0002455137739048596, 2.8919923174552942e-05]
[-0.0004138788575429042, 0.0001224434881469394]
[-0.000220221515823793, 0.00016008688676627525]
[0.0001837304746347343, -3.7859703474918405e-05]
[-0.0003701693477059509, -0.00043145910449593483]
[5.856946290105913e-05, -0.0004975870318698894]
[9.86203672958541e-05, -0.00038064427325090744]
[-0.0003921389201377301, -0.0001374394175051516]
[-5.595911077876936e-06, 0.00022104686528467976]
[-0.00011248879769054643, 0.0002721605198879873]
[-0.00040156107451921885, 1.7039616980185635e-05]
[0.0001522568968473914, -0.00020962918413414133]
[-8.061264666776868e-05, -0.00047335130826217653]
[-0.0002727704274579981, -0.0005059659321055218]
[0.00022672542290849695, -0.00016327236214186414]
[-0.0003163230156398855, 2.3238953587689792e-05]
[-0.00024773994488397344, 0.00016043623509598426]
[0.00019955322785744634, 0.000137669987631317]
[-0.0004466109792359285, -0.0002390172812000782]
[4.562695158830121e-05, -0.00033439912975744]
[0.00011500989680229834, -0.00033000927100698685]
[-0.00047095272620228945, -0.00024361595649082662]
[0.00016354178613828263, 0.00011989936159384484]
[-0.00018192996863353184, 0.00012435556805551196]
[-0.0003607078007655251, -2.735066518602669e-05]
[0.0002696888053015378, -0.00016352225245569452]
[-0.0002567375060756501, -0.0004560781518533827]
[-0.0001070819505963605, -0.0004025670410181745]
[0.00015234650838680253, -0.0001326088363415856]
[-0.0004023459320126599, 6.037996592062056e-05]
[-9.112351446732836e-05, 0.0002459871528636137]
[1.2239060856761297e-05, 0.0001488581850659365]
[-0.00034452330140705145, -0.00019278106228989844]
[8.985487350551824e-05, -0.00039281650799594114]
[4.2644651271156464e-05, -0.0004566529546188164]
[-0.00029905934801405243, -0.000340918963466115]
[0.00010332001545646646, 2.7422783406505502e-05]
[-0.00015884478302907734, 0.00018500437476670628]
[-0.00036230747123555673, 0.00011623850647946021]
[0.00018702519851043764, 2.0160790082102142e-05]
[-0.00024569839124249926, -0.0003135080295609549]
[-0.00014488967696278665, -0.00040620040298974813]
[0.0002263669832544557, -0.0002192243496609847]
[-0.00041648475215477765, -0.00012656675101715975]
[-1.122833413369495e-05, 0.00012125370421434134]
[5.0733881668069136e-05, 0.00011943880008435936]
[-0.00042837536473766535, -0.00015080537155946067]
[0.0002105322296314105, -0.00023885417356200866]
[-9.306924610269496e-05, -0.00037415996572170984]
[-0.0002846586102199372, -0.0002690990854612718]
[0.00018369767280081162, 5.257011730730454e-05]
[-0.0003200558043964796, 0.00012926363883236647]
[-0.00019336149169563166, 0.0001328895098547389]
[0.00012670541161195759, -2.783050639476592e-05]
[-0.0002713400972934321, -0.0003533052672125697]
[2.4743192020809657e-05, -0.0004316371728722776]
[9.440420077039269e-05, -0.00030711598254784533]
[-0.00031033023639231994, -0.00011668146058201045]
[-1.8122781282381428e-05, 0.00016199859040233466]
[-5.602789851893997e-05, 0.00023112019103521675]
[-0.00035349268318751736, 1.0080648078114596e-05]
[0.00011796601209657087, -0.00017051894776121124]
[-5.80573714416277e-05, -0.0003697098967978263]
[-0.0002481959522490293, -0.00039398800722886124]
[0.000211120489122682, -0.00010801460012671571]
[-0.0002620284242733084, 1.549404843687041e-05]
[-0.00020867611875191594, 0.00010633587418384938]
[0.00017007312000785063, 8.621289974486412e-05]
[-0.000366808657250306, -0.0002224904574822939]
[5.3217319947007624e-05, -0.0002825347857429994]
[8.383913963871947e-05, -0.0002490285731030495]
[-0.00038460124969846854, -0.00016762688141983006]
[0.00012764028799017169, 0.00011436841252421281]
[-0.00015505184853392695, 0.00012215952040756095]
[-0.00028733757558230266, -2.149316546029567e-05]
[0.00020213268955796004, -0.00016768202354006112]
[-0.00019183913183520168, -0.00039037008853549937]
[-9.07102603472619e-05, -0.0003430756076652011]
[0.0001292425803325059, -0.0001108850828522856]
[-0.00030163104107694405, 6.299210682431111e-05]
[-0.00011135337093576281, 0.00020057468193424022]
[1.6650729478207005e-05, 0.0001330124766809604]
[-0.00028243552361162383, -0.00015432607470447501]
[5.606063060917266e-05, -0.0003211637169087955]
[6.226979370155261e-05, -0.0003527421805282066]
[-0.00026790792006720077, -0.00028201026662533213]
[9.225121575054743e-05, 1.0567498878844006e-05]
[-0.00011856700212364846, 0.00014487955883113468]
[-0.00031307127269275536, 7.486689357039111e-05]
[0.00017607127368951536, -4.240005059608087e-06]
[-0.0002151008198172863, -0.000260817211370383]
[-0.00012315120996356232, -0.00031477489751729343]
[0.0001965643605027767, -0.00015577077091122327]
[-0.0003525628260899749, -7.7109526801733e-05]
[-1.3020450048722987e-05, 0.00011125164674091748]
[2.84585731586684e-05, 8.119014508034539e-05]
[-0.00034094762324066163, -0.0001482417617403864]
[0.00017703955370401703, -0.00022446404929929442]
[-6.680760509220063e-05, -0.0003147683567425452]
[-0.00022388456436547854, -0.0002178864563745428]
[0.00012901521295580198, 4.502322756133603e-05]
[-0.0002534553344510915, 0.0001347607412373053]
[-0.0001733095615526481, 0.00012166010379466297]
[0.00010003565943906417, -2.6875050209262952e-05]
[-0.00020865132377782813, -0.0002859248819918475]
[-6.5894046442915855e-06, -0.00036638321244029937]
[0.00010604275146475217, -0.00025955678486649925]
[-0.0002539628690051976, -9.870660946095094e-05]
[-3.393802682136182e-05, 0.00012528744687029247]
[-2.4071788733898147e-05, 0.00018073800405349338]
[-0.00031370511565148584, -5.3008920049557595e-06]
[0.00010753839953608901, -0.00013450287348831802]
[-3.70673800280108e-05, -0.00028727133213654263]
[-0.00022459469788218417, -0.00030894598387981587]
[0.00018081437184491733, -7.521615152944472e-05]
[-0.0002340635556363213, 1.7162119490654604e-05]
[-0.00016798010413365816, 7.815940468591798e-05]
[0.00015365834084907562, 4.18838403982158e-05]
[-0.0003051800195916221, -0.00020325487694164424]
[5.090290376674744e-05, -0.00024401799854296968]
[6.769369726200569e-05, -0.00020996038646423076]
[-0.0003137711536179699, -0.00011040720631019796]
[8.80758288282768e-05, 0.00011832192856942036]
[-0.00013195287378109377, 0.00010949803827986493]
[-0.0002369983145174004, -1.701069468584837e-05]
[0.0001542117677223176, -0.0001522556478195103]
[-0.00012863204778116102, -0.0003319621293613878]
[-8.320595420980431e-05, -0.0002993117230787115]
[0.00010134815534090791, -0.0001011192196402888]
[-0.00023917995593714103, 5.600893822052533e-05]
[-0.0001158785572191734, 0.0001626147949386203]
[3.7382259960722086e-05, 0.00011563921981810887]
[-0.00024114143881925898, -0.00011924997012167232]
[3.0498739968604083e-05, -0.0002614913970268029]
[7.226058356329945e-05, -0.00028700708090279026]
[-0.00024685281875938547, -0.00022601315747126233]
[8.359158503916386e-05, 1.4800670261605475e-05]
[-9.189265223880083e-05, 0.00010178298622903759]
[-0.00027275049260067075, 4.146211740810313e-05]
[0.00016437829710465313, -1.6954727782236834e-05]
[-0.00017745832497668979, -0.0002277946502842465]
[-9.958514032022692e-05, -0.0002499943476156445]
[0.00015355191655791467, -0.00011105941562011834]
[-0.00030749976334043527, -4.382326751649346e-05]
[-1.1570519466208573e-05, 0.00010468151092873912]
[2.2121061215130133e-05, 6.176196778778786e-05]
[-0.0002699394623966178, -0.0001314647656246934]
[0.00014104005748555304, -0.00021201292866318555]
[-4.715958856468805e-05, -0.0002834971692493374]
[-0.00018491342646906328, -0.00017944567139766]
[9.202750944353397e-05, 4.402156968014159e-05]
[-0.00019217403770133146, 0.00012285755890412142]
[-0.00016578818352197544, 0.00010970376972913032]
[8.137577918791716e-05, -1.5180089202038172e-05]
[-0.00015474010421620554, -0.00023811838625816678]
[-2.7735657492533594e-05, -0.0003085088845009437]
[0.00010242262328605256, -0.00021254550286714524]
[-0.0002226827496161765, -9.272659489632101e-05]
[-3.60267677916859e-05, 9.362256791900503e-05]
[5.02217710884878e-06, 0.00014422898582583388]
[-0.00027384586344947337, -1.4036185852481231e-05]
[0.0001000537712365357, -0.00011306953424633504]
[-3.4771792662730006e-05, -0.0002386871928981571]
[-0.00020699103023656684, -0.00023943151119747152]
[0.00015821696920897965, -4.122235011777553e-05]
[-0.00020257302371573527, 1.645696371041505e-05]
[-0.0001396043908993283, 6.460558528570415e-05]
[0.00012977935283534948, 1.5765131981759772e-05]
[-0.00024532277799380053, -0.00019696077410508162]
[4.722580835928025e-05, -0.00021479445692128285]
[4.862599444138693e-05, -0.0001753413922379321]
[-0.0002588457472922079, -8.224868468187721e-05]
[5.5933093249568855e-05, 0.00011218881194069441]
[-0.0001042597187169425, 0.00010924251910715554]
[-0.0001933740635081116, -7.20530548870002e-06]
[0.00011703867264362122, -0.00013649435980206404]
[-9.241703258401623e-05, -0.0002878219097985635]
[-8.941286375485462e-05, -0.0002629796676393084]
[9.118775240783694e-05, -8.902550808148613e-05]
[-0.00018377376329897777, 4.330416566622475e-05]
[-0.00011813504245383744, 0.00013420775260142292]
[4.9294222462581416e-05, 9.99529542281552e-05]
[-0.00020888107541094936, -0.0001076154436895696]
[1.5900695108927998e-05, -0.00020967915037164997]
[7.05601826832547e-05, -0.0002243171093385954]
[-0.0002279512971405384, -0.00018841239519447675]
[7.533061499016835e-05, 1.845113159409939e-05]
[-7.501261728426467e-05, 7.939176673793513e-05]
[-0.00022626100416106576, 1.795532249981857e-05]
[0.00015191754308357952, -3.119571436011048e-05]
[-0.00015824478790469124, -0.000206645005077305]
[-8.61484734336615e-05, -0.0002071687689044685]
[0.00012383499146773058, -8.068847597275663e-05]
[-0.00025673102708001494, -1.6897852134753477e-05]
[-1.4226203405687254e-05, 0.00010643837243901055]
[1.2719728456539459e-05, 5.1446574725222405e-05]
[-0.00021659810401231105, -0.00012513922927398502]
[0.00010636458254853487, -0.00019459533529062045]
[-2.799764370871316e-05, -0.00024709453593491776]
[-0.000153365601867253, -0.00016206421354798828]
[6.31471721572914e-05, 3.7291981291487364e-05]
[-0.0001449921542514554, 0.00011587435660043166]
[-0.00015182348160558412, 9.283696034664835e-05]
[7.305415654878383e-05, -5.6574945622722694e-06]
[-0.00012879845731472717, -0.00019635188005452664]
[-4.816134077126333e-05, -0.00026377809292314064]
[0.0001031860484080327, -0.00017408995076631517]
[-0.00019341009851170377, -8.093667244416652e-05]
[-3.0126252744427928e-05, 7.656188620086546e-05]
[1.9504606442982686e-05, 0.00011087139518628497]
[-0.0002446487230002292, -3.349751853873317e-05]
[9.098884682609554e-05, -9.720118582931536e-05]
[-3.162840817723389e-05, -0.00019659757825944701]
[-0.00018041871730371806, -0.00019204590352747686]
[0.0001320644621224526, -1.4469320176346834e-05]
[-0.00018025511442615327, 2.525402965247725e-05]
[-0.00011034903126733164, 5.1332570386308785e-05]
[0.00010844541690635881, 2.229827382183025e-07]
[-0.00020332807081496762, -0.00018237054375735973]
[3.697624995348259e-05, -0.00020117722483943556]
[3.9116280221573874e-05, -0.00015481737857223066]
[-0.00020877270815911064, -5.844042804044325e-05]
[3.518628506578303e-05, 0.00010710688330828333]
[-8.001507846058797e-05, 0.00010550151755067683]
[-0.00017154474607478098, -6.040234954041157e-06]
[8.397862338360707e-05, -0.00011800950416462896]
[-6.0060626429658814e-05, -0.0002436458010202404]
[-8.819693493092827e-05, -0.00023437247360275776]
[8.309338427343882e-05, -7.480130123244111e-05]
[-0.00014932472059225876, 3.364320606830118e-05]
[-0.00011150835741641218, 0.00010019388201709667]
[5.9252220699107516e-05, 8.581641234456372e-05]
[-0.00018939070493534382, -9.338335692621672e-05]
[8.447239356862424e-06, -0.0001773945490405049]
[6.459423805277309e-05, -0.00017904370946228432]
[-0.00020779243841656525, -0.00014755755162673342]
[7.456646483241375e-05, 2.645434901438204e-05]
[-6.496306412590025e-05, 6.240181593675231e-05]
[-0.0001959157315329918, -7.040046766104702e-07]
[0.00013148021032254043, -4.462812117572712e-05]
[-0.00013358679262913398, -0.00018961929152912227]
[-6.58754560242461e-05, -0.0001774930123983852]
[9.762216292191761e-05, -5.684690470375564e-05]
[-0.0002170117473893063, 3.220642246629102e-06]
[-1.9266924109917483e-05, 9.712521370508487e-05]
[6.308228483992151e-06, 5.004549783016454e-05]
[-0.00017709997084397466, -0.0001071561701591478]
[7.870808150886588e-05, -0.00018447569204568803]
[-1.2404412850275381e-05, -0.0002181323260481427]
[-0.0001324559953984339, -0.0001426750456212239]
[5.140644488780752e-05, 2.851635102152361e-05]
[-0.00010664783572172931, 0.00010421912410474299]
[-0.0001504688128767251, 7.64556155723739e-05]
[6.458597581766867e-05, -2.493695327343559e-06]
[-0.00010676642894368038, -0.00016431713309832813]
[-5.356956037588789e-05, -0.0002215118142283659]
[0.00010202770841488684, -0.0001356011449917538]
[-0.00017598010088981653, -6.975660928567468e-05]
[-2.5550363315945956e-05, 5.644888571953999e-05]
[2.3926797453971416e-05, 8.602053913142615e-05]
[-0.00021538036155638318, -4.227118961470239e-05]
[8.82523852353545e-05, -9.440559180540209e-05]
[-3.281517914938137e-05, -0.0001678159264236062]
[-0.00015770077936705373, -0.0001503388830499039]
[0.00011407733958289368, 1.2499314999137034e-06]
[-0.00015813695075156398, 3.4827650107455144e-05]
[-9.68261136926607e-05, 4.800050550074486e-05]
[8.503296455625309e-05, -1.356245962003122e-05]
[-0.00016382507510551148, -0.0001698990604829531]
[3.074335048854071e-05, -0.00018533984250697355]
[3.7574499552356366e-05, -0.0001353995533013852]
[-0.00017131498219050134, -4.613666234952116e-05]
[1.2949849752669218e-05, 9.177689676620471e-05]
[-6.133211218031787e-05, 0.00010215986476685979]
[-0.00015275905297446046, -4.775116704824889e-07]
[6.685996217273282e-05, -0.0001038366592319151]
[-4.001134215887714e-05, -0.00020424528065869293]
[-9.255871631752913e-05, -0.0002041384076155589]
[8.300847034790892e-05, -6.707179363846238e-05]
[-0.00012435992069853574, 2.6280689064933638e-05]
[-0.00010771442277709986, 7.834887948415803e-05]
[6.411679308130497e-05, 6.437146909293867e-05]
[-0.00017168530940880888, -8.866207278645025e-05]
[9.074252511315217e-06, -0.0001466844826385899]
[6.078752108459873e-05, -0.00014139350345623858]
[-0.00018884050226394833, -0.00011505110236863236]
[6.378627828084599e-05, 3.088407947493543e-05]
[-6.320509477400482e-05, 5.219292472796733e-05]
[-0.00016384082693948754, -9.4040568859588e-06]
[0.00011816773752540422, -5.6292669645963134e-05]
[-0.00011283486284521284, -0.00017358109070678834]
[-5.4773238227112664e-05, -0.00015565628587244085]
[7.870779587253185e-05, -4.9116609386334886e-05]
[-0.00018147005015578532, 1.888543182684832e-05]
[-2.8492749339525947e-05, 9.512466072425507e-05]
[4.471955384582893e-06, 4.4545626334879795e-05]
[-0.00014801968904948337, -9.316777610763813e-05]
[5.5847019479193794e-05, -0.0001657641778984309]
[6.899970835652636e-06, -0.00019087266523597213]
[-0.00011822056503069112, -0.00012899770499018304]
[3.698534464043231e-05, 1.9755359166095943e-05]
[-8.185928716578084e-05, 8.921382505866493e-05]
[-0.0001426398436885079, 6.0305356475942595e-05]
[6.706669769991624e-05, -4.938266477405584e-07]
[-9.27939325341548e-05, -0.00013623148675515062]
[-5.84391885676272e-05, -0.00018561314700843087]
[9.699857641778942e-05, -0.00011029768768738846]
[-0.00016340082912524867, -5.512133685260656e-05]
[-1.984604880608809e-05, 5.01506096270421e-05]
[2.6477588348505776e-05, 6.0416687913567024e-05]
[-0.0001899450503638489, -5.1332808260654006e-05]
[8.263398981236958e-05, -8.940531631185245e-05]
[-2.7437922086967492e-05, -0.00014928736651328295]
[-0.0001347951439705647, -0.00012000360637078045]
[8.90351928855837e-05, 1.3766946170223893e-05]
[-0.00014090917839298944, 4.034254900875389e-05]
[-8.372649957799627e-05, 4.5400976231541046e-05]
[7.058662603149496e-05, -1.732349582228565e-05]
[-0.00012981294977476576, -0.00015236214408847343]
[1.9599860710012296e-05, -0.00017328376175540505]
[3.539712832384412e-05, -0.00012623242148288027]
[-0.0001445400963504817, -3.7558518089543524e-05]
[-7.408597856861654e-07, 8.166629179412466e-05]
[-3.934032392435838e-05, 9.24560294429666e-05]
[-0.000142259828152691, 1.5215041346550162e-06]
[5.259815337277374e-05, -8.65391155973616e-05]
[-2.2131482964898863e-05, -0.00017425478395571847]
[-9.437778537514305e-05, -0.0001757379138081494]
[7.749696466072264e-05, -5.340133936837521e-05]
[-0.00010966046161087206, 1.5967275460410102e-05]
[-9.832446828214603e-05, 5.7767239042438856e-05]
[6.927073236405457e-05, 4.92296592190522e-05]
[-0.00015294650375882735, -8.414444541413046e-05]
[1.0418520051125313e-05, -0.00012633221993554877]
[4.918645259491261e-05, -0.00011755797231940979]
[-0.0001730276481337334, -8.669572340346682e-05]
[5.677712399584922e-05, 3.920305755045206e-05]
[-5.623815943986421e-05, 4.490703536230711e-05]
[-0.0001393819415926867, -1.2284000440634935e-05]
[9.974308938048848e-05, -6.231941130852015e-05]
[-9.025927119045169e-05, -0.0001651063180270161]
[-4.627169293653158e-05, -0.0001390134819911626]
[6.105729827693418e-05, -3.972742345154101e-05]
[-0.0001508315639207336, 2.31994488579107e-05]
[-3.689006032372988e-05, 8.7546756270096e-05]
[6.998424841642148e-06, 4.65052190686821e-05]
[-0.00012275355425980794, -7.849907744656923e-05]
[3.734692252382876e-05, -0.00014902739619165883]
[1.5612002780579504e-05, -0.00016747594174160163]
[-0.00011282577271570782, -0.00011713446214152087]
[3.3109707364276444e-05, 1.4378865593134282e-05]
[-5.7942106858360765e-05, 7.438048249230889e-05]
[-0.00013578391182367255, 4.68999497773015e-05]
[6.637250264689143e-05, -1.145899658716587e-06]
[-8.28248523404504e-05, -0.00012146865319986877]
[-5.8827573529381116e-05, -0.00015340787273738013]
[8.888582767400954e-05, -8.240841105988661e-05]
[-0.0001508307777595974, -4.540129087637901e-05]
[-1.5761591963758814e-05, 4.476127393776563e-05]
[2.447675563209406e-05, 4.593257597884648e-05]
[-0.0001613419287870288, -5.768580887018093e-05]
[7.668069894073426e-05, -8.871070368399181e-05]
[-2.8409031804066398e-05, -0.00013556029378955156]
[-0.00011758223005788049, -9.990883266466216e-05]
[7.130724486564127e-05, 2.0527085638377685e-05]
[-0.00011852757146890713, 4.721220250641922e-05]
[-7.56489999434451e-05, 4.691856004498951e-05]
[5.572887777767488e-05, -1.840826244298155e-05]
[-0.00010402654033825343, -0.00014058768684017953]
[6.993334803168105e-06, -0.00015953009281540267]
[3.7469986430171964e-05, -0.0001119363767560222]
[-0.00012120453949227006, -3.691282963395534e-05]
[-1.188881555184984e-05, 6.909911769070742e-05]
[-2.29408069351289e-05, 8.552962373065132e-05]
[-0.00013033579524746042, -1.2502837064970462e-06]
[4.5216422492402875e-05, -7.234534560279782e-05]
[-1.6293737447763135e-05, -0.0001457629661787696]
[-9.715779606891267e-05, -0.00015259374482895494]
[7.570423218065947e-05, -4.191424338023664e-05]
[-9.625449589514834e-05, 1.2685008656115881e-05]
[-8.642645698142548e-05, 4.488481954259549e-05]
[6.866660072241473e-05, 3.2903616178192596e-05]
[-0.00013936971715576563, -8.668654256899569e-05]
[1.0558085280026885e-05, -0.00011061780075762029]
[4.142951002270023e-05, -9.617389647857688e-05]
[-0.00015208858619128462, -6.608084987774765e-05]
[4.5905403928923894e-05, 4.566562530489149e-05]
[-5.326552926862571e-05, 4.397745881135062e-05]
[-0.00011620112180099618, -1.562655271897251e-05]
[8.336852073258239e-05, -6.47042780178575e-05]
[-7.347224611334822e-05, -0.00015164371122983536]
[-4.248119836512167e-05, -0.0001307734668779155]
[5.007165415546466e-05, -3.703148009936985e-05]
[-0.00012275343601164668, 2.8295520836274513e-05]
[-4.1844614378089284e-05, 8.068644809355874e-05]
[1.0862780881290557e-05, 4.5492809640279575e-05]
[-0.00010973529829927386, -6.872743355150826e-05]
[2.0534924392245912e-05, -0.0001317264940052798]
[2.6030191093748267e-05, -0.00014311269767390555]
[-0.00010504952175252602, -0.00010613306600546282]
[2.9967965417321274e-05, 1.2155012305614665e-05]
[-4.461319639600947e-05, 6.129664199822082e-05]
[-0.00012605958023262365, 2.944459482670525e-05]
[6.68087561538494e-05, -3.0096677005597705e-06]
[-7.725560778197235e-05, -0.00010590512682059905]
[-5.554517417415139e-05, -0.00013121868754312638]
[7.934145596399933e-05, -6.261937323023825e-05]
[-0.00013886876283705774, -3.0379847511835534e-05]
[-9.531018376751632e-06, 4.331989426653582e-05]
[2.0942980285515445e-05, 3.3825845104362706e-05]
[-0.00014119148538177528, -6.15861865188895e-05]
[6.627082660454198e-05, -8.973572982073907e-05]
[-2.289293395685288e-05, -0.00012501587898330196]
[-9.784279606275814e-05, -8.478531169096165e-05]
[5.470209466389153e-05, 2.532219973516714e-05]
[-0.00010071340524098193, 5.134858189301261e-05]
[-7.163139574478672e-05, 4.278140120927976e-05]
[4.443984291768732e-05, -1.5181323061053131e-05]
[-8.32834831541035e-05, -0.00012270663838813423]
[-2.9082366638649715e-06, -0.0001495232399782269]
[3.950982872824582e-05, -0.00010077445075715175]
[-0.00010573297490520939, -3.346426303967032e-05]
[-1.5004069808491338e-05, 5.639716985567089e-05]
[-8.341082999907545e-06, 7.560641874271301e-05]
[-0.0001259458043293693, -4.2491287731705185e-06]
[3.904597847402547e-05, -6.301602142053109e-05]
[-1.0446731587225588e-05, -0.00012358726405177836]
[-9.369305473070494e-05, -0.00012827224602884185]
[7.286714656185023e-05, -2.795054486920412e-05]
[-8.911559373020461e-05, 1.0103410389927792e-05]
[-7.690031945969955e-05, 3.136329219227685e-05]
[6.424000079467349e-05, 2.0132867041167124e-05]
[-0.00012342653725896935, -8.498193998704787e-05]
[1.4078068694620138e-05, -0.00010262409469400519]
[3.2415009752137514e-05, -8.209377774073823e-05]
[-0.00013469293729004295, -4.7078040453958636e-05]
[3.7751567279753484e-05, 4.78170171814285e-05]
[-4.788948467793208e-05, 4.465505634188016e-05]
[-0.00010212017104205273, -1.2839292836214211e-05]
[6.657730900808123e-05, -6.71651231451964e-05]
[-5.563452087026244e-05, -0.0001406765285627623]
[-3.911805845440569e-05, -0.0001204573615187568]
[4.429837828862082e-05, -3.3537586882737e-05]
[-0.00010082446642045717, 2.743143522421221e-05]
[-4.963834486196306e-05, 6.910801242537845e-05]
[1.4261016677612204e-05, 4.448034580817328e-05]
[-9.746583951375509e-05, -5.803259063010338e-05]
[1.2440828368306955e-05, -0.00011640532314551033]
[3.0803721074210144e-05, -0.00012075053401951197]
[-0.00010279498035381529, -9.327515519324397e-05]
[3.0771272360036184e-05, 8.434928720157941e-06]
[-3.490883145779167e-05, 5.026776099964492e-05]
[-0.00011782651969960423, 1.877331644634106e-05]
[6.615354765575343e-05, -1.033112353765464e-05]
[-7.152863570816792e-05, -9.785441650354137e-05]
[-4.956690902948452e-05, -0.00010941787763424013]
[7.129054597017348e-05, -4.5613255989618295e-05]
[-0.00012699575720703793, -1.8609303632649565e-05]
[-1.0409905018160526e-05, 4.214903630345157e-05]
[1.4419042231678114e-05, 2.5913731830140563e-05]
[-0.00011888770333165488, -6.1356725424698e-05]
[5.928875928291888e-05, -9.016259001162763e-05]
[-1.800290136545757e-05, -0.00011534573485081495]
[-8.493278429835827e-05, -7.447505219376066e-05]
[4.1552294110149685e-05, 2.2608588728101342e-05]
[-8.317523890361e-05, 5.435904077080722e-05]
[-7.059498572808964e-05, 4.311358197703341e-05]
[3.767984739873331e-05, -1.426348132499422e-05]
[-6.789510476318261e-05, -0.0001084685749767611]
[-1.26414313567913e-05, -0.0001345909470147795]
[4.490553843256029e-05, -8.914309057295178e-05]
[-9.419280475925218e-05, -3.2520462285814955e-05]
[-2.0090451712126423e-05, 4.558966716317059e-05]
[6.349336127975391e-07, 6.380138285111414e-05]
[-0.00011774280948972926, -9.251493694087398e-06]
[3.940883156668129e-05, -5.453810027117312e-05]
[-8.541667612167736e-06, -0.00010399911468227455]
[-9.123996385536348e-05, -0.0001075897684682664]
[6.751358026059473e-05, -1.9085424986520216e-05]
[-8.392867657439074e-05, 1.1349043640029866e-05]
[-6.653223318492385e-05, 2.6392038685985053e-05]
[6.0166914377993846e-05, 6.785995428637559e-06]
[-0.00010915931864154127, -8.530338577583674e-05]
[1.4149610213023966e-05, -9.464810464780704e-05]
[2.8097918952474377e-05, -7.344327394494254e-05]
[-0.00011673176062751422, -3.3724897592540826e-05]
[2.491342921702444e-05, 5.0252989027943507e-05]
[-4.3297050087959255e-05, 4.4190843601354945e-05]
[-8.878402147632913e-05, -1.084157212676018e-05]
[5.453643717841239e-05, -6.373930189026988e-05]
[-3.9822382112138927e-05, -0.00012699441454651524]
[-4.011351595558689e-05, -0.0001132439587899145]
[3.878986704491938e-05, -3.410480758264667e-05]
[-8.431660618871128e-05, 2.5559459034971144e-05]
[-5.257224036089858e-05, 6.051619501454275e-05]
[2.1669579139113604e-05, 4.0212937122918735e-05]
[-9.064572319608666e-05, -5.095459821682219e-05]
[4.815075119138368e-06, -0.00010024392119453718]
[3.509408166316175e-05, -0.00010295257925684032]
[-9.950121335891571e-05, -8.030875743926524e-05]
[2.896764201877622e-05, 1.0567451896037472e-05]
[-2.9949587411537415e-05, 3.8515778930436895e-05]
[-0.00010672763845798183, 7.443111967903038e-06]
[6.559187139840161e-05, -1.4655576749289523e-05]
[-6.456682508747778e-05, -9.094205295188257e-05]
[-4.3551871466658565e-05, -9.472308991591641e-05]
[5.9009094548340135e-05, -3.490234441574924e-05]
[-0.00011637467330041784, -7.474167395021825e-06]
[-9.330316409983386e-06, 4.3873868745769595e-05]
[1.216116242104548e-05, 2.0940221917009616e-05]
[-0.00010144777738466115, -5.860992849202745e-05]
[4.8074648543533494e-05, -8.900230440264667e-05]
[-1.0788520843491023e-05, -0.00010985456998104798]
[-7.393322371596067e-05, -6.689731685025416e-05]
[2.9950955714948962e-05, 2.238452395497692e-05]
[-6.685451526824981e-05, 5.195575633740179e-05]
[-7.044458526722641e-05, 3.9137412052081544e-05]
[3.372249343316924e-05, -9.02621965126471e-06]
[-5.461311929648438e-05, -9.430643596327476e-05]
[-2.0389363024467255e-05, -0.00012152243998128642]
[4.525081194460545e-05, -7.783259417942778e-05]
[-8.817202592606432e-05, -3.139645752025383e-05]
[-1.8639544726875568e-05, 3.703110925096231e-05]
[1.014259740472756e-05, 5.291529058393252e-05]
[-0.00011090931189880471, -1.3855052941512402e-05]
[3.791731970068102e-05, -4.9512923095657024e-05]
[-8.500717631393373e-06, -9.226789140688932e-05]
[-8.636734874281626e-05, -8.835539235460543e-05]
[6.124323155945466e-05, -6.928131092431844e-06]
[-7.794207776007367e-05, 1.1592692325451681e-05]
[-5.819730898698472e-05, 2.1772983654938516e-05]
[5.313876804026278e-05, -4.1734182620878357e-07]
[-9.259598282487791e-05, -8.480942285161996e-05]
[1.3873991237950412e-05, -9.058217593491819e-05]
[2.137967459552026e-05, -6.661760897548608e-05]
[-0.00010201854228239493, -2.55036345948971e-05]
[1.6125372616110356e-05, 4.9413711917023484e-05]
[-3.467152295411058e-05, 4.60791196834065e-05]
[-7.966788023758276e-05, -6.759861777921872e-06]
[4.2357209089891046e-05, -6.006751817236311e-05]
[-2.8111502222732954e-05, -0.00011639833885834783]
[-4.286247970282722e-05, -0.00010478235408431166]
[3.7520939137752896e-05, -3.05076902488155e-05]
[-6.939108484674272e-05, 2.0323193542864937e-05]
[-5.515168739539389e-05, 5.007300619236377e-05]
[2.623299229213838e-05, 3.697415024528361e-05]
[-8.340878638463112e-05, -4.760497689820439e-05]
[1.7673893715208777e-06, -8.667870629465446e-05]
[3.342141333256832e-05, -8.488749782170624e-05]
[-9.718697882732386e-05, -6.923534343620391e-05]
[2.9461105230679796e-05, 1.2017034411171412e-05]
[-2.5786950175993306e-05, 3.2331891884951336e-05]
[-9.486037142300563e-05, 4.6616628675277827e-07]
[6.214593378456312e-05, -2.1464542028032385e-05]
[-6.002381684635898e-05, -8.858338995776718e-05]
[-3.8532352503013734e-05, -8.300648782957887e-05]
[5.029546364612725e-05, -2.5178839552997268e-05]
[-0.00010223820948682127, 8.748017739507175e-07]
[-1.2012848963738332e-05, 4.492367990865942e-05]
[7.798669949390935e-06, 1.968239937527594e-05]
[-8.512810281482985e-05, -5.641036116836584e-05]
[3.81817931099232e-05, -8.642248623069726e-05]
[-5.166929829963918e-06, -0.0001007374661885635]
[-6.63124766321771e-05, -6.391614079585481e-05]
[2.2491949612566883e-05, 1.820486844833491e-05]
[-5.191219915637313e-05, 5.104540559996984e-05]
[-6.946321934364619e-05, 3.538378384812524e-05]
[3.189240609344224e-05, -6.617370358258379e-06]
[-4.852928429645298e-05, -8.305053575102112e-05]
[-2.7580079742323127e-05, -0.00010799693766622848]
[4.813493239994027e-05, -6.538649495801963e-05]
[-8.125048694562764e-05, -2.9120815049035742e-05]
[-1.747467646531775e-05, 3.102913447206035e-05]
[1.3581910307175482e-05, 4.2470292483776095e-05]
[-0.00010278373663377693, -2.153396678734182e-05]
[3.7859669983930644e-05, -4.6124464540220345e-05]
[-9.71431189741856e-06, -8.009106566612967e-05]
[-7.943904956328462e-05, -7.450557015124815e-05]
[5.385984521238951e-05, 7.866873134310115e-07]
[-7.268263829990351e-05, 1.6404751310455934e-05]
[-4.9529453756747e-05, 2.0072790390068818e-05]
[4.616629185266036e-05, -6.894808078972137e-06]
[-8.052224447541168e-05, -8.284416126877817e-05]
[1.04394150899495e-05, -8.814400990446794e-05]
[2.0114349252670083e-05, -6.206293785596118e-05]
[-8.620291593711138e-05, -1.912640331046614e-05]
[7.076657291479882e-06, 4.796296429815383e-05]
[-2.793806782917796e-05, 4.6132738319215605e-05]
[-7.39929230283709e-05, -6.194958686187024e-06]
[3.30303209526428e-05, -5.400336583818999e-05]
[-1.79919448670407e-05, -0.00010201406087904062]
[-4.469905058181872e-05, -9.806302585027571e-05]
[3.654775183087322e-05, -2.83375905945904e-05]
[-6.000553961016397e-05, 1.73882406470649e-05]
[-5.353628586921011e-05, 3.9789178449295415e-05]
[3.121014894116869e-05, 3.124328767289963e-05]
[-8.059887236723517e-05, -4.473637095529434e-05]
[-3.599008825960759e-07, -7.646780412200183e-05]
[3.263109961940125e-05, -7.103862134995309e-05]
[-9.191488861820529e-05, -5.602154873451254e-05]
[2.876058285555816e-05, 1.6186371209814254e-05]
[-2.5021471285108232e-05, 2.6593926331752726e-05]
[-8.494969419331477e-05, -6.694030228168724e-06]
[5.68960985764394e-05, -2.6660702465791664e-05]
[-5.254278298821597e-05, -8.435460849357326e-05]
[-3.1802955033539276e-05, -7.595922933449628e-05]
[4.0817006769625075e-05, -1.977935774305495e-05]
[-9.067416134775352e-05, 8.795742563932896e-06]
[-1.4042271443581722e-05, 4.397874312925265e-05]
[6.325965323919491e-06, 1.9626097576275203e-05]
[-7.41856013252995e-05, -5.0315935252901595e-05]
[2.7902360981726937e-05, -8.420421828239655e-05]
[2.199198266925051e-06, -9.364316556676605e-05]
[-6.027107170314405e-05, -5.902231935787233e-05]
[1.817760183282606e-05, 1.533522294622225e-05]
[-3.9946855812433846e-05, 4.627782982749573e-05]
[-7.102253249960389e-05, 2.881677556607065e-05]
[3.0816293946835105e-05, -4.428553937452229e-06]
[-4.212550270952728e-05, -7.203353745013213e-05]
[-2.98009838475069e-05, -9.524148233787388e-05]
[4.765608419757261e-05, -5.3557735861298195e-05]
[-7.863536066496368e-05, -2.5284280495793676e-05]
[-1.4279709719455802e-05, 2.5006931997639814e-05]
[1.581283473070516e-05, 3.341779839016734e-05]
[-9.514908290805812e-05, -2.531025208423951e-05]
[3.747459809755327e-05, -4.676144177606645e-05]
[-1.0304611111525142e-05, -7.353463675623811e-05]
[-7.18082950719734e-05, -6.048007594840546e-05]
[4.713900053463643e-05, 7.721339509880742e-06]
[-6.669517116139612e-05, 1.9672838937528914e-05]
[-4.5939469870165395e-05, 1.9303132936160372e-05]
[3.7949400054235194e-05, -1.0692569547221531e-05]
[-6.621609078220903e-05, -7.91654196536512e-05]
[8.430085395250142e-06, -8.536704094998238e-05]
[1.8928914827048837e-05, -5.783843131965116e-05]
[-7.521004926797081e-05, -1.5955358812155124e-05]
[-3.1707875863817847e-07, 4.248083807248393e-05]
[-2.0070831157320557e-05, 4.597495625263681e-05]
[-7.021810272656026e-05, -3.0554597039364473e-06]
[2.7047416859618534e-05, -4.94516313693516e-05]
[-1.0982307630316712e-05, -9.045310195873388e-05]
[-4.7822509383128875e-05, -8.805655969745113e-05]
[3.801362726187779e-05, -2.4847904813718458e-05]
[-5.268245914724634e-05, 1.3181702724684996e-05]
[-5.335460237598788e-05, 3.127276602751805e-05]
[3.350954591082103e-05, 2.4158225712916925e-05]
[-7.50771696690633e-05, -4.4435631126878844e-05]
[1.346131725935007e-06, -6.685644243182437e-05]
[2.9478166171825748e-05, -5.858105491726717e-05]
[-8.766995580994363e-05, -4.503332154717765e-05]
[2.611753349218704e-05, 1.8306863316164268e-05]
[-2.4789570759242707e-05, 2.4122011901273055e-05]
[-7.422596805853332e-05, -8.545678260238332e-06]
[5.215174447664728e-05, -3.2450821093849e-05]
[-4.581895504005701e-05, -8.220959081884846e-05]
[-2.8339246329567476e-05, -6.946412862485901e-05]
[3.459913731999886e-05, -1.7268364520151014e-05]
[-7.805919943953965e-05, 1.3628173521518239e-05]
[-1.9429716421937027e-05, 4.3931596047513954e-05]
[5.275152712147513e-06, 1.9245183690563827e-05]
[-6.381526816456873e-05, -4.560677533056723e-05]
[2.0017809037625733e-05, -7.823864195104224e-05]
[8.789957539084847e-06, -8.44879473117649e-05]
[-5.756155030127441e-05, -5.641992361852394e-05]
[1.4183515160318128e-05, 1.081815056558355e-05]
[-3.0794988308741056e-05, 4.143635052400452e-05]
[-6.945146350997855e-05, 2.367051120175101e-05]
[3.300133965992991e-05, -4.357516003833384e-06]
[-3.9471483939790275e-05, -6.40081045166288e-05]
[-3.250067364040515e-05, -8.239157310964765e-05]
[4.716489628697751e-05, -4.383997807499984e-05]
[-7.516867492809998e-05, -2.059288426137229e-05]
[-1.2600105895071989e-05, 2.3653179410387803e-05]
[1.5562587962508756e-05, 2.421398909219219e-05]
[-8.57853240090467e-05, -3.0517123551961067e-05]
[3.6715806077045055e-05, -4.597892378895019e-05]
[-9.719273998745614e-06, -6.78349749037091e-05]
[-6.418313901009054e-05, -5.1378917035892896e-05]
[3.770221060854159e-05, 1.1548628353202917e-05]
[-6.09638929888745e-05, 2.3505167031312446e-05]
[-4.1270009309452016e-05, 2.026576173189132e-05]
[3.282887835031126e-05, -1.2271599700269809e-05]
[-5.515339459759294e-05, -7.422542168434437e-05]
[2.873345896811652e-06, -8.243467282797318e-05]
[1.9902257482107277e-05, -5.583632210447165e-05]
[-6.533756118565215e-05, -1.4110320864079567e-05]
[-6.470760065366288e-06, 3.911515732318849e-05]
[-1.2148457452176853e-05, 4.276604631475722e-05]
[-6.772401522456284e-05, -3.5342373589583587e-06]
[2.2677165469664473e-05, -4.238863133632087e-05]
[-5.113545594209734e-06, -7.883510166878382e-05]
[-4.9849881808301105e-05, -7.93890513623996e-05]
[3.6702366611032766e-05, -2.0475854740881205e-05]
[-4.888997439775333e-05, 9.865341797338223e-06]
[-4.891951480517909e-05, 2.3931908999658136e-05]
[3.6495600815592694e-05, 1.7748468306100218e-05]
[-7.073326373124855e-05, -4.445854609583244e-05]
[1.6874428836188837e-06, -6.0507077065508064e-05]
[2.546842189209142e-05, -5.0910267031661904e-05]
[-8.175335509283399e-05, -3.427018101756496e-05]
[2.3126393028288783e-05, 2.3274316406834972e-05]
[-2.3582194077637064e-05, 2.1820687102963587e-05]
[-6.545187150996945e-05, -1.0536056329529808e-05]
[4.510410537234e-05, -3.477669005721995e-05]
[-3.7143203895658936e-05, -7.966660858948864e-05]
[-2.5144078635920206e-05, -6.597765499392547e-05]
[2.7451150528226553e-05, -1.5319265357471856e-05]
[-6.73401717301847e-05, 1.5776273909196004e-05]
[-2.2576882702907142e-05, 4.147093707626559e-05]
[7.259916791173271e-06, 2.0842870588566598e-05]
[-5.671760613913668e-05, -3.9708695272436256e-05]
[1.195753760156737e-05, -7.289244031923048e-05]
[1.3290820665853853e-05, -7.690273977990769e-05]
[-5.6348964625516085e-05, -5.250528305786664e-05]
[1.3613447677536528e-05, 9.455984242123794e-06]
[-2.2369072644051746e-05, 3.497308090558149e-05]
[-6.838609768414217e-05, 1.6869949665487827e-05]
[3.3425275485138295e-05, -4.289713980420995e-06]
[-3.648699892146515e-05, -5.8694274596607365e-05]
[-3.198289792885611e-05, -7.139577477563788e-05]
[4.337475653100331e-05, -3.322894472898574e-05]
[-7.24568119134239e-05, -1.628545303546114e-05]
[-9.685758789998444e-06, 2.1916280011552436e-05]
[1.4764156165011921e-05, 1.902640377232645e-05]
[-7.617237588042336e-05, -3.3022284658266315e-05]
[3.424717281486078e-05, -4.786434536339923e-05]
[-1.0135064851438114e-05, -6.510070659903125e-05]
[-5.7353419378014525e-05, -4.396829079247183e-05]
[3.101702386830267e-05, 1.4896276302522882e-05]
[-5.26020077366296e-05, 2.638291119841374e-05]
[-4.001476486623079e-05, 2.083217970122453e-05]
[2.6422855619809282e-05, -1.181831690302837e-05]
[-4.469719257116367e-05, -6.968021511302713e-05]
[-1.8531148969005984e-06, -7.875619289465785e-05]
[2.0832903715434226e-05, -5.101470791822604e-05]
[-5.7943052316267174e-05, -1.4833441320957763e-05]
[-1.0176586682245081e-05, 3.300769591174646e-05]
[-4.9832342179506606e-06, 4.075482822413212e-05]
[-6.522896128979827e-05, -4.031554525676939e-06]
[2.0333965447053015e-05, -3.786265340652295e-05]
[-3.6277049195246325e-06, -6.89826677420062e-05]
[-5.1844726618753556e-05, -7.001307766501055e-05]
[3.761900595002088e-05, -1.5078889379183114e-05]
[-4.468897164430774e-05, 8.133463817658337e-06]
[-4.526313654529268e-05, 1.8497576911136182e-05]
[3.5681484603054814e-05, 1.0959378483915705e-05]
[-6.545129309604159e-05, -4.6834300664613804e-05]
[3.238646755790442e-06, -5.5538707210367466e-05]
[2.1413149021751177e-05, -4.288092635290619e-05]
[-7.458929642074896e-05, -2.6495630562131667e-05]
[1.8900456503996577e-05, 2.5478482512747425e-05]
[-2.29117033829912e-05, 2.2982575179686382e-05]
[-5.6877092440121846e-05, -1.0388077804457385e-05]
[3.8580415230304865e-05, -3.712938468086735e-05]
[-3.081226882364202e-05, -7.611139674740253e-05]
[-2.4458169653961657e-05, -6.358365148184317e-05]
[2.4495600808610574e-05, -1.5024393296064753e-05]
[-5.602280955538386e-05, 1.7299306801513148e-05]
[-2.662299405248314e-05, 3.8846857287389014e-05]
[8.57995302084441e-06, 2.082244382617393e-05]
[-5.212729903067426e-05, -3.6247821984893014e-05]
[5.983191095085272e-06, -6.594376419884196e-05]
[1.759184033664485e-05, -6.669627565650954e-05]
[-5.50031825234526e-05, -4.9263353993380526e-05]
[1.3060940124508258e-05, 7.425832598551008e-06]
[-1.783759219070591e-05, 3.0129337820955504e-05]
[-6.483747135244133e-05, 1.020478518581891e-05]
[3.4932175442786706e-05, -6.358026807096184e-06]
[-3.6078482436949916e-05, -5.3916534308320885e-05]
[-3.098970475055168e-05, -6.26045786500315e-05]
[4.043695584841911e-05, -2.5530304155280126e-05]
[-6.814584430980819e-05, -9.788323184045655e-06]
[-8.079623756818144e-06, 2.2635530299436324e-05]
[1.2121044994109487e-05, 1.3892421652589304e-05]
[-6.786817926381083e-05, -3.5670382506229614e-05]
[3.066876278948194e-05, -4.889127688895156e-05]
[-7.707933466521988e-06, -6.148032080640492e-05]
[-4.970284126694369e-05, -3.947585783458871e-05]
[2.3503966349366218e-05, 1.5544315398297037e-05]
[-4.594506673122334e-05, 2.91130235344772e-05]
[-3.8831500776381755e-05, 2.03129964976706e-05]
[2.273764186794952e-05, -1.055379003273016e-05]
[-3.746190219622303e-05, -6.255735297704124e-05]
[-7.185465748175968e-06, -7.532829012587075e-05]
[2.3362865104514796e-05, -4.7685868015373556e-05]
[-5.224100694750655e-05, -1.3910737336593482e-05]
[-1.2007375789574448e-05, 2.826150074422551e-05]
[8.61166974813754e-07, 3.5873244845968655e-05]
[-6.465347213246986e-05, -6.552917305269884e-06]
[1.8857566640592682e-05, -3.356808333145056e-05]
[-1.4220770015865858e-06, -5.9718655641565616e-05]
[-5.0889756528879615e-05, -6.078297952872083e-05]
[3.608170137091998e-05, -9.58115615729005e-06]
[-4.3616651947353535e-05, 7.577392916360837e-06]
[-4.0445536505367974e-05, 1.3431924433982001e-05]
[3.4665167760041665e-05, 5.081602909268179e-06]
[-6.004469258795442e-05, -4.6910415734416344e-05]
[4.46360510034105e-06, -5.3544963510104154e-05]
[1.7937767585879394e-05, -3.900727280410632e-05]
[-6.741787828895562e-05, -1.833657049821885e-05]
[1.4805484755950338e-05, 2.7762758291527412e-05]
[-2.106304708852924e-05, 2.3253127760941572e-05]
[-5.192824143124275e-05, -9.419997527217172e-06]
[3.1352439762419304e-05, -3.7650879867762166e-05]
[-2.240360145466802e-05, -7.188386051574201e-05]
[-2.338057924153661e-05, -6.0902235046088327e-05]
[2.16530371218715e-05, -1.4612497590493767e-05]
[-4.801862402159518e-05, 1.6514041978651917e-05]
[-2.983524313007746e-05, 3.374485406515415e-05]
[1.1444778262603011e-05, 2.0860569999614498e-05]
[-4.86809310487335e-05, -3.1365712211205155e-05]
[2.2567897419445426e-06, -6.004770366887374e-05]
[1.9841680264656714e-05, -5.85261503435186e-05]
[-5.524781489918418e-05, -4.363176868391397e-05]
[1.4219646693302418e-05, 6.973336356880244e-06]
[-1.4218655344733211e-05, 2.4550519823973715e-05]
[-6.227495575833464e-05, 4.804384913570381e-06]
[3.4905151126612965e-05, -9.502303765063225e-06]
[-3.358568138472906e-05, -5.164313701257542e-05]
[-2.7731510215022598e-05, -5.422746901591162e-05]
[3.582642888633192e-05, -1.839018842481055e-05]
[-6.450613258685012e-05, -4.733260998410205e-06]
[-8.023410136795417e-06, 2.250397238529045e-05]
[9.567719817374365e-06, 1.1408123274991855e-05]
[-5.874547010294162e-05, -3.4978335943684075e-05]
[2.731094119448607e-05, -5.0512712071043575e-05]
[-5.658049264542497e-06, -5.955058531502411e-05]
[-4.485025841433066e-05, -3.560261408766183e-05]
[1.8286203499915873e-05, 1.4658591127952869e-05]
[-3.793391505760302e-05, 3.0037272884697597e-05]
[-4.013311547926279e-05, 2.0548154638713734e-05]
[1.9689931930522153e-05, -9.38958946727908e-06]
[-3.061805120771824e-05, -5.692150622555944e-05]
[-1.1408323986758506e-05, -6.934812468929741e-05]
[2.559446504674101e-05, -4.2490956898746934e-05]
[-4.891719553998253e-05, -1.4641798105341497e-05]
[-1.3582342069273778e-05, 2.281477466667403e-05]
[5.200706575891889e-06, 3.12316528334744e-05]
[-6.186828930804245e-05, -8.611779679233017e-06]
[1.9765653356734747e-05, -3.0874816642836866e-05]
[-1.9302333981313646e-06, -5.271811134242854e-05]
[-5.068163747536103e-05, -5.167320929616581e-05]
[3.465396795710937e-05, -4.9373551567200025e-06]
[-4.1631547825965454e-05, 8.142402014410521e-06]
[-3.661621535158699e-05, 1.1847642841539274e-05]
[3.2122860383454466e-05, -8.569444394368464e-07]
[-5.3465565974804286e-05, -4.859846665941636e-05]
[5.019792616682561e-06, -5.09146399739549e-05]
[1.5503873463454387e-05, -3.553843125313205e-05]
[-6.0088376285377665e-05, -1.363698750135589e-05]
[8.76856569666934e-06, 2.8351856854319513e-05]
[-1.9017042761845793e-05, 2.445259852895676e-05]
[-4.6351968518099085e-05, -7.562842133559955e-06]
[2.625991217616863e-05, -3.662749169794366e-05]
[-1.6239902087704372e-05, -6.682848518185097e-05]
[-2.5217818855362978e-05, -5.8538643882732194e-05]
[2.0671323193062474e-05, -1.53313335445604e-05]
[-4.0547210923003174e-05, 1.5199510831495622e-05]
[-3.214193277048527e-05, 3.0167232750288875e-05]
[1.4731011314376985e-05, 1.888300304034307e-05]
[-4.6501263346473976e-05, -2.952784379432749e-05]
[-6.06076543882561e-07, -5.2665633758400276e-05]
[2.150523628979828e-05, -5.002029911817252e-05]
[-5.470725616127381e-05, -3.882703200694046e-05]
[1.3653098481412884e-05, 7.693566683841802e-06]
[-1.2966700873251469e-05, 2.0038209599282375e-05]
[-5.6818641956862814e-05, -1.5748377514557266e-07]
[3.5400179922671915e-05, -1.2340195942012189e-05]
[-3.198132019231314e-05, -4.979497184301809e-05]
[-2.552788296780739e-05, -4.863869967696756e-05]
[3.084926435088786e-05, -1.4269953795220669e-05]
[-5.95168868338658e-05, 7.489165205071258e-07]
[-8.20449406239987e-06, 2.4565317131852726e-05]
[7.902900123264722e-06, 9.347556087724307e-06]
[-5.133023237741119e-05, -3.465671460914019e-05]
[2.20221582403618e-05, -5.0147388554286354e-05]
[-1.852012009043169e-06, -5.722369932985305e-05]
[-4.013200435881714e-05, -3.389051777421409e-05]
[1.2697601829630284e-05, 1.3699814468970395e-05]
[-3.106976177597032e-05, 2.9490204816073895e-05]
[-4.0220919787836706e-05, 1.8754356876857226e-05]
[1.8902095465879454e-05, -6.8196601643311094e-06]
[-2.6233832937792162e-05, -5.045300216728263e-05]
[-1.5829017677201906e-05, -6.419307100383187e-05]
[2.6765983715523745e-05, -3.8024355755478245e-05]
[-4.676608873771526e-05, -1.3973293963173705e-05]
[-1.2559293745093014e-05, 1.9671835570472807e-05]
[9.199870685747125e-06, 2.5626170900600043e-05]
[-5.986912890376672e-05, -1.214523071109419e-05]
[1.942633091658874e-05, -2.8713068243618745e-05]
[-2.0013151373898808e-06, -4.7622793142524517e-05]
[-4.807366655606993e-05, -4.374341510576113e-05]
[3.118065512227111e-05, 7.291351090399356e-07]
[-4.0201596269717754e-05, 8.966162901719033e-06]
[-3.223260413473539e-05, 9.888089296888891e-06]
[2.91516438465228e-05, -4.004830235992962e-06]
[-4.671729495329957e-05, -4.84208006434339e-05]
[4.445255078582011e-06, -5.070661922263603e-05]
[1.2792951798595853e-05, -3.404872501711065e-05]
[-5.338094236975732e-05, -9.766945389667187e-06]
[4.70256927311008e-06, 2.8602424210932842e-05]
[-1.4912273611236704e-05, 2.533672327270642e-05]
[-4.373863080853191e-05, -6.010153922236805e-06]
[2.0288639695484334e-05, -3.456387285918905e-05]
[-1.0226137678599756e-05, -6.197604005389254e-05]
[-2.6525732599088497e-05, -5.555994926044819e-05]
[2.0162860789901815e-05, -1.3816870532368242e-05]
[-3.4939022379165685e-05, 1.2389330954001854e-05]
[-3.30704577342078e-05, 2.4484658990325814e-05]
[1.7598784449801737e-05, 1.7647761978129006e-05]
[-4.449204053846856e-05, -2.7776634534496317e-05]
[-1.7267027260514656e-06, -4.742326495750515e-05]
[2.0400316456045675e-05, -4.260906100168882e-05]
[-5.437348380510354e-05, -3.3093767837709745e-05]
[1.4773489714042798e-05, 9.248678223050533e-06]
[-1.1474524991283985e-05, 1.698821949855378e-05]
[-5.2285221538384e-05, -3.6957280266924908e-06]
[3.334532340652785e-05, -1.598099903721284e-05]
[-2.9457222265097047e-05, -4.9755555160279144e-05]
[-2.2399052828531683e-05, -4.4017138120581306e-05]
[2.6223848420464657e-05, -9.840689582540918e-06]
[-5.370341958715885e-05, 4.505091968573516e-06]
[-9.738018319022101e-06, 2.4734718356261842e-05]
[5.904677662475766e-06, 9.784384169847504e-06]
[-4.415561866348561e-05, -3.272110018769439e-05]
[1.7336885116583933e-05, -5.007375490742594e-05]
[7.810980543893065e-07, -5.4133437349973557e-05]
[-3.751017693418013e-05, -3.278508866803344e-05]
[1.0207472428958725e-05, 1.148794589575508e-05]
[-2.377469586795078e-05, 2.8744248466855415e-05]
[-4.140975211175402e-05, 1.6952577507001187e-05]
[1.8031076093050213e-05, -5.7611876414787044e-06]
[-2.3547710969629154e-05, -4.5784531912403115e-05]
[-1.8782383232031352e-05, -5.774764059314312e-05]
[2.8239093254806003e-05, -3.160850295208517e-05]
[-4.480160193032212e-05, -1.3449010429794628e-05]
[-1.1815516045454721e-05, 1.6223118135261227e-05]
[1.0439562127304014e-05, 2.1051030493185463e-05]
[-5.616032309466168e-05, -1.5617440433234042e-05]
[2.0274673229930817e-05, -2.8332344222142813e-05]
[-3.5664722253248016e-06, -4.303824456612301e-05]
[-4.532995556824626e-05, -3.72175797192717e-05]
[2.8281532674437337e-05, 4.321837875076451e-06]
[-3.775302653571955e-05, 1.1712713892650384e-05]
[-2.9120818044292562e-05, 1.0027857535843676e-05]
[2.5190906118289363e-05, -7.371110626569477e-06]
[-4.0710130300991576e-05, -4.842515993236374e-05]
[2.989107601839014e-06, -4.9906457275964225e-05]
[1.2572614564054785e-05, -3.210185722711534e-05]
[-4.629663003756501e-05, -7.806670925272763e-06]
[-3.1264287221610676e-07, 2.709522843830081e-05]
[-1.185832684412469e-05, 2.6070420686863383e-05]
[-4.136541545493588e-05, -5.161597341402091e-06]
[1.6662908447692693e-05, -3.191877193710335e-05]
[-6.1728363303925615e-06, -5.5339532721491655e-05]
[-2.8617008697065516e-05, -5.2662448841965526e-05]
[2.0888837455684817e-05, -1.3355745644566541e-05]
[-3.0796239287395055e-05, 1.0918558833020175e-05]
[-3.2845269967274326e-05, 2.004597536284236e-05]
[2.0019176671599685e-05, 1.4114672612391965e-05]
[-4.381886877262431e-05, -2.7659115824460456e-05]
[-2.1843040313301865e-06, -4.232720883054486e-05]
[2.0073879823306884e-05, -3.582048229648638e-05]
[-5.219425544795986e-05, -2.7207257025988613e-05]
[1.3880789950994343e-05, 1.1269641548239395e-05]
[-1.2180986334611732e-05, 1.47707288195853e-05]
[-4.6956379273155324e-05, -6.846991543553449e-06]
[3.145732615856406e-05, -1.8996775755564244e-05]
[-2.6481791632204307e-05, -4.832732276449994e-05]
[-1.9729224910551568e-05, -4.1617488086457405e-05]
[2.1980638930212126e-05, -8.47875580595181e-06]
[-4.804535957558809e-05, 8.677829189923658e-06]
[-1.1407459478002258e-05, 2.5323288380924014e-05]
[5.265223846192407e-06, 9.617514775323022e-06]
[-3.957042658564447e-05, -3.0225982500730122e-05]
[1.2053583732532513e-05, -4.865319888090053e-05]
[5.223753850591706e-06, -5.079793039187985e-05]
[-3.4983891023146474e-05, -3.141066692509756e-05]
[7.71844792759116e-06, 9.678713565414165e-06]
[-1.870488601167508e-05, 2.622732739515632e-05]
[-4.211494121861281e-05, 1.3404538719272163e-05]
[1.8684178575333055e-05, -4.560761705907357e-06]
[-2.152582327290438e-05, -4.036593348239956e-05]
[-2.0300574892613554e-05, -5.2058014315086235e-05]
[2.818621506875396e-05, -2.658229467880635e-05]
[-4.429613252590614e-05, -1.1100193261268099e-05]
[-9.84353914972036e-06, 1.4325198668785344e-05]
[1.1427598739399691e-05, 1.600062813197911e-05]
[-5.3086391920323384e-05, -1.8306744344538314e-05]
[2.0020500691747545e-05, -2.883881573050029e-05]
[-3.4933922795146732e-06, -4.065743635921562e-05]
[-4.1202074069913996e-05, -3.097558945763107e-05]
[2.4060791357154512e-05, 7.882091509814337e-06]
[-3.5595637746466124e-05, 1.3477629615954445e-05]
[-2.7235475945297516e-05, 9.756639101243803e-06]
[2.152536624575735e-05, -8.602763900078525e-06]
[-3.39047176161969e-05, -4.627930502087291e-05]
[1.456997679782912e-06, -4.9673624356632445e-05]
[1.2117952835163925e-05, -3.138109128869582e-05]
[-4.1472154510946435e-05, -6.399642092064228e-06]
[-3.6595441667286455e-06, 2.475977283980524e-05]
[-7.335013006259938e-06, 2.568987964632341e-05]
[-4.086542611161925e-05, -3.856760417357552e-06]
[1.3552467890975972e-05, -2.9333027557407187e-05]
[-2.3941182020065233e-06, -5.005156054052086e-05]
[-3.0267739074055916e-05, -4.791998526679914e-05]
[2.1502448317174683e-05, -1.1125099118214354e-05]
[-2.827162350282908e-05, 8.256593279062918e-06]
[-3.2417516853539e-05, 1.5232905085232895e-05]
[2.1571813951860516e-05, 1.0894129584715362e-05]
[-4.148441323881952e-05, -2.7613369412600453e-05]
[-9.704240506933082e-07, -3.854241918013063e-05]
[1.769086793725061e-05, -3.064203119754194e-05]
[-5.072416941423463e-05, -2.145888558838585e-05]
[1.3116970722877597e-05, 1.3052806521446358e-05]
[-1.1928802451641185e-05, 1.3723164121126619e-05]
[-4.231857396388983e-05, -7.479663028053807e-06]
[2.8439632679476412e-05, -2.2123684030095347e-05]
[-2.2645172720662382e-05, -4.840513265649826e-05]
[-1.7836468608055378e-05, -3.896507248535297e-05]
[1.8635970949532066e-05, -7.155400230024478e-06]
[-4.203895024509907e-05, 1.0388457916024607e-05]
[-1.4565695367257936e-05, 2.4833684500846775e-05]
[4.9712042028554615e-06, 1.0411200893845063e-05]
[-3.4601290052199696e-05, -2.7366057127923074e-05]
[8.202956486763613e-06, -4.6192527602323397e-05]
[8.064168559515639e-06, -4.673823594970872e-05]
[-3.4797314542298063e-05, -3.0447591030768884e-05]
[6.795096693414104e-06, 7.313957851362574e-06]
[-1.3794681505752138e-05, 2.3617478018267413e-05]
[-4.217903818781732e-05, 1.0844069928697686e-05]
[1.97760948496134e-05, -4.890687602038257e-06]
[-2.0630015116755718e-05, -3.7458589268284104e-05]
[-2.1381786652438506e-05, -4.545167892619408e-05]
[2.786783960288114e-05, -2.099726890258946e-05]
[-4.3098174372646625e-05, -9.173159935357833e-06]
[-9.06808868010589e-06, 1.3523478453236759e-05]
[1.0722161487439208e-05, 1.1957828947611882e-05]
[-4.795730329354431e-05, -2.099678506294056e-05]
[2.0084819485441385e-05, -2.9334836952943366e-05]
[-4.0440105586181385e-06, -3.8581093313696385e-05]
[-3.786924478542397e-05, -2.70020229301976e-05]
[1.970395542619588e-05, 9.4436057919145e-06]
[-3.2275863155351026e-05, 1.5985133621790326e-05]
[-2.5603666803319935e-05, 1.1082635662157392e-05]
[1.8572173184412677e-05, -9.473280993321787e-06]
[-2.852643172398389e-05, -4.454423636628471e-05]
[-1.7227611784353947e-06, -4.82667290894849e-05]
[1.3262392397531131e-05, -3.0182668140060764e-05]
[-3.664708940681605e-05, -6.477125780710025e-06]
[-7.1881840694593135e-06, 2.248312400102148e-05]
[-3.5501965691547843e-06, 2.4429870864539627e-05]
[-3.973404350386678e-05, -4.331016137813087e-06]
[1.2129422169340764e-05, -2.582932752778766e-05]
[-4.3100569465520655e-07, -4.4046420515076595e-05]
[-3.209255431015079e-05, -4.3929929838173315e-05]
[2.158312439258514e-05, -9.18127743670949e-06]
[-2.664893211495878e-05, 7.0032614670340054e-06]
[-3.0065217975328018e-05, 1.2062494673947821e-05]
[2.2946942103731216e-05, 6.927708239318209e-06]
[-3.9951607802263256e-05, -2.883004963100122e-05]
[-7.093293370938336e-07, -3.550123607952427e-05]
[1.5848697397971567e-05, -2.678108557634118e-05]
[-4.737061282024391e-05, -1.6358866183325757e-05]
[1.0917212125712006e-05, 1.5774774244442513e-05]
[-1.2095319952706851e-05, 1.3146780613620956e-05]
[-3.7524573683556106e-05, -8.51732550875145e-06]
[2.5055857922062774e-05, -2.334466828886328e-05]
[-1.8569711977469566e-05, -4.7053827467803504e-05]
[-1.674131879128571e-05, -3.8343037864846385e-05]
[1.5355057149203655e-05, -7.2091281806963e-06]
[-3.651813789823377e-05, 1.179614765541015e-05]
[-1.6376846679211354e-05, 2.401653525116454e-05]
[6.331210944912624e-06, 1.1051438498443922e-05]
[-3.212194084555031e-05, -2.4740297679850046e-05]
[3.7017831975849624e-06, -4.323601401376442e-05]
[1.1074796376311924e-05, -4.2723330716518126e-05]
[-3.4264432151542845e-05, -2.8829155790827468e-05]
[6.431569209493226e-06, 6.7193160410705666e-06]
[-1.0318997684499731e-05, 2.005650621955679e-05]
[-4.1510580989972956e-05, 6.575633573646655e-06]
[2.0640003555193187e-05, -4.864738495619081e-06]
[-1.9837933463011728e-05, -3.4621557490094323e-05]
[-2.1010249884923643e-05, -4.05585208910781e-05]
[2.571149921240523e-05, -1.6113005736895225e-05]
[-4.220657768244651e-05, -6.208312464346666e-06]
[-7.112063722530815e-06, 1.3368023345033953e-05]
[1.020372418560761e-05, 9.081603446564612e-06]
[-4.369877181373272e-05, -2.258982292748478e-05]
[1.8335253634885196e-05, -3.0790274934772155e-05]
[-3.6364919909492865e-06, -3.790891634402466e-05]
[-3.38543487270887e-05, -2.360524717800322e-05]
[1.574358750640846e-05, 1.126146773650083e-05]
[-2.835818809437951e-05, 1.7420275874827085e-05]
[-2.534997479564094e-05, 1.102122183879728e-05]
[1.5441622632148683e-05, -8.58166991446474e-06]
[-2.3257172116472602e-05, -4.154427677163092e-05]
[-4.358714715123335e-06, -4.717066060074167e-05]
[1.3854036800181602e-05, -2.837820514489664e-05]
[-3.3608840762089365e-05, -6.823417777357399e-06]
[-8.477066624643093e-06, 1.9220290666616124e-05]
[6.25634891004978e-07, 2.306346327490827e-05]
[-3.966893711457309e-05, -4.759131476801681e-06]
[1.0886149602193362e-05, -2.3707830436592303e-05]
[4.373873672969264e-07, -3.942713770035966e-05]
[-3.291235619708871e-05, -3.8770676912328744e-05]
[2.2067979683418337e-05, -5.715462781441527e-06]
[-2.5311042082309942e-05, 5.825083435079259e-06]
[-2.8180221990525833e-05, 8.766291241149582e-06]
[2.234082859961864e-05, 3.552061066114387e-06]
[-3.705634784618994e-05, -3.0051391784562814e-05]
[6.320093389605708e-07, -3.3889681474861405e-05]
[1.3120844596523074e-05, -2.337555431124183e-05]
[-4.4092770474735143e-05, -1.2137516212562885e-05]
[8.99269503705502e-06, 1.698053458906723e-05]
[-1.1488716229177132e-05, 1.4143149589918025e-05]
[-3.3855324340553716e-05, -7.795130542428974e-06]
[2.1145484623119604e-05, -2.4918570975793197e-05]
[-1.4817810888703709e-05, -4.592207006539131e-05]
[-1.646189836240937e-05, -3.720248869809942e-05]
[1.413613348504733e-05, -6.992530679567066e-06]
[-3.081389972822701e-05, 1.1869716228893323e-05]
[-1.9194511686443372e-05, 2.2008684726376737e-05]
[7.097315253182246e-06, 1.1473330230798995e-05]
[-2.9829508773615565e-05, -2.2652863118467065e-05]
[1.129267217493679e-06, -3.9802792295443035e-05]
[1.285113883948974e-05, -3.741039329294149e-05]
[-3.459964830535012e-05, -2.716238429778181e-05]
[6.932048631728277e-06, 5.404736386882547e-06]
[-7.994902983102237e-06, 1.7539444126024595e-05]
[-4.0068370080276194e-05, 3.3752768465733496e-06]
[2.149598644374945e-05, -6.735417323461279e-06]
[-1.992803047371188e-05, -3.3181829248912775e-05]
[-2.0234002746958094e-05, -3.5703827646416456e-05]
[2.423197675203298e-05, -1.1764148318743617e-05]
[-4.0067050287889705e-05, -2.9745232829059276e-06]
[-6.887233176738894e-06, 1.3842012651171798e-05]
[8.16622793059496e-06, 6.771132485372533e-06]
[-3.877668286950131e-05, -2.3897276142704343e-05]
[1.682553394936892e-05, -3.1773868821111106e-05]
[-2.6468852914948715e-06, -3.636432511134463e-05]
[-3.0396483269315433e-05, -2.1899868237031453e-05]
[1.195378621627989e-05, 1.0809232090736032e-05]
[-2.4547094457177954e-05, 1.922598225753691e-05]
[-2.5323062114834816e-05, 1.146572426560799e-05]
[1.3672703870148961e-05, -8.138799831108878e-06]
[-1.9846900697451098e-05, -3.822139453703299e-05]
[-7.626967559154485e-06, -4.5017723442572835e-05]
[1.595136752471915e-05, -2.6469957878597072e-05]
[-3.0846400922796e-05, -6.926832397564919e-06]
[-9.866484259532515e-06, 1.6506765191881545e-05]
[3.335794975072026e-06, 2.0274153360533287e-05]
[-3.924864711139786e-05, -6.575147641952467e-06]
[1.0965874877810755e-05, -2.141567624074081e-05]
[9.211665218111786e-07, -3.442457652782886e-05]
[-3.284364026655967e-05, -3.4168510370295724e-05]
[2.1307302662223332e-05, -3.144516025177513e-06]
[-2.515694074377295e-05, 6.082752007655068e-06]
[-2.5363049003607196e-05, 6.858535319842485e-06]
[2.1824736498827352e-05, -1.5819018595042422e-07]
[-3.4540106968475315e-05, -3.085781588793579e-05]
[1.0210236595087352e-06, -3.302176704925164e-05]
[1.1679121000016113e-05, -2.1802750626465084e-05]
[-3.9900563294309466e-05, -8.110628707166598e-06]
[5.964857826355752e-06, 1.845265754199521e-05]
[-1.0874148811956807e-05, 1.4442364423411513e-05]
[-3.113994836653755e-05, -7.362707214707276e-06]
[1.7525234948898016e-05, -2.476280275262588e-05]
[-1.0321298773437182e-05, -4.334835111369055e-05]
[-1.646106715190443e-05, -3.6585739862707994e-05]
[1.2726568903623225e-05, -7.592255876598397e-06]
[-2.6859787041727534e-05, 1.1485466608826544e-05]
[-2.0747182689836996e-05, 1.951380177994677e-05]
[9.305812059479807e-06, 1.1172219991750776e-05]
[-2.897354210124048e-05, -2.037694620974327e-05]
[-1.1364868796881478e-06, -3.6441906150187775e-05]
[1.4414946832422282e-05, -3.320748968341919e-05]
[-3.480663888029423e-05, -2.4088131796325823e-05]
[7.395432182137618e-06, 5.7527277142477296e-06]
[-6.72918197479333e-06, 1.4157729940317276e-05]
[-3.845285716494451e-05, -1.3586035161466947e-07]
[2.1768339708183593e-05, -8.317683160868894e-06]
[-1.871735869525895e-05, -3.2069876766807615e-05]
[-1.8296958144689568e-05, -3.196145916887182e-05]
[2.1132867443651726e-05, -8.498714148513775e-06]
[-3.8479245750067115e-05, 1.7245064268950339e-07]
[-6.540828072984506e-06, 1.434081553980393e-05]
[7.064607852432653e-06, 5.574734600860554e-06]
[-3.4360661530577485e-05, -2.340452763586673e-05]
[1.4346831978317987e-05, -3.2946238660777616e-05]
[-9.899882639566315e-07, -3.609574649795361e-05]
[-2.7692302506460154e-05, -2.0114603736158185e-05]
[8.932706469733098e-06, 1.0551726532248562e-05]
[-2.024013762709498e-05, 1.9254008859895255e-05]
[-2.649148584533967e-05, 1.1084229787086675e-05]
[1.2236587513946018e-05, -6.836987197500477e-06]
[-1.6187909308486986e-05, -3.4817442092556494e-05]
[-9.942329644671566e-06, -4.217043801013447e-05]
[1.6875137805537344e-05, -2.3826638370763598e-05]
[-2.992359618202156e-05, -7.38775114164647e-06]
[-9.949707362080784e-06, 1.3507464528106361e-05]
[6.090327119324945e-06, 1.760989370561128e-05]
[-3.837880924373316e-05, -7.814419671153816e-06]
[1.1383171201140296e-05, -2.040644020778748e-05]
[4.481926556068605e-07, -3.1443892033813925e-05]
[-3.255335907700885e-05, -2.8951444886519268e-05]
[2.0463093556600045e-05, 1.0925364860026043e-07]
[-2.4335581623541325e-05, 6.206869665847936e-06]
[-2.345767411773836e-05, 5.839995566608858e-06]
[2.0001675329790747e-05, -3.01766757665467e-06]
[-3.0499002049981516e-05, -3.188656557203892e-05]
[1.5696123746855584e-06, -3.2333370790895224e-05]
[9.825325531023776e-06, -2.0361073651192774e-05]
[-3.6276979393401465e-05, -5.873222051713811e-06]
[2.894795185115484e-06, 1.8508497774682997e-05]
[-9.247710039142487e-06, 1.559545280499508e-05]
[-2.871441917333406e-05, -5.8008194267177016e-06]
[1.4432417004189846e-05, -2.4396354036268497e-05]
[-6.981229800074457e-06, -4.111735667494329e-05]
[-1.785887305826364e-05, -3.5227342581399534e-05]
[1.2764159050132617e-05, -7.658911730629159e-06]
[-2.2798462091438987e-05, 1.01164650058716e-05]
[-2.2444967577209263e-05, 1.705432169918364e-05]
[1.0991449784578632e-05, 1.0260686004376351e-05]
[-2.780639855196748e-05, -1.9659460515028884e-05]
[-2.123826518991845e-06, -3.2511417563059475e-05]
[1.4654166567880378e-05, -2.8309609133109204e-05]
[-3.5136941262989274e-05, -2.1591392413592564e-05]
[7.581576370235821e-06, 6.017907425187596e-06]
[-6.1679335164044335e-06, 1.2112272362113652e-05]
[-3.541996795890234e-05, -2.4909450431209734e-06]
[2.1924099727697877e-05, -1.05977793796036e-05]
[-1.820760063465411e-05, -3.199209722980559e-05]
[-1.7111985168190725e-05, -2.8986453979388746e-05]
[1.862696490144422e-05, -6.14714930691207e-06]
[-3.535614425137501e-05, 3.0540674925555455e-06]
[-7.327603967724472e-06, 1.5616666901141496e-05]
[5.62830268593939e-06, 4.8491424390895155e-06]
[-2.999411039319999e-05, -2.331743950880101e-05]
[1.1543982445016976e-05, -3.2817308197763406e-05]
[1.0067674471800347e-06, -3.4640785560723086e-05]
[-2.5571442098540342e-05, -1.9948739936289858e-05]
[6.10070620133199e-06, 9.276696881665991e-06]
[-1.6317737974252955e-05, 1.926694644778515e-05]
[-2.677180314727967e-05, 1.0354892905295454e-05]
[1.21538594875098e-05, -5.705931415994625e-06]
[-1.4568802760241487e-05, -3.15696261875241e-05]
[-1.2765435165276728e-05, -3.909270142913625e-05]
[1.815757911553112e-05, -2.1123220417390565e-05]
[-2.8767734867055084e-05, -7.12777757022609e-06]
[-9.557342154908888e-06, 1.1905078280000092e-05]
[7.716563428968037e-06, 1.424758615675703e-05]
[-3.714138496166419e-05, -1.0473290419395556e-05]
[1.1681587922328374e-05, -1.930808198688516e-05]
[2.5601904971028766e-09, -2.848753553356953e-05]
[-3.10607607831373e-05, -2.5045220233853305e-05]
[1.830944248076491e-05, 2.8884182042554496e-06]
[-2.3849389008220867e-05, 7.3724294704230475e-06]
[-2.0770540872364074e-05, 5.310470585995208e-06]
[1.8352742790491566e-05, -5.024633126987643e-06]
[-2.718024549241277e-05, -3.203305563996561e-05]
[7.58962678613917e-07, -3.259548581037788e-05]
[8.937594322112885e-06, -2.0027720142645755e-05]
[-3.215709315762538e-05, -3.905803165043381e-06]
[1.237896459088672e-07, 1.8764973147511466e-05]
[-7.144994146154882e-06, 1.5996443376964375e-05]
[-2.760349628143366e-05, -5.303318579782251e-06]
[1.1266040490079399e-05, -2.2787401999457835e-05]
[-3.5837664912781453e-06, -3.786050485494498e-05]
[-1.881546159355693e-05, -3.4090220925937775e-05]
[1.2548861512282766e-05, -7.232724360761722e-06]
[-2.0267755156830325e-05, 8.67463337245189e-06]
[-2.2540175845547905e-05, 1.3794398580818656e-05]
[1.3071066694342673e-05, 9.208372480307148e-06]
[-2.7555388910388556e-05, -1.887795491940271e-05]
[-2.834387526164106e-06, -2.979550789593624e-05]
[1.4209127953468403e-05, -2.4511437477753306e-05]
[-3.479353173088673e-05, -1.7985536956281398e-05]
[8.10536661890321e-06, 7.5129813751906305e-06]
[-5.882688750277754e-06, 1.0191327794173421e-05]
[-3.2927980607277973e-05, -4.881340663100142e-06]
[2.062841845629909e-05, -1.2583328485138434e-05]
[-1.6495527884935468e-05, -3.1966685993242705e-05]
[-1.5022753774956467e-05, -2.7116579602365007e-05]
[1.555335118068324e-05, -4.18721373604547e-06]
[-3.241620619107155e-05, 5.3799569756235455e-06]
[-8.079674320191077e-06, 1.5756637289143782e-05]
[4.862730319306341e-06, 5.3601567474304e-06]
[-2.654911368886459e-05, -2.176521599294226e-05]
[8.44985808800408e-06, -3.307153855595241e-05]
[2.9505850793892785e-06, -3.342390017604252e-05]
[-2.4244343995769024e-05, -1.9275690107949106e-05]
[4.912089043199175e-06, 8.194920560034014e-06]
[-1.2268531945261452e-05, 1.826855405345773e-05]
[-2.8036921677507265e-05, 8.782926713940542e-06]
[1.177526579327487e-05, -4.849183936866952e-06]
[-1.3015666884380953e-05, -2.8784042248056196e-05]
[-1.4051066101469084e-05, -3.557048723759181e-05]
[1.860799283686515e-05, -1.7422308094261485e-05]
[-2.8480826122806446e-05, -6.748990300169122e-06]
[-8.603801249312815e-06, 9.823112969875591e-06]
[8.492156536220319e-06, 1.1672469412304931e-05]
[-3.530922025085648e-05, -1.2250702812985001e-05]
[1.2163231421738474e-05, -1.9787058724948792e-05]
[-1.0086980531537337e-06, -2.675295764416677e-05]
[-2.938553230223684e-05, -2.1084010461646513e-05]
[1.667103448844704e-05, 5.2566122465125265e-06]
[-2.2428104498276036e-05, 8.822150548287722e-06]
[-1.9582565518094786e-05, 5.454592682446746e-06]
[1.5655104305976886e-05, -6.655178080627877e-06]
[-2.323263317390717e-05, -3.201755906429016e-05]
[1.3172372302638902e-07, -3.246079776172278e-05]
[8.638927769831495e-06, -1.9106945799096664e-05]
[-2.8623191547338944e-05, -3.260993951710589e-06]
[-2.648003809425925e-06, 1.7327991034266077e-05]
[-5.034040860302236e-06, 1.669648326102502e-05]
[-2.6708104727574122e-05, -4.3340795304915025e-06]
[9.356122535261746e-06, -2.1522219369365936e-05]
[-1.5417761156794052e-06, -3.4450022638566474e-05]
[-2.046000606833326e-05, -3.208375828090554e-05]
[1.354559812249273e-05, -6.715457272432612e-06]
[-1.802689081965847e-05, 7.438311083879379e-06]
[-2.2789320696825488e-05, 1.1127463798527026e-05]
[1.419544292097924e-05, 6.978150491887547e-06]
[-2.6981943346403303e-05, -1.9295756587028173e-05]
[-2.480636822718707e-06, -2.6896633029665357e-05]
[1.352455617471826e-05, -2.0508375783490074e-05]
[-3.389953230305276e-05, -1.4803156616456647e-05]
[7.554794434205814e-06, 8.470536290244857e-06]
[-6.489322267183573e-06, 9.42466529862962e-06]
[-2.9675993883496177e-05, -6.100358837100861e-06]
[1.956238221450385e-05, -1.4817964323926569e-05]
[-1.4991004197724422e-05, -3.177320915944554e-05]
[-1.3832147973950881e-05, -2.58767285227033e-05]
[1.3479923164687324e-05, -3.695761085026339e-06]
[-2.879139606928871e-05, 7.572210093620413e-06]
[-9.769342025608974e-06, 1.630193259676005e-05]
[4.301197951837171e-06, 5.357433376818044e-06]
[-2.3834879067943793e-05, -2.050494914691836e-05]
[5.547806855271675e-06, -3.191036062916153e-05]
[5.560540407359427e-06, -3.117366974465102e-05]
[-2.329488244758038e-05, -1.9075672480052888e-05]
[3.5416838399526807e-06, 6.614040916536057e-06]
[-9.532187444538653e-06, 1.6903624822442453e-05]
[-2.8297170270044636e-05, 6.863026901317293e-06]
[1.2719363995911115e-05, -4.487567813099558e-06]
[-1.2586882713281136e-05, -2.5997302069780473e-05]
[-1.5223928867803826e-05, -3.2143067412627666e-05]
[1.887364992579632e-05, -1.4570948262557226e-05]
[-2.8176315819708475e-05, -5.243679612208785e-06]
[-7.652118716283685e-06, 9.261483807809778e-06]
[8.594866978038629e-06, 8.45900213616857e-06]
[-3.331774568270107e-05, -1.4372400584532902e-05]
[1.2165395813994173e-05, -2.0036452660736337e-05]
[-9.757583653083324e-07, -2.5427260528752826e-05]
[-2.6885067698732834e-05, -1.8076368359364395e-05]
[1.3718393799509732e-05, 6.935243543171321e-06]
[-2.1375689647398777e-05, 1.0251879704034628e-05]
[-1.8283998974175097e-05, 5.694306151896034e-06]
[1.3808956479569728e-05, -7.2772397224640795e-06]
[-1.966913629831979e-05, -3.070829567951294e-05]
[-1.3915110366330419e-06, -3.2579786464852906e-05]
[8.876548628029834e-06, -1.91978941149612e-05]
[-2.574326628485002e-05, -2.5967221113816497e-06]
[-4.762430923878347e-06, 1.6199338235295402e-05]
[-2.342790777334902e-06, 1.6087700323991205e-05]
[-2.6803093563051994e-05, -4.098001160506709e-06]
[7.693201964198426e-06, -1.954389146237301e-05]
[6.726941067791703e-07, -3.107871262226884e-05]
[-2.145834320925813e-05, -2.960398729280958e-05]
[1.3662292618212002e-05, -5.433939370358409e-06]
[-1.72104421584246e-05, 5.943670529140466e-06]
[-2.195141913401144e-05, 8.27015626049532e-06]
[1.5449166858994348e-05, 4.958433467650014e-06]
[-2.6091537157636735e-05, -1.9417390270129453e-05]
[-1.9098523582269933e-06, -2.5133505381455534e-05]
[1.2045177235381344e-05, -1.8095640055781903e-05]
[-3.287057226639134e-05, -1.1152554623503758e-05]
[7.017526553756981e-06, 1.0142788035877315e-05]
[-6.448682795145988e-06, 8.709567197784374e-06]
[-2.7170055976952212e-05, -6.65853642170533e-06]
[1.7411960147706296e-05, -1.6386917510852195e-05]
[-1.2302861464009995e-05, -3.1877988105017546e-05]
[-1.2579852297089217e-05, -2.491212433318457e-05]
[1.1151099470183001e-05, -3.1818568971275774e-06]
[-2.5545842513560735e-05, 8.380963826354337e-06]
[-1.1478996044686496e-05, 1.575501531486667e-05]
[4.6080623990890635e-06, 6.197462284224242e-06]
[-2.1432515070481106e-05, -1.8450761269222724e-05]
[3.014804371502533e-06, -3.068599138548317e-05]
[7.254763706970868e-06, -2.915156343825248e-05]
[-2.3517291587837885e-05, -1.8348094775836113e-05]
[3.4635516344451445e-06, 5.571170174356599e-06]
[-6.619976439511954e-06, 1.4900216037325165e-05]
[-2.8721862279076915e-05, 4.901928420932011e-06]
[1.3249591334911492e-05, -4.63188918684021e-06]
[-1.2009635263736038e-05, -2.4551135441067476e-05]
[-1.5402755441776272e-05, -2.8365600259101786e-05]
[1.8177377875974732e-05, -1.1025398974878753e-05]
[-2.793766802527964e-05, -4.124583396616921e-06]
[-6.87004582508588e-06, 8.684756077265154e-06]
[8.126700648321272e-06, 6.450022612125572e-06]
[-3.0272276233644924e-05, -1.5678509935806127e-05]
[1.206987176533697e-05, -2.0985383345148434e-05]
[-1.5022506504869249e-06, -2.4914901557232527e-05]
[-2.498314114112582e-05, -1.575647545123439e-05]
[1.1357120762646444e-05, 7.96120869239747e-06]
[-1.9040112917922958e-05, 1.1667238499935007e-05]
[-1.7960594672364327e-05, 6.538381955870087e-06]
[1.1677394795881618e-05, -7.524028076633105e-06]
[-1.623591318963835e-05, -2.976870083164912e-05]
[-3.2025351145749392e-06, -3.1788996133003816e-05]
[9.537040572833722e-06, -1.8255414072063103e-05]
[-2.3299151372016547e-05, -3.180809212195712e-06]
[-6.679792280764318e-06, 1.4262783404717094e-05]
[3.589680069165935e-08, 1.5590517205121834e-05]
[-2.632593879170475e-05, -4.2217730826556166e-06]
[7.15454312723296e-06, -1.7801075972517788e-05]
[1.2489728732911765e-06, -2.77824055136891e-05]
[-2.2866676231851624e-05, -2.6992948395657135e-05]
[1.4220422881468242e-05, -4.03821570435503e-06]
[-1.623290033216096e-05, 5.205668910018835e-06]
[-2.0773406588431298e-05, 6.511913830040128e-06]
[1.5798422111745758e-05, 2.3395944181436867e-06]
[-2.5017031759201613e-05, -2.0726200243424697e-05]
[-1.3953285647808067e-06, -2.3434241013147936e-05]
[1.0714746979959e-05, -1.5660809301001888e-05]
[-3.08448019889912e-05, -8.46523578435128e-06]
[5.462422080076967e-06, 1.146554648978615e-05]
[-6.735823413733799e-06, 8.96134994371467e-06]
[-2.4164796569400848e-05, -6.846061096354994e-06]
[1.5434062077143706e-05, -1.737239850932437e-05]
[-1.0156513533317313e-05, -3.1242621797976725e-05]
[-1.2394755830546361e-05, -2.479667881046671e-05]
[9.746764405217656e-06, -3.5632938696211758e-06]
[-2.1937791721854394e-05, 9.130921357389243e-06]
[-1.3026350402192688e-05, 1.535653554035621e-05]
[5.3252344622313486e-06, 6.427360108668401e-06]
[-2.0217526096939775e-05, -1.7235670565243083e-05]
[4.684021893408552e-07, -2.8563672849729604e-05]
[9.147666310653502e-06, -2.627503148269761e-05]
[-2.3403669020247153e-05, -1.7720352396282876e-05]
[3.2493900943217358e-06, 4.932672783036773e-06]
[-5.016025989360018e-06, 1.2910591931883375e-05]
[-2.799431299777e-05, 2.276521913230356e-06]
[1.4183150333635375e-05, -4.981692447614261e-06]
[-1.2156828686228291e-05, -2.3036281322729585e-05]
[-1.5294547267217552e-05, -2.5611842889565473e-05]
[1.7051368799932132e-05, -8.373556191307308e-06]
[-2.7253208560423792e-05, -1.9523083994305024e-06]
[-5.8718086812376e-06, 9.12716061286789e-06]
[7.437981745822553e-06, 4.530194481766614e-06]
[-2.7753394988755398e-05, -1.697557272819887e-05]
[1.0878880948424208e-05, -2.1817718531234875e-05]
[-9.159067010794386e-07, -2.448565800389907e-05]
[-2.2358449290403593e-05, -1.4262263837218694e-05]
[8.573005131013237e-06, 8.658103554298746e-06]
[-1.6921253951224235e-05, 1.270824566847184e-05]
[-1.776364617070425e-05, 6.510535958709207e-06]
[1.0168461685677171e-05, -6.817528297065056e-06]
[-1.3508323962711441e-05, -2.7610737417034514e-05]
[-5.201056213429561e-06, -3.134549017173253e-05]
[1.0293858445753479e-05, -1.7550366846447174e-05]
[-2.1624111621182385e-05, -3.2634479773530067e-06]
[-7.321163436130318e-06, 1.2490931441455633e-05]
[2.5530668991829986e-06, 1.4260340570726449e-05]
[-2.674966443794169e-05, -4.973128299542995e-06]
[6.497327071176839e-06, -1.635432691868277e-05]
[1.877147100155796e-06, -2.4906746683699132e-05]
[-2.3074762800508186e-05, -2.3937396182550225e-05]
[1.4154713125781246e-05, -1.8325818359754553e-06]
[-1.6064214115762976e-05, 4.605376482863521e-06]
[-1.925150235497497e-05, 4.439024031910321e-06]
[1.5546661470258738e-05, 3.017349100298272e-07]
[-2.3417289610208614e-05, -2.132824376218853e-05]
[-6.467661069417541e-07, -2.3042391475804058e-05]
[9.017660347755696e-06, -1.42967272932365e-05]
[-2.879514122607063e-05, -5.65867660397984e-06]
[4.256527747208139e-06, 1.2499890837514016e-05]
[-6.244193984747404e-06, 9.462550908112544e-06]
[-2.2442012914514198e-05, -6.385886121881845e-06]
[1.2715153316203431e-05, -1.8104603910426564e-05]
[-7.388188033568416e-06, -3.055211760396789e-05]
[-1.2125725523743497e-05, -2.4319458248205084e-05]
[8.86785248611563e-06, -3.506473235423413e-06]
[-1.8883218335555285e-05, 8.811771166045146e-06]
[-1.468939166739125e-05, 1.3674537736069192e-05]
[6.163869530952451e-06, 6.885988964006051e-06]
[-1.915724564226229e-05, -1.5633988343066382e-05]
[-9.836662813941799e-07, -2.6701339559745407e-05]
[1.0021812047865397e-05, -2.3345901809218583e-05]
[-2.4008363603403304e-05, -1.635706552528468e-05]
[3.988863085394728e-06, 4.421521144715168e-06]
[-3.6353880431688745e-06, 1.1083460441069226e-05]
[-2.7426995154136713e-05, 2.1839692642550146e-07]
[1.4486659712736882e-05, -6.323340541652955e-06]
[-1.1982673067312613e-05, -2.2603714866243838e-05]
[-1.437533696069292e-05, -2.2669252780686475e-05]
[1.574643091360739e-05, -5.583121396202095e-06]
[-2.6205320302841173e-05, -1.1440176600485685e-07]
[-5.821683210935347e-06, 9.273654444211243e-06]
[6.110565739517876e-06, 3.554727976806671e-06]
[-2.4572031927530547e-05, -1.7326477420339173e-05]
[9.93616852585505e-06, -2.2841365057021945e-05]
[-4.3421617283712077e-07, -2.403229348219016e-05]
[-2.0595146344247472e-05, -1.3307094264563765e-05]
[6.55924118743087e-06, 8.207563971074361e-06]
[-1.4213898825291005e-05, 1.3656970017345005e-05]
[-1.836111951375452e-05, 6.92029229425184e-06]
[8.965195950533245e-06, -6.502198725000241e-06]
[-1.1336726669461394e-05, -2.577960764740296e-05]
[-7.13124630900841e-06, -2.9730732244498057e-05]
[1.1625452361684052e-05, -1.603700917758577e-05]
[-2.0341930441716838e-05, -3.766726484444316e-06]
[-8.141037766487558e-06, 1.0441457661575226e-05]
[4.1063257231049866e-06, 1.2640384634304835e-05]
[-2.6339303624389743e-05, -6.038483928610602e-06]
[6.9924776214050355e-06, -1.5267589119377645e-05]
[1.6024586792715012e-06, -2.213441829610613e-05]
[-2.3312625319502067e-05, -2.0993279473597443e-05]
[1.3914793902813569e-05, -2.3697118703425168e-07]
[-1.588242506163351e-05, 4.943834405440883e-06]
[-1.7708940691182895e-05, 3.713789670956036e-06]
[1.4867482810328181e-05, -2.2208573347004545e-06]
[-2.1666154245307545e-05, -2.2326438250654113e-05]
[-3.5589485411491317e-07, -2.248573244757225e-05]
[8.171514863368479e-06, -1.3320246753933951e-05]
[-2.6122114010138087e-05, -3.667833440971352e-06]
[1.9604591740621236e-06, 1.311780458562728e-05]
[-5.959563604253371e-06, 1.0002851865087425e-05]
[-2.0617597031785673e-05, -5.855100951787651e-06]
[1.0724232996278671e-05, -1.795357346109916e-05]
[-4.920889380623239e-06, -2.8905724352738457e-05]
[-1.2699813676079336e-05, -2.4135506698642895e-05]
[8.431329290924106e-06, -4.21222117519271e-06]
[-1.634964053359722e-05, 8.508601834975038e-06]
[-1.5788463924956697e-05, 1.2324244468980838e-05]
[7.606125479150787e-06, 6.353555311561232e-06]
[-1.8935596314301195e-05, -1.4730101967874373e-05]
[-2.295382965887549e-06, -2.4273280636762096e-05]
[1.102523326535626e-05, -2.0474721889283953e-05]
[-2.4147440598587533e-05, -1.465098218152508e-05]
[4.052828434152056e-06, 4.6818189093078555e-06]
[-3.3499911419321293e-06, 9.096158608529192e-06]
[-2.5954273770598113e-05, -2.0257666989917378e-06]
[1.4928506203819303e-05, -7.446491867527105e-06]
[-1.1579843111623328e-05, -2.2043862316312342e-05]
[-1.3337802191626912e-05, -2.075247565588162e-05]
[1.378799130234698e-05, -4.020036153379314e-06]
[-2.5037502992666938e-05, 2.1306418047234432e-06]
