[560.9763342473389, -75.5696935165532]
[-23.703078641825726, -3.2396130822061195]
[-1.1999407970928075, -6.562051203070894]
[1.336620840424004, 2.360101848796816]
[-2.4280543241656076, -3.544746623009658]
[-0.30980337644337297, 1.1474904333079645]
[-1.0672505204885212, 1.0225061299392149]
[0.15534984343684322, -1.2760397757484867]
[-0.4567435842030312, -0.2438062470058071]
[-0.4265391128055871, 0.5712058476647162]
[-0.489611667297563, -0.6186231194825247]
[-0.07199174164198396, -0.013478454043752919]
[0.02509687141116146, 0.35895759689086226]
[0.12219473804510184, -0.2847405073213807]
[-0.23739913931504475, -0.1869637588915829]
[-0.29917758459021515, 0.18998501613943963]
[-0.18753650678911304, -0.14075621683350548]
[0.04168472560200165, -0.06522457239907453]
[0.08774754617827529, 0.11967143384369372]
[0.03528260569238917, -0.06938608137956237]
[-0.18353175027595547, -0.10243253500452099]
[-0.19129471957884991, 0.05112232107827874]
[-0.05947646758559921, -0.02964729106145081]
[0.07078975464330162, -0.03111079224833979]
[0.057644102083591386, 0.025536555696472618]
[-0.01771678438955071, -0.018093543418769453]
[-0.14083213649377235, -0.039831312835274524]
[-0.11138225806173807, -0.0020944228441677204]
[-7.269185391489685e-05, -0.011284474141583622]
[0.06323433779201637, 0.002358489979446432]
[0.02021859138440929, -0.006192183791048578]
[-0.0407509373642454, -0.01573631893524119]
[-0.09857497795821235, -0.002702659188274781]
[-0.05621274045260627, -0.014827369847670191]
[0.0214663245381308, -0.01881391423778922]
[0.04183501729181538, 0.020752883079080853]
[-0.006341758848114054, -0.008276279785665253]
[-0.04264800174531147, -0.02540413171530398]
[-0.06096075191515826, 0.01273147059607238]
[-0.023141568205535368, -0.008720004385155633]
[0.021646338386725583, -0.028677173080268403]
[0.019597499079821556, 0.024245408868730056]
[-0.01863140869037405, 0.0014030812500340772]
[-0.032635333899349916, -0.0326532477966317]
[-0.03260243254563289, 0.01297272126381932]
[-0.008048835203385007, 0.0030868389542977326]
[0.012180909937790751, -0.03240715622778634]
[0.0035256607280893526, 0.017750177864667482]
[-0.019080625855977917, 0.012133474188893933]
[-0.018888686833593127, -0.03291561115571762]
[-0.015464414305137009, 0.005308619204016374]
[-0.005269704232102601, 0.01277336212701119]
[0.0014158429701618402, -0.02883419298458101]
[-0.004047832299704179, 0.0073126935965233675]
[-0.012598227217964775, 0.018358759666841307]
[-0.007320399680552203, -0.026885446798121215]
[-0.008513512693065994, -0.0038574233721222484]
[-0.008695314844952673, 0.016875316842878796]
[-0.00572381192593685, -0.02046798897874913]
[-0.0042447558578113664, -0.0019992815079724613]
[-0.004340987688999487, 0.018612586655804453]
[-0.0009291586379016614, -0.017728259318473327]
[-0.008572337296868016, -0.01022595789801617]
[-0.01313179286481403, 0.015357359225287026]
[-0.007592824654418351, -0.011025925257305724]
[-0.0001363881382254739, -0.007254450309591043]
[0.0018408470434150281, 0.014268771375716582]
[6.602715188552821e-05, -0.00898797931856432]
[-0.011690820901353316, -0.012077141723799478]
[-0.01529260098009129, 0.010330173066030568]
[-0.005101706943688666, -0.0036653636079448937]
[0.004820630556106931, -0.007898594662849145]
[0.004166816326052203, 0.008060012735960242]
[-0.002595894472335214, -0.003166813062058349]
[-0.014477854379968846, -0.009954535452157298]
[-0.014104787025198462, 0.004612031449746867]
[-0.0005497826210221213, 5.352625801757771e-06]
[0.008028875319513018, -0.005222394871232439]
[0.002874144766086578, 0.002676271617086279]
[-0.006394012589597153, -0.0010927266865561336]
[-0.014973756767592938, -0.005773341705335611]
[-0.010318417897362764, 0.0005031605914640469]
[0.00362027358541539, 0.0001053095770731094]
[0.008393181835246621, -0.0013814529661599906]
[-0.0004591942104970048, -0.00021392438389611357]
[-0.00914050479651829, -0.002040855546203757]
[-0.012868891003988803, -0.0017295663832966046]
[-0.005655811986140069, -0.0009267529702667865]
[0.005771393872164632, -0.0019942105580295078]
[0.006295123381887091, 0.0016251339088708683]
[-0.0038679580476714825, -0.0003253857169593921]
[-0.009696550150928074, -0.004381124108933432]
[-0.009124295996572385, 0.0006034274568632869]
[-0.0018605145138144152, 6.879064053499917e-05]
[0.005490643865731171, -0.0044830484527715875]
[0.0030543092694834684, 0.002669074846310293]
[-0.005852730876570789, 0.00147372194296147]
[-0.008136856559705974, -0.006406870650828789]
[-0.0052435723517172406, 0.000729774712192377]
[1.6528702013351992e-05, 0.002330733271323382]
[0.0034545086715889184, -0.005901786555417843]
[0.00017469915005841052, 0.00171794198412345]
[-0.005857603078728735, 0.003770123096561051]
[-0.005424294187600598, -0.007007170276973174]
[-0.002522595243416692, -0.000825062433424506]
[-0.00010461672611716821, 0.00446087618211255]
[0.0009101867105281158, -0.005625136599062497]
[-0.00130646313025784, -0.00040687447816872835]
[-0.0042792041316424, 0.0052884828201544415]
[-0.0028167705982868885, -0.005966272204886991]
[-0.0015531984739379223, -0.0029527101450401716]
[-0.0014985970386938163, 0.005437169561104849]
[-0.0009535551645687423, -0.003920650649958057]
[-0.0011454149807059721, -0.0025529361319299726]
[-0.0021002205604641055, 0.005376437692142688]
[-0.0012845735424619198, -0.00385096869915591]
[-0.0021146132693597997, -0.004538608175670866]
[-0.003089925082072398, 0.00495292732932423]
[-0.001482878915122332, -0.001643787326537971]
[0.0001663664919200336, -0.0037838872747049113]
[-0.0003629872389394606, 0.004143171753897779]
[-0.0011616061244158482, -0.0016090132902260024]
[-0.00341741764298642, -0.00492593360516036]
[-0.003962481994516764, 0.0034005159739491087]
[-0.0007254209960430302, 0.00024240365012824505]
[0.00174868541578177, -0.0037314254617832887]
[0.00027905269634243, 0.0022623358301938623]
[-0.0021242770061338234, -9.109015505015527e-05]
[-0.0045360485497447645, -0.004103857480923345]
[-0.003709417619226496, 0.00157180321268513]
[0.0007223917409415748, 0.0010996442701772802]
[0.0027755112236495516, -0.002647040516565724]
[-0.000233762997827347, 0.0005793451409688011]
[-0.0034471170079288793, 0.0002978188412264826]
[-0.004820656053998507, -0.002593779734036461]
[-0.002509580715704507, 0.00024706902805005093]
[0.0020687146540778745, 0.0008325040164536279]
[0.00281679681101743, -0.0011854484457756165]
[-0.0014468653366159767, -0.0002827986983851005]
[-0.004382346537443932, -0.00030204780297214684]
[-0.004122699206547148, -0.0011323696575975123]
[-0.0009455433106870803, -0.0001396933064643502]
[0.0027007841811265143, -0.00016055933848058146]
[0.0019551579525201035, -5.459812544006404e-05]
[-0.0026746217211177647, -0.0001562374545920342]
[-0.004485294815479213, -0.0013541553220896702]
[-0.002771353489697148, -0.00031668090359399104]
[0.00031874810941612264, 0.0003674702658140738]
[0.002421186037109918, -0.001238669353786026]
[0.0006652779803159037, 0.0002997999697843534]
[-0.0033357310073949265, 0.0006714100854666727]
[-0.003757926045117932, -0.0022204584362944813]
[-0.0013503049506451426, -0.0003662478749699716]
[0.0008430518797047926, 0.0013407749802314406]
[0.0014683789957751214, -0.0018344412144997158]
[-0.00045590991611793585, -0.00015251099186663897]
[-0.003191067775033307, 0.0016528238295321074]
[-0.0025778617427874018, -0.002454516628866754]
[-0.00040011955462604387, -0.0010848402301983917]
[0.0005719209017283067, 0.002214351812503068]
[0.0003457141572993372, -0.0016901577570402893]
[-0.0009708401615242668, -0.0010760933719750204]
[-0.0023973561646454256, 0.0022598100486453665]
[-0.0014752402070994375, -0.0019679188707621975]
[-0.0001843046694099404, -0.0020084402938245205]
[-0.0001957707794114638, 0.002553676226476731]
[-0.00043956715044335404, -0.0009246858224224441]
[-0.0007721521935004638, -0.0019715609646445698]
[-0.0013804454308956604, 0.002213277910631528]
[-0.0008753833647812126, -0.0010166092453371967]
[-0.0006105159933930127, -0.002648903603783781]
[-0.0009882804088485186, 0.0022291209302260917]
[-0.0006018741632523028, 7.372515262778212e-05]
[-8.454138796776256e-05, -0.002420636529936182]
[-0.0006084072860942369, 0.0015717115529327863]
[-0.0009235435767024347, -3.811899982131273e-05]
[-0.0013193966193796314, -0.0027143241374314453]
[-0.00139370571891817, 0.0014314703554956232]
[-0.00017421226407110524, 0.0008582605547282351]
[0.0006800858110554975, -0.002261957518725044]
[-0.00037690427195025133, 0.000658854513097662]
[-0.0014570585723251428, 0.0005692132596183397]
[-0.001879640335089361, -0.0022130820910766236]
[-0.0012353546701040496, 0.0005437211812061582]
[0.0005487196304001518, 0.001132037079913717]
[0.0011313218477036618, -0.0016298203522611132]
[-0.0006992273187942377, -0.00011653683766299494]
[-0.002117828418256751, 0.0006206340877604744]
[-0.0019897697577514473, -0.0014110858080799288]
[-0.000620093684358114, -5.590024593216114e-05]
[0.0011764038795043508, 0.0008629496487471133]
[0.001072760778653814, -0.0008563761080071508]
[-0.0013360533183008894, -0.00045571688825774004]
[-0.002537708991963261, 0.00020199193044308228]
[-0.0015967325788495829, -0.0006796345452297278]
[0.00014576611654337768, -0.00016407435432719275]
[0.0014104193009750188, 0.00026587439418812586]
[0.0005664701707273068, -0.0002975196780197198]
[-0.001934435488353703, -0.00029162604588184315]
[-0.0025056977135778924, -0.00040142073116122834]
[-0.0008889293238408813, -0.00031475320939272633]
[0.0007196080176501418, 0.0001765400139837059]
[0.001168307603665264, -0.00032373497473381363]
[-0.0001261948002381219, -0.00016905443257941855]
[-0.002201097295770005, 0.00020803468167313044]
[-0.002044677245303328, -0.0008572035017031521]
[-0.000181716013017863, -0.0004118209762200564]
[0.0008826433181167159, 0.0007252444751280063]
[0.0005957359368319315, -0.0006156768199832019]
[-0.0006865398106462722, -0.00046504076266101757]
[-0.0020286673127026256, 0.0007438290982609425]
[-0.0013739182354397528, -0.0009418583111491241]
[0.00024101142596033576, -0.0008451228638439723]
[0.0006257586424619488, 0.0011751131217774269]
[-2.5671241140612366e-05, -0.00049151103231726]
[-0.0008902339395705505, -0.0009855435431837187]
[-0.0015236425188250302, 0.001035483055673747]
[-0.0007870478245856072, -0.000630079254050786]
[0.00025315469268355484, -0.0013496794483092156]
[0.00013085176685967426, 0.001300107381243254]
[-0.0004217920745803738, -3.9307408662758725e-05]
[-0.0006994948662246703, -0.001449181769988317]
[-0.0009343743927667791, 0.0009475044343619787]
[-0.0005096829764524025, -8.445833729764374e-05]
[-7.266884470491508e-05, -0.0016573086122340097]
[-0.0003325472143244079, 0.0010495459806628762]
[-0.00045053930678701226, 0.0005090657854017328]
[-0.00026060700748775645, -0.0016305709070065788]
[-0.0005223287757604167, 0.0005355750210516153]
[-0.0006031744346226553, 0.0004391007235395872]
[-0.000518977574949675, -0.0016196876804726035]
[-0.0005396580412131979, 0.0005528161611128776]
[-0.00015317460494207458, 0.0008994596198266258]
[0.00018214947940775605, -0.0014578665850797368]
[-0.00044082214262297637, 1.030915884214778e-06]
[-0.0009532379962441384, 0.0007186508649590362]
[-0.0008377908828445246, -0.0012640308253808463]
[-0.0004088301504482361, 4.146541640814849e-05]
[0.00028330636871554127, 0.0009746203615477178]
[0.0004085425783588448, -0.0010302479011776722]
[-0.0006754935607544699, -0.0004165167761862598]
[-0.0013400052662719264, 0.0006650467857904283]
[-0.0008674232874729126, -0.000762928713918809]
[-2.4630902495936802e-05, -0.000267593261682908]
[0.0006266747301035824, 0.0007370905608596878]
[0.00032129337265274227, -0.0005553921931251704]
[-0.0010674355631763444, -0.0005533994510813489]
[-0.0015495276753734188, 0.000350190161822396]
[-0.0005982808181560911, -0.00034057703416268126]
[0.0004174765781382872, -0.0002707245049833329]
[0.0007108828844120396, 0.0003326983251561444]
[-2.1002238474454593e-05, -0.00024325972452543532]
[-0.001400385283137462, -0.00039019088624991927]
[-0.001471833618744367, -4.137762265535305e-05]
[-0.00016254954861583126, -0.00016433927505948853]
[0.0007120735395701669, -1.475500120617923e-05]
[0.0005064537639273836, -3.020896479477564e-05]
[-0.00044569668754301794, -0.0002088983831625979]
[-0.0015060256393070737, -4.723563307540424e-05]
[-0.0011419570949281477, -0.0003081439300408606]
[0.00024032893852232728, -0.0002726343112208207]
[0.0007398637461039637, 0.0003385545962075742]
[0.00012146157186365691, -0.00018279209860172507]
[-0.0007565440780634147, -0.0004279504206203405]
[-0.001337471892358215, 0.0002837820752959186]
[-0.0007103984464852386, -0.0003263330546130483]
[0.00044231126995847303, -0.0005688586332186496]
[0.0005152675334578749, 0.0005977856846950402]
[-0.0002609935350219583, -7.025410757377504e-05]
[-0.000826840735790646, -0.0007604880579113182]
[-0.0009800978753265466, 0.00043500292247242167]
[-0.000362957860148172, -0.00010023865297692502]
[0.00038204361798072073, -0.0008781808421742809]
[0.00016800681063428025, 0.0006332312034405541]
[-0.00047439212488675775, 0.00023292117630041576]
[-0.0006521797807943486, -0.001026134792679545]
[-0.0006002892725549547, 0.0003381425382302794]
[-0.00023130500788404174, 0.0002510625112650544]
[0.0001242012546427418, -0.0010355233670678032]
[-0.00012704740779535817, 0.00043175119196622175]
[-0.0004447499878129646, 0.0005688531529408208]
[-0.00034203163628387934, -0.0010913949453185134]
[-0.00036113476883492535, 4.760834162409466e-05]
[-0.00033631319032334517, 0.0005589908823985246]
[-0.00018120875222749078, -0.0009614734098736255]
[-0.00023496163828706784, 9.294532505733921e-05]
[-0.00021722164343851436, 0.0007768657094261444]
[-5.9252405114507134e-05, -0.0009278450554390805]
[-0.0003467853684348751, -0.0002952086693011058]
[-0.0005875512950369033, 0.0006881919493571531]
[-0.00037570979016099404, -0.0006920835224171196]
[-0.00012018983400474692, -0.00022665593644266568]
[7.479853350822463e-05, 0.000768646947578111]
[6.016664651334325e-05, -0.0006167186435033223]
[-0.000529731690095403, -0.0005350548714113668]
[-0.0008345110508193587, 0.0005970011282973794]
[-0.0003668315602299854, -0.0003525933456742826]
[0.000145015274321314, -0.00039127367657809664]
[0.0002790484620689426, 0.0005636294946875786]
[-3.166546690147598e-05, -0.0003021469845175817]
[-0.0007926468086332239, -0.0005764329517208289]
[-0.0009416343212731437, 0.00034944557553818686]
[-0.00016588737299216838, -9.179629939269629e-05]
[0.0004230092262593188, -0.00034766743794745203]
[0.0002969876726762466, 0.0002713981899920004]
[-0.00027918960958966954, -0.00011885506327041773]
[-0.0009902968894934805, -0.0004235388332017864]
[-0.0008504375221654037, 7.707621708610835e-05]
[0.0001255571718661308, -1.0632604588389771e-05]
[0.0005802779858988527, -0.0001436073646940983]
[0.00012565472111170095, 3.3477226365707935e-05]
[-0.0005574527793452133, -0.00012989558626963493]
[-0.001019623216623522, -0.0001706143544035199]
[-0.000600880037903484, -8.771897816983731e-05]
[0.0003702367220014269, -0.00011863497624586827]
[0.0005496597939097514, 0.00010219159306223968]
[-0.00014828176347325694, -4.5296739513922546e-05]
[-0.0007359254298505702, -0.00030259894421015565]
[-0.0008647770444027703, 4.897978291900501e-05]
[-0.0003051593969774502, -7.3713610023729e-05]
[0.0004622433706998885, -0.00033635795781661315]
[0.0003568670844280031, 0.0002609853440067589]
[-0.0003958748966308434, 5.691671522967123e-05]
[-0.0007401169540021124, -0.0005310441595982041]
[-0.0005980311514272585, 0.00012813944197290206]
[-8.971552138148375e-05, 0.00010037089431103041]
[0.0003744151435244869, -0.0005392063481524101]
[0.00010161939232894435, 0.0002550769766696964]
[-0.0005094992428626988, 0.00027488546595627605]
[-0.0005824322329057718, -0.00069112097542956]
[-0.00033941563465766933, 3.42927583856234e-05]
[-3.483493558997797e-05, 0.00034126338489326447]
[0.00016540647821472465, -0.0006191712599341592]
[-9.448035456147141e-05, 9.054999075771425e-05]
[-0.00045183653281526126, 0.0004932687154358753]
[-0.0003501129572395234, -0.0007001101794080755]
[-0.00019692236622609327, -0.00018070962219141062]
[-0.00014022426734283666, 0.0005303340702498271]
[-5.3941153119296814e-05, -0.0005343536411824834]
[-0.00014658628846697663, -0.00015158625458590314]
[-0.00026841989475206995, 0.0006044038338403057]
[-0.0001589719594282668, -0.000552623207235925]
[-0.00021660622595358336, -0.00041096508330862314]
[-0.0003307928502445101, 0.0005811825165567552]
[-0.00017631544340301897, -0.0003239966275197237]
[-4.3889298387611575e-05, -0.00035875495347659214]
[-6.044781771941121e-05, 0.000558425528268125]
[-9.696622529151155e-05, -0.0003177566147245514]
[-0.00036522620021572916, -0.0005501157621319308]
[-0.0004971250480577463, 0.00047809293783025036]
[-0.0001481237788397427, -8.440355727576399e-05]
[0.00015042523124275675, -0.00044198166339137757]
[6.66475346111084e-05, 0.00038279257341256034]
[-0.0001847285901215301, -0.0001014766951317192]
[-0.0005513057557431367, -0.000541473358373179]
[-0.0005493021961839317, 0.00027866388954030097]
[8.9694385075334e-06, 8.029289111755739e-05]
[0.00033396949833425227, -0.00037622254228963925]
[5.3125826464904546e-05, 0.00016416354332104977]
[-0.00037040041240515853, 5.773817893184319e-06]
[-0.0006721331672835396, -0.00040141696700080054]
[-0.0004579413139091937, 8.180276176894541e-05]
[0.0002133204951440537, 0.00010773267189073676]
[0.0004160440143605171, -0.00020793889017500788]
[-8.995324755206591e-05, 3.6497311023397927e-06]
[-0.0005588950367912682, -2.9316767350878736e-05]
[-0.0006629219642833861, -0.00020687356125870943]
[-0.00026404541281255245, -2.1594150920400956e-05]
[0.00036578527337099986, 4.002172782624491e-06]
[0.00035967738225967105, -2.8529649102049248e-05]
[-0.0002905846603109552, -3.1792968074983996e-05]
[-0.0006595885376263211, -0.00017093161052853661]
[-0.0005249083756650452, -5.511904097819931e-05]
[-5.508011479143926e-05, 9.018364397261891e-06]
[0.00039767222352687925, -0.0001636490370686694]
[0.00019564322101739418, 7.16761350952333e-05]
[-0.0004537338021803894, 6.125290834846364e-05]
[-0.000628836070133143, -0.0003354586293753403]
[-0.0003205440793100367, -1.657921291781106e-05]
[7.930477610389175e-05, 0.0001479255004223079]
[0.00030127774648178174, -0.00030244157058068044]
[3.6591013278797213e-06, 4.5991742306149275e-05]
[-0.0005076916196423142, 0.00022509400183945427]
[-0.0004876493456833497, -0.0004339988649504356]
[-0.00014013857047756595, -0.00010327381884323028]
[8.9790521772104e-05, 0.00031948329137632125]
[0.00012974192067599644, -0.00033949256870879907]
[-0.00012831724417730617, -8.930469373361755e-05]
[-0.00043652541464133526, 0.000372019440754566]
[-0.0003077731332504774, -0.00041471565844986014]
[-5.743983674766362e-05, -0.00026677648618034233]
[-1.1763187262703312e-05, 0.00043699004710562317]
[-3.179571420830474e-05, -0.00025503832577866703]
[-0.00014616797437261297, -0.0002665533455873115]
[-0.00028420566920539514, 0.0004276407168725682]
[-0.00017467020104348918, -0.0002850877276421304]
[-9.575850095042138e-05, -0.00042483131385551154]
[-0.00016162923918777716, 0.00044440045710897325]
[-0.00010838921349654029, -8.854909896222063e-05]
[-5.315738724542829e-05, -0.0004018541183990476]
[-0.00013019317804963126, 0.0003653059820250548]
[-0.00014626627841504702, -0.00010479917319250465]
[-0.00021996343348651415, -0.0005023390083280788]
[-0.00027746770802108967, 0.00034104357715458375]
[-7.012746557950866e-05, 8.35087406746357e-05]
[9.50497114847737e-05, -0.0004357760045552439]
[-4.971596278738333e-05, 0.00021589561463708495]
[-0.0002271687333382788, 4.562077622988214e-05]
[-0.0003565765693475109, -0.0004665189958569793]
[-0.00029840712600742725, 0.00017869599842130351]
[5.6377759234865765e-05, 0.00018608272624202893]
[0.00021985074899127932, -0.00036009302051986936]
[-7.838971346133677e-05, 4.9834900459178044e-05]
[-0.0003696148137680155, 0.0001041742880747154]
[-0.0004308246803838567, -0.0003399930290363118]
[-0.00021262813136635472, 3.401597895819064e-05]
[0.00020391091849325527, 0.00018103255511420224]
[0.0002583051875994502, -0.0002187381859198867]
[-0.00019763612880474568, -5.855942589960694e-05]
[-0.0004991466447789097, 5.572268956260604e-05]
[-0.00040216129568726444, -0.00018689316188781266]
[-6.0141599586116534e-05, -2.9211939955642308e-05]
[0.0002988731328975036, 8.311368769409189e-05]
[0.0001921053557470409, -8.401028899507335e-05]
[-0.00034659284577476246, -6.653378424814615e-05]
[-0.0005514602596876361, -6.348957482710596e-05]
[-0.0002815567915621098, -8.010537490876074e-05]
[8.913639404145579e-05, 1.0407914600718549e-05]
[0.0002965829203088674, -4.999751887257986e-05]
[5.3767097737689173e-05, -2.06893101037664e-05]
[-0.0004533802456880842, 1.8600004223739974e-05]
[-0.000502370111711059, -0.0001859085038875552]
[-0.00012340895386608874, -6.620623615971599e-05]
[0.00017025170816115098, 0.00012410506929516618]
[0.00020089785484112, -0.0001474594821369024]
[-9.161263923432306e-05, -5.5715317930461056e-05]
[-0.0004698486889325171, 0.00014572050434284722]
[-0.00037709345118280835, -0.0002464712795101631]
[2.684444440126388e-06, -0.00014481411557643042]
[0.00015380052447810932, 0.00024937820099968366]
[5.9739020864868486e-05, -0.00015962132456970313]
[-0.00017904569324625474, -0.00016747731426344087]
[-0.00039316433541268514, 0.0002465828165170783]
[-0.00023559576977078, -0.00021337527476938956]
[4.5819130964519506e-05, -0.00027134048086741025]
[5.798741686124931e-05, 0.00032153438200777096]
[-6.004446930901741e-05, -8.045679990006938e-05]
[-0.0001745188060688907, -0.00029871692985544707]
[-0.0002647251657619254, 0.0002691823428914719]
[-0.00014223850045140887, -0.00010140301818739594]
[-3.0207990854846933e-06, -0.00038056983571732594]
[-6.255971844951191e-05, 0.00030457225034880714]
[-0.00010544576535637118, 5.191108851548831e-05]
[-8.950586128819715e-05, -0.000385662072065418]
[-0.0001481384092076321, 0.00020162515392169178]
[-0.00013495636079235984, 3.7579335313786544e-05]
[-0.00010888957385635223, -0.000418777215594468]
[-0.0001446765733035954, 0.0002068026982261703]
[-6.176223231016409e-05, 0.00017567728478391081]
[2.6887518051188497e-05, -0.0003887151111298115]
[-9.781195976127366e-05, 7.568896198306696e-05]
[-0.00020860701893171685, 0.00014123819076045097]
[-0.00021179686115485596, -0.0003687002919379734]
[-0.00014714503043994354, 7.460027289213356e-05]
[4.241818254235863e-05, 0.00023600220079830758]
[0.0001132491435145433, -0.00031005519616356114]
[-0.00013355207962842397, -5.0552431632544526e-05]
[-0.00031965479375553607, 0.0001669817850245281]
[-0.00025654567874550116, -0.0002558885727187779]
[-6.9170362757498e-05, -3.161403071150204e-05]
[0.00015106281358717721, 0.0002107665171849349]
[0.00012573158150938624, -0.0001904760351788548]
[-0.00023291504479389102, -0.00012171247805836671]
[-0.0004088669389296154, 0.00011123629017299047]
[-0.000218764085166058, -0.0001343728761763023]
[5.1304909238270024e-05, -6.684438780357738e-05]
[0.00020878189927039936, 0.00011945467787199959]
[5.805221426313789e-05, -8.802042967814838e-05]
[-0.00034403991326448224, -0.0001113269918385229]
[-0.00043032739736037495, 9.188902228916829e-06]
[-0.00011495939434005842, -5.951151549624112e-05]
[0.00015762927376367086, -2.2170093341711272e-05]
[0.00018719611267961622, 1.179978563303763e-05]
[-5.7382738825995094e-05, -4.9479725960505094e-05]
[-0.00041183426467250595, -3.3014372103526424e-05]
[-0.0003726642173436656, -8.389988060455988e-05]
[7.381914701787284e-06, -6.15594669021724e-05]
[0.00020237753715547646, 7.279934636617025e-05]
[9.71381872131305e-05, -5.740303632306709e-05]
[-0.00016682515009821403, -8.866031298907298e-05]
[-0.00040440188844603764, 6.799458183018303e-05]
[-0.00026278506472871, -0.00012001730189181714]
[9.395402692566335e-05, -0.00013249030338002843]
[0.00016952060851349593, 0.00016593330625663816]
[-1.841452330542115e-05, -5.4656999629976166e-05]
[-0.0002218458034198012, -0.00018141963482800477]
[-0.00032713277128992857, 0.0001379652968950297]
[-0.000151200503109572, -8.093602588832294e-05]
[0.00010986302711760154, -0.00023169053643012916]
[8.05652657032141e-05, 0.00020853798811423796]
[-0.00010637604620788998, 1.7298803809240315e-05]
[-0.00020217312383125075, -0.00027901898868112895]
[-0.00021835049026908138, 0.00014070227059734264]
[-8.680886091079476e-05, 1.452383963751469e-05]
[5.534798688261455e-05, -0.0003069050019082198]
[-1.7485682813497827e-05, 0.00017843123689315066]
[-0.00012934924129381908, 0.0001225335933081259]
[-0.0001240232616883663, -0.00033255914548552257]
[-0.00012947266008778158, 7.399024326831816e-05]
[-9.364888322987985e-05, 0.00012123515072604008]
[-3.598990012393388e-05, -0.0003197347148660712]
[-7.575567643969272e-05, 8.928621161475789e-05]
[-8.272399049998047e-05, 0.00021064642675285017]
[-3.0643131125551726e-05, -0.0003163386651892086]
[-9.986460557578902e-05, -3.093995289293883e-05]
[-0.00016059761830200525, 0.00019054180670297072]
[-0.0001147815392621987, -0.0002633299810952394]
[-6.690386314994745e-05, -1.7560184655124322e-05]
[4.658528607648371e-06, 0.00024151165049185463]
[2.959557178097011e-05, -0.00023905924297029646]
[-0.00013861286066146894, -0.00012587172917544187]
[-0.00024831710176015376, 0.00019366144926681594]
[-0.00014018773561941256, -0.00016421371876195953]
[2.8217549090658878e-06, -9.411592765984356e-05]
[8.582860814942972e-05, 0.00020397818059109118]
[2.6536403788413043e-05, -0.0001381015288141052]
[-0.0002215836157046236, -0.0001694085550795199]
[-0.00030934342229485545, 0.00013453095323842645]
[-9.901165779065135e-05, -6.809757952225964e-05]
[9.811039868817817e-05, -0.00010895710992697705]
[0.00011896022105584159, 0.00011988739240831325]
[-3.8179291062756526e-05, -6.037523866880834e-05]
[-0.0003044691203414329, -0.00014644094721200096]
[-0.00031114129862580553, 4.645221958204937e-05]
[-1.075022997895636e-05, -1.7182673719792763e-05]
[0.00017278236283319037, -6.149219333961842e-05]
[8.713518053724001e-05, 3.216036471953565e-05]
[-0.00013332259090143017, -3.948321678307054e-05]
[-0.0003448773858207299, -7.418753712423037e-05]
[-0.00025099524455129973, -2.5131419758739337e-05]
[8.319110812060604e-05, -3.015463633548876e-05]
[0.00019235847048901245, 1.913389160779211e-05]
[5.329466506498459e-06, -1.6648099852578646e-05]
[-0.0002143186127563819, -8.025793933480116e-05]
[-0.0003225229293767201, 7.471170461452459e-06]
[-0.00015599701810842248, -4.4892447434163874e-05]
[0.00014026893459007095, -9.429734360266728e-05]
[0.00015004183797151516, 8.929037923227634e-05]
[-8.814454425659646e-05, -4.6723736256137904e-06]
[-0.00024514785386978155, -0.00015772321879965745]
[-0.0002479673170658059, 5.6058754906870845e-05]
[-6.87927426439583e-05, -4.06571014044399e-06]
[0.0001372045648665443, -0.00017295505118586352]
[6.877326945151085e-05, 0.00011236474849174449]
[-0.00015097260783925037, 5.971535284235441e-05]
[-0.00021520459146689985, -0.00023034509292760297]
[-0.0001562379598011865, 4.69346561003392e-05]
[-2.651550723493934e-05, 7.651399190433672e-05]
[8.029422373923012e-05, -0.00022411128588128992]
[-1.1015691933929928e-05, 7.598096250771222e-05]
[-0.0001572500102419161, 0.0001432219634622811]
[-0.0001432805836008022, -0.0002606254263900487]
[-8.902680892211579e-05, -1.5680815348251276e-05]
[-4.32587032273557e-05, 0.00015765519448945886]
[1.1379421751556151e-06, -0.00022073218744378398]
[-5.148758549067267e-05, -3.1075846221272074e-06]
[-0.00010917441203811551, 0.0002046375668279879]
[-6.73228673733206e-05, -0.00023288660107023684]
[-7.446128203245778e-05, -0.00010195191677397908]
[-0.00010431177436776018, 0.00020135296703879813]
[-5.9550283759646216e-05, -0.00016308033981146663]
[-3.53922736608947e-05, -8.826367962064263e-05]
[-3.480413831602469e-05, 0.00021490574071003632]
[-2.5462750380352006e-05, -0.0001598684861002786]
[-0.0001142163733724999, -0.00017178802362927126]
[-0.0001744159827439251, 0.000188942215803619]
[-7.181110363324583e-05, -7.74535059123796e-05]
[2.654265413315482e-05, -0.0001413365218521645]
[2.6460530375443936e-05, 0.00017053870160049778]
[-3.774973425132999e-05, -7.545393543245682e-05]
[-0.00018382033419356292, -0.0001944693866399172]
[-0.0002155076304452691, 0.00012924162556116753]
[-3.0335790215482716e-05, -2.5182886476196598e-06]
[0.00010191562714312319, -0.00014099424530245042]
[4.3220957386430614e-05, 9.424099715660272e-05]
[-9.729429860061423e-05, -1.757679107486365e-05]
[-0.00024546040752237985, -0.0001629776317622067]
[-0.00020507210353243321, 5.320831025575068e-05]
[4.4008093077835264e-05, 2.9713586101987044e-05]
[0.00015306980847772447, -9.22535781910927e-05]
[6.799453849085091e-06, 2.297049803723361e-05]
[-0.0001746688380986905, -9.8901077695418e-06]
[-0.00026665084854973764, -9.639470003448489e-05]
[-0.00014630504588991622, -1.7877123108522852e-06]
[0.00011524484432962057, 8.94794642369856e-06]
[0.000155360152479328, -2.3007492504778515e-05]
[-6.551812281407887e-05, -1.0339912186185796e-05]
[-0.00023292206362444945, -5.1014721225248194e-05]
[-0.00023559421396287736, -2.970753225485165e-05]
[-6.555138288577567e-05, -1.0124805988831476e-05]
[0.0001501469545564238, -4.9336359438933997e-05]
[0.00010845375676077351, 3.0262380455448046e-05]
[-0.00013980465782631457, 7.601909862819944e-06]
[-0.0002455947441301065, -0.00011620768495224088]
[-0.00016601811815802892, 3.5959780722016887e-06]
[1.241598060142124e-06, 3.026234023528751e-05]
[0.00013406179164571902, -0.00011233862795356764]
[3.55337443011805e-05, 4.03177936670468e-05]
[-0.00018241490816184314, 6.486172460501427e-05]
[-0.00020899385381256685, -0.00017015680340032313]
[-8.959155907789507e-05, -1.2478045047059627e-05]
[2.613571938483994e-05, 9.78280299059886e-05]
[7.721292178874961e-05, -0.00014635190358097683]
[-2.8733095056340807e-05, 1.863158021798289e-06]
[-0.0001761067640381822, 0.00013100053095703099]
[-0.00014307516451361746, -0.00018433628548342185]
[-4.004171835148007e-05, -6.944618170562356e-05]
[2.285261352458212e-06, 0.00015867785049777927]
[8.833300073562977e-06, -0.00013296959834746547]
[-5.526238640016223e-05, -6.676784653771375e-05]
[-0.0001276720353350913, 0.0001724023460018334]
[-8.095690657111687e-05, -0.0001504335271634849]
[-3.6902095846304966e-05, -0.00013936849353857195]
[-5.359758127257419e-05, 0.00018331294729820313]
[-3.7585981835730475e-05, -7.732904111881767e-05]
[-3.4282065867696776e-05, -0.0001333184520262709]
[-6.375115119849895e-05, 0.00016853221322193912]
[-5.2527851167563644e-05, -8.356734784054076e-05]
[-7.669145217742424e-05, -0.00018900384823561378]
[-0.00011016651386627774, 0.00016062310887114337]
[-4.052185670984365e-05, -4.749738202500936e-06]
[2.0723647552345348e-05, -0.0001676192372063734]
[-1.729117569754246e-05, 0.00012129922418008254]
[-7.023035346967466e-05, -1.4147110208917457e-05]
[-0.0001354654969532021, -0.000195967208479364]
[-0.00013704275910189634, 0.0001025285379889513]
[-2.885568974042574e-07, 5.2179489226908404e-05]
[8.037339626268403e-05, -0.00015599003027944036]
[-1.1493111779010967e-05, 5.3299987654464864e-05]
[-0.0001237493904988618, 2.729423694253219e-05]
[-0.00018108675693506715, -0.00015906917324920444]
[-0.0001193637879843279, 3.739954133605283e-05]
[6.193993076564208e-05, 6.95138893115621e-05]
[0.00011409681719619022, -0.00010719058487818067]
[-4.9037990380501606e-05, -3.796113954290803e-06]
[-0.00018581845561431443, 2.475815806615364e-05]
[-0.00018896526523440316, -9.80998555687139e-05]
[-6.434378907671512e-05, -4.170276321213695e-06]
[0.00011507904242974432, 4.312498434522194e-05]
[0.00010486504264273222, -4.738294436862356e-05]
[-0.00011156017142455177, -2.4782757252039822e-05]
[-0.00022594406920899146, -1.6079805141872017e-05]
[-0.00015359317804141542, -4.35538717592672e-05]
[3.0032014676772967e-06, -4.13107059521467e-06]
[0.0001334336782308071, -1.0049816902113484e-05]
[5.687854463798381e-05, -6.928394966326801e-06]
[-0.0001692411158971674, -2.7779302723129895e-06]
[-0.0002251741991283751, -7.139522557177147e-05]
[-9.049645174308285e-05, -2.159560050064846e-05]
[5.252716799189483e-05, 3.481860765408573e-05]
[0.00010885047215385135, -6.0914518439036947e-05]
[-7.216814690985673e-06, -5.651818602694925e-06]
[-0.00019555049225186694, 4.814420459692964e-05]
[-0.00018478787673592567, -0.0001113235245054911]
[-2.8017745323433152e-05, -4.16511251715157e-05]
[6.36116199818626e-05, 9.128628676080552e-05]
[5.4006990826860335e-05, -8.263520592904916e-05]
[-5.786898093662618e-05, -4.369899678410838e-05]
[-0.00017987496919316844, 0.00010047811549770969]
[-0.00012495704635676064, -0.00011453108426912051]
[6.7582580357272715e-06, -9.248529553201879e-05]
[3.4737110604615706e-05, 0.0001361424235736819]
[-4.420290479589806e-06, -6.345509422286955e-05]
[-7.306114193453284e-05, -0.00010217266262971952]
[-0.00013205035468694115, 0.00012699147465536353]
[-7.438319747472832e-05, -7.81673600799282e-05]
[9.720049140987674e-07, -0.00014834189545887]
[-1.646828862833516e-05, 0.00014680192652172241]
[-3.906778754170226e-05, -1.1810782829128896e-05]
[-4.862009009842794e-05, -0.00015289267056434186]
[-7.69107191140872e-05, 0.00011381083370159972]
[-5.620480283523299e-05, -1.8585335926579738e-05]
[-3.833642028319706e-05, -0.0001818413150668774]
[-6.237796873717269e-05, 0.00011785644539575278]
[-3.5056025293730975e-05, 4.84331625559449e-05]
[4.110052353456517e-07, -0.00017227152800236567]
[-4.182462549801036e-05, 6.662799556161891e-05]
[-7.707325310515878e-05, 3.718966713017746e-05]
[-8.831261678449165e-05, -0.00017720485792188656]
[-7.899854480575286e-05, 6.30808027841101e-05]
[3.299000560522125e-06, 8.99955658323695e-05]
[4.768098001387e-05, -0.00015249808586581537]
[-4.344936151882278e-05, 7.288131145921639e-06]
[-0.0001245322698065765, 6.482228384555033e-05]
[-0.00012182986321668254, -0.00013744367596960072]
[-5.738140726735397e-05, 8.150966743086796e-06]
[5.52322057008614e-05, 9.541479399174935e-05]
[6.859908924915226e-05, -0.00010475177199947838]
[-8.009207459699907e-05, -3.7267282035846616e-05]
[-0.00017367140800844671, 5.427488263818475e-05]
[-0.00012068548517432665, -8.226860239287856e-05]
[-7.409457343621195e-06, -2.2107292846018645e-05]
[9.40873827904587e-05, 6.510942536464004e-05]
[5.2107787697902586e-05, -5.3178222432836986e-05]
[-0.00013315407362196607, -4.812761731892712e-05]
[-0.00019953831371075093, 1.4144778329614957e-05]
[-8.405508923400862e-05, -3.804393265815706e-05]
[4.7598734946113774e-05, -1.5625340706426627e-05]
[0.0001003465599743597, 1.6568142274075992e-05]
[5.54780455450099e-06, -2.283672910957657e-05]
[-0.00017665392319959894, -2.323240889590128e-05]
[-0.0001891493406451228, -3.31051889495837e-05]
[-2.8304008766633082e-05, -2.4883479076809323e-05]
[8.256226500590394e-05, 2.153863485904184e-05]
[7.078576389915603e-05, -2.464043330446808e-05]
[-4.9488187624596724e-05, -2.7615796074235976e-05]
[-0.00018997914450791242, 2.220941717736777e-05]
[-0.0001473399943136, -6.24226824702534e-05]
[2.146137536360171e-05, -4.718696027605773e-05]
[8.276668932433173e-05, 6.872748939851236e-05]
[1.9487264766915313e-05, -3.7441484062317176e-05]
[-8.801740470722186e-05, -6.39261612594734e-05]
[-0.0001676289300881935, 6.361963394736422e-05]
[-9.38496042971193e-05, -5.831027306835157e-05]
[4.376455917656785e-05, -9.20503881992607e-05]
[5.060272407111932e-05, 0.00010111718353150723]
[-2.950618306962749e-05, -1.5247292816183977e-05]
[-9.379875677870131e-05, -0.00011301057879076204]
[-0.00012136445283439379, 7.919504643419395e-05]
[-5.333326349553358e-05, -2.1970823477768242e-05]
[3.097423885685402e-05, -0.0001360530190228637]
[3.8536991810722565e-06, 0.00010180848811159465]
[-5.408634553749625e-05, 3.134910219456527e-05]
[-6.685947379331258e-05, -0.00015047482441943316]
[-7.398375221454034e-05, 6.03165438541331e-05]
[-4.33369640733261e-05, 2.9817095507145286e-05]
[-7.476964879127301e-06, -0.00015688128936164336]
[-3.336678149215913e-05, 6.970918792075995e-05]
[-4.4654201325072806e-05, 8.023529046450803e-05]
[-2.2948040833137284e-05, -0.00015821961466427892]
[-4.7989399238224095e-05, 1.5273972425067228e-05]
[-6.608562726659328e-05, 7.328240733889269e-05]
[-5.018967474323954e-05, -0.00014404127726824756]
[-4.2428655974646734e-05, 1.9553110380050864e-05]
[-8.331355032975551e-06, 0.00010880063230700454]
[1.4560775990851704e-05, -0.00013295628305415308]
[-5.476569175091872e-05, -3.5267484516821046e-05]
[-0.00010791034718660164, 8.933275750346026e-05]
[-7.448937704079839e-05, -0.00010353637086994716]
[-1.8978797977464712e-05, -2.569875315708292e-05]
[3.501193254745738e-05, 0.00010484220211909312]
[2.6171048678469422e-05, -8.73198652296403e-05]
[-8.94554588122265e-05, -6.861210508229965e-05]
[-0.0001463445297730792, 7.259946711955095e-05]
[-6.738886604273908e-05, -5.445382292220552e-05]
[2.5419700297485415e-05, -4.617457596856056e-05]
[6.273858684882616e-05, 7.211212300095582e-05]
[5.536181198334544e-06, -4.328100064027174e-05]
[-0.00013381914375548698, -7.10263085384466e-05]
[-0.00016122963140963176, 3.3587901816251736e-05]
[-3.153801900088182e-05, -1.9360807184124612e-05]
[6.93633627150414e-05, -3.4561741885486e-05]
[6.0441909348618594e-05, 2.8007421229103713e-05]
[-3.7895413635608e-05, -2.127154875339321e-05]
[-0.00016544694599990306, -4.406867649178747e-05]
[-0.000144358883049589, -6.883227166604167e-06]
[1.654376749424258e-05, -1.332785119417812e-05]
[9.223140902395177e-05, 7.687374251608148e-07]
[2.8633340659944828e-05, -5.237713577521674e-06]
[-8.392407713278538e-05, -3.0392785572298797e-05]
[-0.00016869012191210453, -3.3574698950454562e-06]
[-0.00010306318165431705, -2.8034813326638375e-05]
[5.485932495186141e-05, -3.690609134660017e-05]
[8.41001347556547e-05, 4.02884690755001e-05]
[-1.7963404286669427e-05, -1.1414091742212307e-05]
[-0.00011166377862939503, -6.438584630088194e-05]
[-0.00014199561542651423, 2.9394791913689433e-05]
[-5.620178957885247e-05, -1.913923567969933e-05]
[6.670338960258759e-05, -7.631591483003852e-05]
[5.0197607648877485e-05, 6.307160497362463e-05]
[-5.794220459348631e-05, 1.2039099019367505e-05]
[-0.0001096266267691659, -0.00010512568242468379]
[-9.822422269678555e-05, 3.7035979858948687e-05]
[-2.472319853117147e-05, 1.561871910571444e-05]
[4.855131002395874e-05, -0.00011053316880577091]
[7.922237337282256e-06, 5.692755235504887e-05]
[-7.3732292532519e-05, 5.3220480628422134e-05]
[-8.097050393052196e-05, -0.00013172452190843287]
[-5.801492354923221e-05, 1.5105003927262661e-05]
[-2.150823760882492e-05, 5.961449197805502e-05]
[1.1356365151565795e-05, -0.0001216489106919405]
[-2.1911295732257585e-05, 2.4015446234076226e-05]
[-5.994737065953548e-05, 9.194572509156444e-05]
[-4.153034512094367e-05, -0.00013068930541121349]
[-3.960338654677986e-05, -2.6400193194553445e-05]
[-4.5409020226705454e-05, 9.217562516358746e-05]
[-2.5168416541321292e-05, -0.00010341352185502806]
[-2.5207000022120507e-05, -2.062645597272067e-05]
[-2.5610640820322716e-05, 0.00010973122660104528]
[-1.180009141819871e-05, -0.00010220866634652603]
[-5.010618341405593e-05, -6.827611173493287e-05]
[-8.22282054693535e-05, 9.867161476527497e-05]
[-4.231751903810421e-05, -6.390441253097817e-05]
[-1.1796630273730457e-06, -5.671434298240574e-05]
[1.0631470019284439e-05, 9.865821924320839e-05]
[-6.909885109762648e-06, -5.96572517068128e-05]
[-8.24253587556334e-05, -9.164670048861234e-05]
[-0.00011195850509740368, 7.738992398010833e-05]
[-3.138234550642202e-05, -2.1208375186078376e-05]
[3.766578373201601e-05, -6.865318213150617e-05]
[2.9791152863598014e-05, 6.488023591744163e-05]
[-2.948737813893154e-05, -2.275874812865397e-05]
[-0.00011909700246898192, -8.705509542988876e-05]
[-0.00011860777095989983, 3.998085813508925e-05]
[2.445426323036126e-06, 5.593084144592253e-06]
[7.196117280572345e-05, -5.291662247597362e-05]
[2.171064484203511e-05, 2.5242907214340082e-05]
[-6.87575727442713e-05, -7.890102286370326e-06]
[-0.0001410235728552256, -5.874608747021004e-05]
[-9.779857828370875e-05, 5.4470783204529916e-06]
[4.29872439013379e-05, 5.6525003171714605e-06]
[8.502209333613453e-05, -1.939134348222238e-05]
[-1.0293385726667381e-05, -1.1518816561140177e-06]
[-0.00010613144045106687, -2.0283784355019582e-05]
[-0.00013673788389530206, -2.2216851727312192e-05]
[-5.854495265367188e-05, -9.235974941956826e-06]
[7.120370560523281e-05, -1.8654893796599126e-05]
[7.08221544148957e-05, 1.3785369014474025e-05]
[-5.141853412754527e-05, -2.223597094591634e-06]
[-0.0001244000623784186, -5.183115576131228e-05]
[-0.00010771793763778015, 3.5869836054851223e-06]
[-1.8519488657317562e-05, 2.750576916843439e-06]
[7.446444034992297e-05, -5.3263786094992494e-05]
[3.659628831428896e-05, 2.92171655943696e-05]
[-8.284708593289669e-05, 2.146427120554295e-05]
[-0.0001159975649718814, -8.538342786457154e-05]
[-6.730493053341835e-05, 5.512709879335054e-06]
[4.719178139725444e-06, 3.507280601622309e-05]
[5.245984535773296e-05, -7.954527081360796e-05]
[-1.0269836138027122e-06, 1.8623908897546365e-05]
[-9.093849226657347e-05, 5.734180028899895e-05]
[-8.637586654453022e-05, -0.00010328952864779861]
[-3.393014741723266e-05, -1.7617567791339273e-05]
[2.1928674678317606e-06, 7.167802819102453e-05]
[1.7000707292408324e-05, -8.343056896947809e-05]
[-2.4314015988069482e-05, -1.34199570715407e-05]
[-7.366221031315096e-05, 8.72437767406968e-05]
[-5.100368931082455e-05, -9.593289090459312e-05]
[-2.2079273292223422e-05, -5.477798002789802e-05]
[-2.2409579700899407e-05, 9.48198367890507e-05]
[-1.4023477302421705e-05, -6.207546532768782e-05]
[-2.3012529669352855e-05, -5.2054782121752075e-05]
[-4.1247233819874385e-05, 9.633854714070911e-05]
[-2.7618015656292322e-05, -6.615031453033327e-05]
[-3.5415803704988424e-05, -8.840443417257315e-05]
[-5.4872473622957774e-05, 9.367387955328682e-05]
[-2.5448431229396773e-05, -2.4920959639903456e-05]
[9.134676184630042e-07, -7.959545862340489e-05]
[-1.089832583914263e-05, 8.019714336374162e-05]
[-2.7598983617621586e-05, -2.7517683599098675e-05]
[-6.531941540899311e-05, -0.00010305603919025241]
[-7.761284340684904e-05, 6.937210907340813e-05]
[-1.2077220475380235e-05, 1.1203992726692077e-05]
[3.457617563945581e-05, -8.414615289803473e-05]
[1.7060584244221744e-06, 4.66449844540584e-05]
[-5.065323856912052e-05, 2.498912793497121e-06]
[-9.53928893560052e-05, -9.281056578522295e-05]
[-7.826555279408232e-05, 3.4127025500887975e-05]
[1.9089397362170857e-05, 3.040899248576978e-05]
[6.069249576888536e-05, -6.518202120331384e-05]
[-1.0056954623638426e-05, 1.1648113816487005e-05]
[-8.527869264202126e-05, 1.107987396480048e-05]
[-0.00010959751282554886, -6.386128741258518e-05]
[-5.551256849123387e-05, 5.032275959548915e-06]
[5.257154415586052e-05, 2.5385792293497467e-05]
[6.605389244042359e-05, -3.3488817829052664e-05]
[-4.080394719660485e-05, -8.616333297573053e-06]
[-0.00011462688111544758, -3.888814759829551e-06]
[-9.999161220510672e-05, -3.119461319394008e-05]
[-1.9419615269050672e-05, -4.322564918224359e-06]
[7.211973918813674e-05, 6.9967000121407e-07]
[4.779737225341085e-05, -5.6445396047211105e-06]
[-7.607114268121107e-05, -5.574445649636495e-06]
[-0.0001247861262917982, -3.3089933854025394e-05]
[-7.034888154791585e-05, -1.1113863589290451e-05]
[1.373203001318879e-05, 9.68311653853915e-06]
[6.858592662560732e-05, -2.9740761091134882e-05]
[1.4511324160665362e-05, 4.1449249131159105e-06]
[-9.954470907913571e-05, 1.7813277963907304e-05]
[-0.00011142215712525716, -6.058782450069078e-05]
[-3.402239284328035e-05, -1.3330250623555528e-05]
[2.9474819078632863e-05, 3.922430894626183e-05]
[4.415289846762538e-05, -4.965613795471224e-05]
[-1.8217523078213615e-05, -9.155964964207772e-06]
[-0.00010098921451590082, 4.879602816499143e-05]
[-8.161547803064995e-05, -7.170695106517577e-05]
[-7.240747930320479e-06, -3.6450099078655374e-05]
[2.209259536706254e-05, 6.912009228665639e-05]
[1.0978862169469528e-05, -4.832604317012157e-05]
[-3.5516956449571646e-05, -3.922493353937344e-05]
[-8.102843399974968e-05, 7.1257505838071e-05]
[-5.0137579008763256e-05, -6.0090844924198805e-05]
[-1.195012096950887e-06, -6.89455019544094e-05]
[-2.853088230198031e-06, 8.43663457453514e-05]
[-1.4938958747157116e-05, -2.5622277471715194e-05]
[-3.0391465833695674e-05, -7.173788401289294e-05]
[-5.0554707892502826e-05, 7.359480273860797e-05]
[-3.211204828887024e-05, -3.05555132169566e-05]
[-1.6768815893949962e-05, -9.499358705133965e-05]
[-3.15102155451219e-05, 7.738315788664851e-05]
[-2.1591949857235893e-05, 8.207202457076804e-06]
[-6.890521260016769e-06, -9.15008498654224e-05]
[-2.519460863553702e-05, 5.420881113066267e-05]
[-3.5699703902131175e-05, 3.5288948378453533e-06]
[-4.438600268230619e-05, -0.00010223612485682487]
[-4.8648979315099594e-05, 5.148520565898505e-05]
[-6.6548171651012455e-06, 3.7760615075833545e-05]
[2.214146203302625e-05, -8.981461642471045e-05]
[-1.7633554869639356e-05, 2.2018092654563226e-05]
[-5.833919909120633e-05, 2.6919801546176902e-05]
[-6.89147156230363e-05, -8.766206406374266e-05]
[-4.5058746555054485e-05, 1.8998537931427806e-05]
[2.1646500920319278e-05, 5.005771141079751e-05]
[4.150488884700765e-05, -6.850953998649434e-05]
[-3.156193307893296e-05, -8.121562342033872e-06]
[-8.826556531875418e-05, 2.9914305573870703e-05]
[-7.712744555726792e-05, -5.8821267619756784e-05]
[-2.1844441861346153e-05, -4.927047612568458e-06]
[4.878694384555238e-05, 4.074835862849513e-05]
[4.105527738913761e-05, -3.8788664894429115e-05]
[-6.0124256070492876e-05, -2.274714721828275e-05]
[-0.00011043612321976967, 1.2892902798596756e-05]
[-6.404766779367563e-05, -2.990450995375704e-05]
[1.0372331497060516e-05, -9.709907653254746e-06]
[6.112804388144766e-05, 1.5991108683666155e-05]
[2.0479793276434455e-05, -1.5572243399930574e-05]
[-8.950396011894735e-05, -1.625649981984445e-05]
[-0.00011388764916578364, -1.4125804105070972e-05]
[-3.514624630630847e-05, -1.4715650086906396e-05]
[3.683027172926567e-05, 5.668812655068578e-06]
[5.249073427091716e-05, -1.0794163221194975e-05]
[-1.0799569794398e-05, -1.0191180101037922e-05]
[-0.00010578022762972039, 6.5878469668601e-06]
[-9.693408127994796e-05, -3.657631301323683e-05]
[-3.433001814351355e-06, -2.001058530670674e-05]
[4.586874357737081e-05, 3.2419252988247216e-05]
[2.6955700298342267e-05, -2.5599645983531705e-05]
[-3.8424904436342236e-05, -2.5001349792984698e-05]
[-0.00010166075082064518, 3.322741767282193e-05]
[-6.774872495490802e-05, -4.2505286799054964e-05]
[1.702138452767954e-05, -4.241169825996982e-05]
[3.4486097217845124e-05, 5.644363453463641e-05]
[-3.365764209284361e-06, -2.0617771129854967e-05]
[-5.016547969563523e-05, -5.247209221188702e-05]
[-7.984065322508282e-05, 4.957936212639236e-05]
[-4.016655768072919e-05, -2.8287115656888684e-05]
[1.7912777789142256e-05, -7.029810140846138e-05]
[9.572803802510021e-06, 6.528911494493861e-05]
[-2.43862624338953e-05, 2.1386303831888442e-06]
[-4.177507212749232e-05, -7.90764585145709e-05]
[-5.144960338904214e-05, 4.688708824246435e-05]
[-2.6855296854956523e-05, -1.7050394485185194e-07]
[5.724387438232892e-07, -8.963310534076951e-05]
[-1.5667837667057705e-05, 5.413132308527448e-05]
[-2.6900433671400714e-05, 3.2054016202376356e-05]
[-1.884327284720766e-05, -9.198292983481071e-05]
[-3.046058796613016e-05, 2.582493084984927e-05]
[-3.3221149257883775e-05, 2.8987036419347856e-05]
[-2.4918368902865362e-05, -9.081430237156685e-05]
[-2.8261537841522966e-05, 2.792110175118233e-05]
[-1.0912328115474101e-05, 5.525649077981441e-05]
[6.154145412884393e-06, -8.524481402183426e-05]
[-2.6863057242060284e-05, -4.058520796879073e-06]
[-5.49763226122546e-05, 4.6098950688633344e-05]
[-4.4821976948022924e-05, -7.321018260894596e-05]
[-2.17321443746199e-05, -1.247924863778671e-06]
[1.4596728288629457e-05, 6.140647171479219e-05]
[2.0061305266012158e-05, -6.250822833675507e-05]
[-4.19306568935629e-05, -2.9174048263413965e-05]
[-8.045356349598021e-05, 4.418310194642498e-05]
[-4.848022382294981e-05, -4.5247633081295716e-05]
[9.254591203655682e-07, -2.0160729585771975e-05]
[3.6235213886626205e-05, 4.861072884418394e-05]
[1.542476226897016e-05, -3.501534438077325e-05]
[-6.781950887099764e-05, -3.8560743059468106e-05]
[-9.643233996433492e-05, 2.5588536066172354e-05]
[-3.339628253930249e-05, -2.0117200632786478e-05]
[2.8925026573062285e-05, -2.0897415052678614e-05]
[4.27895044675386e-05, 2.4132219929473564e-05]
[-6.0372549687270904e-06, -1.598320142456866e-05]
[-9.158539461864845e-05, -2.9121493502148876e-05]
[-9.457439472732032e-05, 6.314368899903999e-07]
[-6.246005607613014e-06, -9.279233588871394e-06]
[4.90958504161601e-05, -4.533223309177714e-06]
[3.059875570893267e-05, 6.548864640576468e-07]
[-3.448534605464404e-05, -1.4163803531933028e-05]
[-0.00010157031749033485, -6.928666708885811e-06]
[-7.534244162285542e-05, -1.7588894318631976e-05]
[2.057149588441387e-05, -1.6963860866830993e-05]
[5.2312475052995744e-05, 1.9601137604574603e-05]
[5.1471957239479504e-06, -9.983097307042499e-06]
[-5.691207623072583e-05, -2.9719000102124138e-05]
[-9.301327015034597e-05, 1.5936430833626836e-05]
[-4.756791159510332e-05, -1.959536462936562e-05]
[3.5068671813867636e-05, -3.830023858009124e-05]
[3.781362774549213e-05, 3.863436574008672e-05]
[-2.1805140488245778e-05, -2.4965383442765443e-06]
[-6.350896203705103e-05, -5.4349252076903165e-05]
[-7.019072928854397e-05, 2.7374834657881153e-05]
[-2.3981030892718247e-05, -4.033082605992e-06]
[3.14588440922664e-05, -6.189275591866883e-05]
[1.3372313925757995e-05, 4.246955900925192e-05]
[-3.805906973902706e-05, 1.9445607628877648e-05]
[-5.2334550239091504e-05, -7.551247021056473e-05]
[-4.413453661450406e-05, 2.112706577347967e-05]
[-1.4961080669534388e-05, 2.1866803405878876e-05]
[1.2808485733234454e-05, -7.549243791643567e-05]
[-8.666548809948063e-06, 2.860724299888484e-05]
[-3.6887072806079946e-05, 4.520780097431315e-05]
[-3.006627641957693e-05, -8.259550954553552e-05]
[-2.713576111834648e-05, -3.3339944266463917e-07]
[-2.3571633566560335e-05, 4.59881728020195e-05]
[-1.065604883451754e-05, -7.194731416931832e-05]
[-1.746686376431772e-05, 3.178993203166794e-06]
[-2.0157682697294343e-05, 6.24992266025047e-05]
[-8.564828611140607e-06, -7.2007276865238e-05]
[-2.6768657729096812e-05, -2.7199959305335142e-05]
[-4.425189146592401e-05, 5.730770289529008e-05]
[-2.666607249018904e-05, -5.2547059191929146e-05]
[-8.909445462862431e-06, -2.221927933920842e-05]
[2.7723790496925194e-06, 6.336169548462611e-05]
[9.889290868911327e-07, -4.875513578161961e-05]
[-4.2336665028439024e-05, -4.724826973412366e-05]
[-6.571158539045441e-05, 5.120445685275962e-05]
[-2.6896787585078963e-05, -2.6204956878556583e-05]
[1.2571499607344494e-05, -3.626440721357649e-05]
[1.9763580957121718e-05, 4.792174051651554e-05]
[-6.508393918747135e-06, -2.3824000211947194e-05]
[-6.540326269027785e-05, -5.1807420361510426e-05]
[-7.653117000815113e-05, 3.154824175024239e-05]
[-1.0906035893737398e-05, -4.969735448315596e-06]
[3.6333646107014617e-05, -3.3378249670701354e-05]
[2.183659023817508e-05, 2.4143608011062412e-05]
[-2.7751040076740008e-05, -8.72336753555969e-06]
[-8.4056221006934e-05, -3.987362550761375e-05]
[-7.069532762313258e-05, 8.630897034789253e-06]
[1.3832672455832418e-05, 1.8764629893947005e-06]
[5.0822335144508346e-05, -1.6293713583803715e-05]
[7.448997952866354e-06, 3.7949415872540193e-06]
[-5.2815881672232945e-05, -9.905857919927097e-06]
[-8.87560549309857e-05, -1.8418878742286482e-05]
[-5.03839652759297e-05, -5.962942854070841e-06]
[3.5729036144349635e-05, -7.754192374337388e-06]
[4.91867391859413e-05, 5.460349071118031e-06]
[-1.6925336365908317e-05, -3.335904264933909e-06]
[-7.011618886113707e-05, -2.5760888497037768e-05]
[-7.690249849250097e-05, 1.1676324931497034e-06]
[-2.4732907714347663e-05, -4.993683309362229e-06]
[4.4780936821496586e-05, -2.7910598716929247e-05]
[3.2491462664208104e-05, 2.0329061159674033e-05]
[-4.011031008516186e-05, 5.867184878688425e-06]
[-7.204819007985974e-05, -4.757958752998892e-05]
[-5.39384279820837e-05, 8.695254702123512e-06]
[-5.255651690412588e-06, 1.1026612723952223e-05]
[3.738142454309812e-05, -4.7668484585094983e-05]
[9.023954387177291e-06, 2.037407068204017e-05]
[-5.174288235762492e-05, 2.6491218790676563e-05]
[-5.858211555351267e-05, -6.393401590779058e-05]
[-3.0535392894770474e-05, 8.044750851587956e-08]
[-2.1734161895214932e-07, 3.4257023066863734e-05]
[1.7921624829941862e-05, -5.6534475897263015e-05]
[-9.878970535202175e-06, 5.038220984103156e-06]
[-4.7270756273472964e-05, 4.815474552042481e-05]
[-3.710603236328769e-05, -6.627432225358998e-05]
[-1.7311131088187937e-05, -2.081153296396021e-05]
[-1.0707472210713664e-05, 5.348924556489165e-05]
[-3.514225898171297e-06, -4.952036488203859e-05]
[-1.538740620615764e-05, -1.874763568488272e-05]
[-3.0025139039394078e-05, 6.0158749804001266e-05]
[-1.8681993022434673e-05, -5.30074275459369e-05]
[-1.9691145884206257e-05, -4.421458931752609e-05]
[-3.02742583499771e-05, 5.9651165780341686e-05]
[-1.6158609958544234e-05, -2.9438840941711786e-05]
[-5.397109282295753e-06, -4.0085754176230615e-05]
[-9.430520854780688e-06, 5.667676180001746e-05]
[-1.260663551026775e-05, -3.0116759299758655e-05]
[-3.53984141339414e-05, -5.932144747972101e-05]
[-4.8218466536228966e-05, 5.0154139672294734e-05]
[-1.3790217910154834e-05, -5.371141028350998e-06]
[1.4601779629919154e-05, -4.947553931633486e-05]
[3.6962221997144384e-06, 3.947087706179797e-05]
[-2.1946944019746173e-05, -8.099646333858956e-06]
[-5.572823703600682e-05, -5.954025184282119e-05]
[-5.487124306831348e-05, 3.0005033834962225e-05]
[2.353365303103816e-06, 1.186696353080996e-05]
[3.435266149041938e-05, -4.3383045671196996e-05]
[2.417413545416011e-06, 1.6873398416605845e-05]
[-4.2190928143615025e-05, 3.213829515263944e-06]
[-6.990768748904586e-05, -4.5594493957204496e-05]
[-4.625712559822026e-05, 9.215783684179968e-06]
[2.4338991298333834e-05, 1.4999783674918277e-05]
[4.390677587934322e-05, -2.582106690030006e-05]
[-1.304790708633874e-05, -3.9093593373618063e-07]
[-6.359825764186422e-05, -5.943820908273223e-07]
[-7.036142192910766e-05, -2.501264004392545e-05]
[-2.589799131286208e-05, -2.1543489792386072e-06]
[4.152734985171658e-05, 3.7369231730144392e-06]
[3.8437945938440965e-05, -6.240024318759918e-06]
[-3.558394705296952e-05, -4.450393768784533e-06]
[-7.603206811684915e-05, -1.6509755321377113e-05]
[-5.631442892610472e-05, -8.333211170646199e-06]
[-2.9466446334613927e-06, 1.1282258445821647e-06]
[4.5786604623419824e-05, -1.5239333226668705e-05]
[2.0472026944523547e-05, 5.1689826945366946e-06]
[-5.4772956590593e-05, 5.963742643652625e-06]
[-7.387847266052128e-05, -3.570823950534152e-05]
[-3.402317874674765e-05, -3.934078721984369e-06]
[1.2366767788464517e-05, 1.704102513261363e-05]
[3.537913101535339e-05, -3.166357114281482e-05]
[-1.4927266297204422e-06, 2.4285878745949896e-06]
[-6.201208874509478e-05, 2.504626406960031e-05]
[-5.8669563235302924e-05, -4.795838255122753e-05]
[-1.3595877576932924e-05, -1.4019596066700002e-05]
[1.3712529052065103e-05, 3.744210011880078e-05]
[1.5667646420636228e-05, -3.6739632681526135e-05]
[-1.722873227405497e-05, -1.3417833069961915e-05]
[-5.464162909474962e-05, 4.2883868555740855e-05]
[-3.818883480155577e-05, -4.661101881298091e-05]
[-4.0148585174829e-06, -3.368416653160011e-05]
[1.6434780812923933e-06, 5.2146842983158415e-05]
[-3.633213809056679e-06, -2.7373355869095284e-05]
[-1.9769436652633532e-05, -3.496015643528194e-05]
[-3.7106333053843477e-05, 5.0347939970205036e-05]
[-2.2567309608569064e-05, -3.1747350221100756e-05]
[-8.81022650706803e-06, -5.344020678127448e-05]
[-1.6820378947804415e-05, 5.3907848742686115e-05]
[-1.325519964123778e-05, -7.5530224432074355e-06]
[-8.714014371247192e-06, -5.214619909146845e-05]
[-1.865039682269476e-05, 4.350351539519903e-05]
[-1.932507184765342e-05, -9.999681365446822e-06]
[-2.446646312995182e-05, -6.391259715177178e-05]
[-3.1731623348170077e-05, 4.1866612351402e-05]
[-8.857080764434339e-06, 1.3730765690094654e-05]
[9.718684333248628e-06, -5.720802755684873e-05]
[-8.735819973987313e-06, 2.5409032059886538e-05]
[-2.978229518796338e-05, 8.798151056699233e-06]
[-4.227617096463909e-05, -6.037996121718847e-05]
[-3.5099070123140175e-05, 2.183723886024433e-05]
[6.976130216815313e-06, 2.694530163720177e-05]
[2.5844710376844715e-05, -4.8378257662740065e-05]
[-1.2451421077020602e-05, 4.489866813339738e-06]
[-4.854959287188543e-05, 1.6441506043442244e-05]
[-5.267062750818896e-05, -4.49660769542351e-05]
[-2.4721346205763828e-05, 3.3511041582223733e-06]
[2.6131881849050798e-05, 2.6645546304354673e-05]
[3.128278657758832e-05, -3.062131745446006e-05]
[-2.8136782678309102e-05, -9.65476872005766e-06]
[-6.628029045634837e-05, 1.0295635558951396e-05]
[-4.987748523380131e-05, -2.546882060168454e-05]
[-5.135055381300102e-06, -5.038266663454083e-06]
[3.901828730074053e-05, 1.4026958138679824e-05]
[2.2991834647254072e-05, -1.3087507456877034e-05]
[-4.8326200180720535e-05, -1.092673441999148e-05]
[-7.428342447092506e-05, -5.5443647183125305e-06]
[-3.4642224293432444e-05, -1.1463819508618703e-05]
[1.4722018581311835e-05, 1.2073159688652524e-07]
[3.924555934528562e-05, -3.7924065535710483e-06]
[4.637168784918377e-06, -4.591218687149956e-06]
[-6.348658355539993e-05, 3.8932224154242245e-07]
[-6.872394277884775e-05, -2.2378897032077072e-05]
[-1.3734758793571e-05, -9.626955214808719e-06]
[2.5932665823395762e-05, 1.5611198838139106e-05]
[2.665932785164693e-05, -1.734523224117268e-05]
[-1.532160483697781e-05, -9.344962020901848e-06]
[-6.668064029603793e-05, 1.7896821895613084e-05]
[-5.238340097266092e-05, -3.1217124822957576e-05]
[3.453666650526932e-06, -2.0558238109341653e-05]
[2.392158610971251e-05, 3.324523118838907e-05]
[7.289829924539415e-06, -1.9453649933082184e-05]
[-2.7827281152005556e-05, -2.5011108726205253e-05]
[-5.687675927817243e-05, 3.231486173907623e-05]
[-3.317785655611305e-05, -2.7143300763865508e-05]
[9.514734887083875e-06, -3.861543411010082e-05]
[1.058429869024713e-05, 4.39362701745577e-05]
[-9.695462369285757e-06, -8.66370297794572e-06]
[-2.7626076768483276e-05, -4.396821264543438e-05]
[-3.9329205847787874e-05, 3.6038232587382035e-05]
[-2.021718436116815e-05, -1.1619130976747716e-05]
[2.5727796802571534e-06, -5.47768418786565e-05]
[-6.763533704198799e-06, 4.212452612555387e-05]
[-1.6498118481741986e-05, 1.0164374866167628e-05]
[-1.573599472573517e-05, -5.711302493968673e-05]
[-2.290376760240298e-05, 2.6792919855300745e-05]
[-1.9365380566752077e-05, 8.351843784365487e-06]
[-1.2919007221862122e-05, -6.108450269753929e-05]
[-1.9042894419910028e-05, 2.840357781564752e-05]
[-1.044050707907189e-05, 2.833868002393141e-05]
[1.174765889538909e-06, -5.830436958065288e-05]
[-1.5706604729590068e-05, 8.633667359092545e-06]
[-3.046366158440672e-05, 2.3729643282371926e-05]
[-2.846632797587345e-05, -5.4482541808925644e-05]
[-1.9849556097156773e-05, 9.111277551709929e-06]
[4.840176442602595e-06, 3.762596871850071e-05]
[1.4136039050344218e-05, -4.728211982463204e-05]
[-2.11689868666598e-05, -1.0146560990687004e-05]
[-4.7528968615970224e-05, 2.7860470033343188e-05]
[-3.573483675849143e-05, -3.820233287140512e-05]
[-8.506765100196878e-06, -6.856007732064517e-06]
[2.1283197031152223e-05, 3.4234094217322486e-05]
[1.627315928431905e-05, -2.9676875346162923e-05]
[-3.6476591894873955e-05, -2.1120245661365722e-05]
[-6.17723105366709e-05, 1.9654530050249377e-05]
[-3.0590006520198054e-05, -2.0071968012526017e-05]
[9.719673951830154e-06, -1.2406303925793782e-05]
[3.040270035874204e-05, 2.0562263697149197e-05]
[6.10117985017089e-06, -1.4163477763728949e-05]
[-5.4058161833403506e-05, -1.9812887253278788e-05]
[-6.591784214242391e-05, 4.003312395544148e-06]
[-1.5020670650275902e-05, -8.630529527865055e-06]
[2.6291956037899356e-05, -5.653812901018629e-06]
[2.741325430817912e-05, 3.914867415244494e-06]
[-1.1859268162411896e-05, -8.194739467601297e-06]
[-6.535136651872331e-05, -7.793283393231487e-06]
[-5.770319909895183e-05, -1.0711444676958504e-05]
[3.944478720291356e-06, -8.97421019006861e-06]
[3.360493672548148e-05, 9.27061176125843e-06]
[1.3479989531356429e-05, -7.137760433650886e-06]
[-2.9390329043376545e-05, -1.4411594638136238e-05]
[-6.497538979070849e-05, 8.207553213361932e-06]
[-4.0880195710607525e-05, -1.6752286470050892e-05]
[1.7743083375904023e-05, -2.0353372337855724e-05]
[2.8656322456577232e-05, 2.4342384251779814e-05]
[-4.960790894820155e-06, -6.9411451560641435e-06]
[-3.863307393738025e-05, -2.945685979255895e-05]
[-5.3279298859551516e-05, 1.9663486173094463e-05]
[-2.3279590723235266e-05, -1.0767383231968797e-05]
[2.04607280970652e-05, -3.665134223501676e-05]
[1.4413365894347385e-05, 3.161295202826209e-05]
[-1.9423970369664145e-05, 4.55706424734581e-06]
[-3.589076524840307e-05, -4.5720899154721995e-05]
[-3.606225890538661e-05, 2.042537761948182e-05]
[-1.2935362917219223e-05, 4.66769015755597e-06]
[1.1647332221906281e-05, -4.9456731711750024e-05]
[-1.7418481766326432e-06, 2.7065713155737317e-05]
[-2.3529141286268707e-05, 2.188981216253577e-05]
[-2.3340030141483226e-05, -5.511589099116421e-05]
[-2.1656087158816728e-05, 9.659658053717823e-06]
[-1.4185349712536599e-05, 2.2412727616938355e-05]
[-3.5708785032229073e-06, -5.218934888809312e-05]
[-1.1678174764037652e-05, 1.2490571887329577e-05]
[-1.6053273763499964e-05, 3.6828709407093e-05]
[-7.860575791718283e-06, -5.300938169322533e-05]
[-1.6835720458976966e-05, -7.84778369489203e-06]
[-2.563954510176325e-05, 3.431341813078803e-05]
[-1.7086016446093977e-05, -4.325868694168844e-05]
[-1.0474015220029997e-05, -5.493757796001808e-06]
[-1.423402126082829e-06, 4.2428553103934785e-05]
[2.3936922537645677e-06, -4.0406569895290456e-05]
[-2.3563241366923726e-05, -2.4119165264901987e-05]
[-4.0965480534310705e-05, 3.5175881500072725e-05]
[-2.1799654950541147e-05, -2.674185798022706e-05]
[1.2565593834334976e-06, -1.8740956953422483e-05]
[1.2540593005580525e-05, 3.637228419128835e-05]
[1.976112298254784e-06, -2.335648917739519e-05]
[-3.812853607543243e-05, -3.191436746269316e-05]
[-5.205602963349876e-05, 2.5229615552202836e-05]
[-1.5048225650843641e-05, -1.029952440232719e-05]
[1.776715723407485e-05, -2.15565456643807e-05]
[1.8486022251643086e-05, 2.2007490911607475e-05]
[-9.26016749892844e-06, -9.92289788245837e-06]
[-5.305776050010258e-05, -2.8228151031761683e-05]
[-5.29980223528681e-05, 9.913068782611834e-06]
[1.8785302889623434e-07, -1.3930289785232808e-06]
[3.1064491584381626e-05, -1.3412685430980176e-05]
[1.3087736094208324e-05, 6.615521540187519e-06]
[-2.6189609559024163e-05, -6.235126751852338e-06]
[-6.0811594462722995e-05, -1.5667042553593052e-05]
[-4.2901688553642625e-05, -2.863538534569887e-06]
[1.683587393570829e-05, -3.6695810090581205e-06]
[3.4829526638649466e-05, 8.945234745982855e-07]
[-1.412421151189558e-06, -2.1950495275868676e-06]
[-4.099901369687513e-05, -1.3551683103940268e-05]
[-5.744578338580386e-05, -1.07800625765396e-06]
[-2.6239971620045655e-05, -6.603030854840375e-06]
[2.723879331098522e-05, -1.5265667071467925e-05]
[2.7452937054250892e-05, 1.3673489287491236e-05]
[-1.839581055607109e-05, -1.860276130083438e-07]
[-4.7027838653776466e-05, -2.7741924654859154e-05]
[-4.4459095327908926e-05, 7.854385325557767e-06]
[-1.0579762459175801e-05, 6.521495117817189e-07]
[2.6881217946372188e-05, -2.981572341526073e-05]
[1.2729025038391018e-05, 1.812498704867327e-05]
[-3.0158488730808175e-05, 1.1517038180815231e-05]
[-4.1977809410453926e-05, -4.139207750213092e-05]
[-2.7966111071892064e-05, 6.3537080424030945e-06]
[-2.8542250269519842e-06, 1.5454140775139624e-05]
[1.652192306296485e-05, -3.962635160736916e-05]
[-2.0849387064626745e-06, 1.1626641657947953e-05]
[-3.166819458367415e-05, 2.7070996766215272e-05]
[-2.8946537388385707e-05, -4.7465178735162095e-05]
[-1.5645830666932703e-05, -5.183095105887325e-06]
[-6.0116266540621854e-06, 3.0722689027901096e-05]
[1.7279424090466122e-06, -3.943604229536546e-05]
[-9.853684561925147e-06, -3.070012748376122e-06]
[-2.295561374313082e-05, 3.8838394064722934e-05]
[-1.4823969022317862e-05, -4.2710647284172065e-05]
[-1.2987548809746674e-05, -2.14725831255147e-05]
[-1.7659492292793066e-05, 3.924809896682646e-05]
[-9.915760759093839e-06, -2.8925602749071966e-05]
[-7.023669200301175e-06, -1.9272149343635414e-05]
[-9.004986252045266e-06, 4.11277140280053e-05]
[-6.878196070328468e-06, -2.917392493018145e-05]
[-2.0668265269696562e-05, -3.499762025743758e-05]
[-3.132519450479987e-05, 3.719280362026074e-05]
[-1.2524555391843495e-05, -1.2784279653241595e-05]
[4.7186909134244726e-06, -2.9664605659951437e-05]
[2.756972851625239e-06, 3.29209108384243e-05]
[-9.220300891454869e-06, -1.3108567201852717e-05]
[-3.431331435477247e-05, -3.96956784565472e-05]
[-3.967347026995888e-05, 2.5892668592734577e-05]
[-4.739311353956638e-06, 1.6557884827406166e-06]
[1.936191681888022e-05, -2.9870378438906497e-05]
[6.111603276126587e-06, 1.8283345764591452e-05]
[-2.0865705860073636e-05, -1.8660302354422953e-06]
[-4.6712885571481566e-05, -3.387417931775827e-05]
[-3.808404128952114e-05, 1.1114998532672782e-05]
[9.696058961256027e-06, 8.024719067543928e-06]
[2.9566759187599906e-05, -2.0520655698186285e-05]
[-9.53746208932904e-07, 4.299362205140156e-06]
[-3.63037041781894e-05, -3.090318532184e-07]
[-5.137432369324568e-05, -2.095231347280617e-05]
[-2.6846831395949122e-05, 1.7940901453350477e-07]
[2.3844175910170406e-05, 3.987826411394613e-06]
[3.0253768585827845e-05, -6.856918711106719e-06]
[-1.534325741733844e-05, -2.419968801903316e-06]
[-4.8253458369902635e-05, -8.497501662561857e-06]
[-4.5662313410682956e-05, -7.708658029178389e-06]
[-1.0934495869516225e-05, -1.6227442257987779e-06]
[3.0999364131548135e-05, -7.695198541657344e-06]
[2.102958851242509e-05, 3.897308774480912e-06]
[-3.0445846096904816e-05, 1.0634591154773387e-06]
[-5.122970613453959e-05, -2.1747146747724128e-05]
[-3.201051839912816e-05, -9.298539938862316e-07]
[2.4938084852779707e-06, 6.43979530584593e-06]
[2.7939023012436837e-05, -2.0602681845505177e-05]
[6.295364650049651e-06, 6.079585815957356e-06]
[-3.940609983726917e-05, 1.2655172497669231e-05]
[-4.417325397373939e-05, -3.298969058310175e-05]
[-1.6651216446103567e-05, -4.115362426559965e-06]
[7.605401727006633e-06, 2.0265009575304305e-05]
[1.6426409245776097e-05, -2.7835221451694148e-05]
[-6.973930570305237e-06, -1.6892967822645932e-06]
[-3.845557104744171e-05, 2.6335545123589224e-05]
[-3.088632708661554e-05, -3.6248261185117814e-05]
[-6.523720053011606e-06, -1.583653382528083e-05]
[2.7007733909012455e-06, 3.299543544363348e-05]
[2.2666308275576252e-06, -2.537521035883561e-05]
[-1.2660076866150005e-05, -1.591068044113665e-05]
[-2.86865754631771e-05, 3.515292925929808e-05]
[-1.8100469055253032e-05, -2.952138600009757e-05]
[-5.89437341312702e-06, -3.0517025533416398e-05]
[-9.035692743644685e-06, 3.8396840005686106e-05]
[-7.58260249311693e-06, -1.3987987877460417e-05]
[-8.455630465559194e-06, -2.999184923882514e-05]
[-1.5435149913936574e-05, 3.461638122756461e-05]
[-1.215661521468403e-05, -1.5686275203818933e-05]
[-1.4333740674096762e-05, -4.12129826993235e-05]
[-2.1169035800974734e-05, 3.3874877591981434e-05]
[-8.408794544570442e-06, 1.232400791593806e-06]
[3.0840048202696035e-06, -3.7500541210572225e-05]
[-5.614803609277352e-06, 2.4834191721723187e-05]
[-1.5933196895731583e-05, -1.0178234762792115e-06]
[-2.7008933029315507e-05, -4.300833979431484e-05]
[-2.7196372171620076e-05, 2.1671841450515185e-05]
[7.155130037073132e-09, 1.3410965377016332e-05]
[1.5867739166092187e-05, -3.52846231404802e-05]
[-4.3312102540327135e-06, 1.0382189943980435e-05]
[-2.7509031906708392e-05, 7.916003735619626e-06]
[-3.7108610208391735e-05, -3.536637274137444e-05]
[-2.3706880850821177e-05, 7.69444510952122e-06]
[1.336357595667359e-05, 1.725971666409476e-05]
[2.32893830520442e-05, -2.4944945717642053e-05]
[-1.2433690767962857e-05, -1.9945932742959638e-06]
[-4.1179789320278104e-05, 7.447017606030185e-06]
[-3.9186291739060075e-05, -2.231420701959662e-05]
[-1.1985559548843838e-05, -1.417058442698682e-06]
[2.500605875313533e-05, 1.161660455328839e-05]
[2.1445881511969467e-05, -1.1975055595220274e-05]
[-2.6175799572702996e-05, -6.693517144162886e-06]
[-5.0293697354715505e-05, -1.4635922154018766e-06]
[-3.1783028529935864e-05, -1.0408351446652975e-05]
[2.690795774265564e-06, -1.5251099461932593e-06]
[2.92003382523498e-05, -6.270624622328747e-08]
[1.0987450264995924e-05, -3.025820394519929e-06]
[-3.9113258356038294e-05, -1.953987326011597e-06]
[-5.049837973619686e-05, -1.3773245721174221e-05]
[-1.806867198564377e-05, -5.507297909879139e-06]
[1.3683738640996035e-05, 7.039944012465771e-06]
[2.3902042434111037e-05, -1.1463611618661718e-05]
[-3.274992533400245e-06, -2.6552801130688697e-06]
[-4.527924566728736e-05, 9.354898066213022e-06]
[-4.181544422993122e-05, -2.2878273724213916e-05]
[-4.2245297220688816e-06, -9.938590330632602e-06]
[1.623940121317502e-05, 1.9717890224119072e-05]
[1.1687260712545111e-05, -1.652931848894479e-05]
[-1.4775988723072023e-05, -1.1150513247317612e-05]
[-4.20735015717634e-05, 2.120828219241179e-05]
[-2.855570037013644e-05, -2.3849077454174417e-05]
[3.6086358049525202e-06, -2.142900904852918e-05]
[9.764165148015702e-06, 3.0006629261808415e-05]
[-1.576388881735502e-06, -1.2399088330228292e-05]
[-1.8412622828617442e-05, -2.4460710528848018e-05]
[-3.1467418339967135e-05, 2.740676600755665e-05]
[-1.7153046773445146e-05, -1.579717750632703e-05]
[2.3109417741189187e-06, -3.4287193638765645e-05]
[-1.958586795358652e-06, 3.265424139628492e-05]
[-9.634430977539798e-06, -7.443942248198943e-07]
[-1.2996692584005265e-05, -3.623799725220589e-05]
[-1.8968662198901032e-05, 2.4591736972154332e-05]
[-1.300417229926909e-05, -2.2395981341960525e-06]
[-6.753825313704498e-06, -4.2226188794292074e-05]
[-1.2680917574552086e-05, 2.618986130149218e-05]
[-8.88881683198603e-06, 1.3118591169595378e-05]
[-1.7642661277739169e-06, -4.095931712277956e-05]
[-1.088604876449406e-05, 1.3830098765765797e-05]
[-1.786544004940549e-05, 1.068243532431623e-05]
[-1.847755551265262e-05, -4.1427609999838966e-05]
[-1.676734008915215e-05, 1.3575612143545968e-05]
[-9.973649607586399e-08, 2.2871633966407845e-05]
[9.271998593497754e-06, -3.659519555648805e-05]
[-1.1251491491665391e-05, 2.3031612006452207e-08]
[-2.9061597086418867e-05, 1.7229328978615732e-05]
[-2.655315605341879e-05, -3.2355429456745743e-05]
[-1.1922595504004763e-05, 6.946602636170862e-07]
[1.2057846447310894e-05, 2.4279407868949e-05]
[1.429137960688373e-05, -2.553704858740402e-05]
[-1.9899494575800758e-05, -1.0537535523713615e-05]
[-4.086013854154302e-05, 1.484322223274312e-05]
[-2.655952888319657e-05, -1.945957976379458e-05]
[-2.5141369031089766e-07, -6.554107607165127e-06]
[2.133162172930636e-05, 1.7211272896472396e-05]
[1.049076659356829e-05, -1.336187744369055e-05]
[-3.261745139748751e-05, -1.324710878733426e-05]
[-4.7307682725886147e-05, 5.3363796618669315e-06]
[-1.8079011290368652e-05, -8.948585383330293e-06]
[1.2836544318911569e-05, -5.120600638536255e-06]
[2.2956565713272425e-05, 5.635767913958478e-06]
[-6.023949281896979e-07, -6.070322134968387e-06]
[-4.325923805473253e-05, -7.396001550377673e-06]
[-4.512653505536757e-05, -6.062757048910794e-06]
[-4.83505396700612e-06, -5.745078763497169e-06]
[2.1308913194770067e-05, 3.763242311938253e-06]
[1.5946339670468157e-05, -4.375806887058076e-06]
[-1.3942414058720765e-05, -7.164786858367134e-06]
[-4.6763019558596075e-05, 3.551677749647278e-06]
[-3.526368208894848e-05, -1.3307029293030403e-05]
[7.183910060160059e-06, -1.1116347224504608e-05]
[2.1451055349910875e-05, 1.5253875864762456e-05]
[3.5113808244946476e-06, -7.634152516838855e-06]
[-2.347325684154411e-05, -1.5989368766514828e-05]
[-4.159263548376979e-05, 1.3711037506751629e-05]
[-2.2362144367002457e-05, -1.248284607058281e-05]
[1.266995383011893e-05, -2.2119572299944545e-05]
[1.3632301775021172e-05, 2.3309913334254584e-05]
[-8.56849543071081e-06, -2.339110115462395e-06]
[-2.5086038575566905e-05, -2.81170977818046e-05]
[-3.042627776854434e-05, 1.7676522558671137e-05]
[-1.2445622285698482e-05, -3.677523088385648e-06]
[9.562285345501853e-06, -3.310137184303619e-05]
[2.05940663655646e-06, 2.364821057113803e-05]
[-1.4792958261650169e-05, 9.10072522956884e-06]
[-1.8582235807557135e-05, -3.756281769681791e-05]
[-1.878669481786277e-05, 1.3141693924884068e-05]
[-9.970313406507114e-06, 9.127560318372696e-06]
[-5.447041290240762e-09, -3.848964301828017e-05]
[-7.3301055749010885e-06, 1.5797542984911928e-05]
[-1.2607742547366893e-05, 2.130643146798679e-05]
[-7.705265501298242e-06, -3.971701392740945e-05]
[-1.2311893541089303e-05, 1.9707250331624238e-06]
[-1.5686270965944993e-05, 2.0053885537024696e-05]
[-1.0810909543801372e-05, -3.550051601995674e-05]
[-9.781102056044544e-06, 3.267008250087619e-06]
[-3.5966370564854966e-06, 2.8590149104001927e-05]
[1.7434827158241406e-06, -3.356374468604928e-05]
[-1.4014211462808762e-05, -1.0773691486221093e-05]
[-2.6334010077580516e-05, 2.421207198891051e-05]
[-1.713142089801445e-05, -2.544686585401884e-05]
[-4.012318119195335e-06, -8.222064952115304e-06]
[7.356227488874989e-06, 2.7723542047330962e-05]
[4.757945117145335e-06, -2.211686759440168e-05]
[-2.285941174168249e-05, -1.9340712744037036e-05]
[-3.629404557364997e-05, 2.00610331124668e-05]
[-1.5533534938071136e-05, -1.3035353755484758e-05]
[7.216964475809107e-06, -1.355050618065401e-05]
[1.449405346481969e-05, 1.946672655578352e-05]
[-4.517299114492612e-07, -1.0891397565881977e-05]
[-3.433476475286912e-05, -2.009566593180745e-05]
[-4.035654777902187e-05, 1.010244186987544e-05]
[-6.505455525704362e-06, -4.0258954310014305e-06]
[1.8512568561834808e-05, -1.0677923181545701e-05]
[1.4000060689628793e-05, 8.134854364433286e-06]
[-1.1639842067145967e-05, -5.1841976315553095e-06]
[-4.2698178243816276e-05, -1.3251239287186134e-05]
[-3.624760290329987e-05, -4.001532915159922e-07]
[5.842197397729065e-06, -2.416891131312715e-06]
[2.4508896398028196e-05, -1.5837833586551664e-06]
[5.822552274131754e-06, -5.556431646180915e-07]
[-2.3679764349041066e-05, -7.504166349286967e-06]
[-4.378878682187448e-05, -2.701662965834059e-06]
[-2.5688632690534785e-05, -6.023690291429018e-06]
[1.583102359528632e-05, -8.531296922659193e-06]
[2.2476132495369283e-05, 8.759735776991961e-06]
[-6.358564317271442e-06, -2.2873184469529573e-06]
[-3.110009791060242e-05, -1.6398057300618177e-05]
[-3.7024545292210775e-05, 5.929319080437423e-06]
[-1.3497610140258964e-05, -3.824039754268815e-06]
[1.8998696115171687e-05, -1.8919074389167623e-05]
[1.3605350381931669e-05, 1.4852781166169171e-05]
[-1.6977992081113058e-05, 3.782318868411627e-06]
[-3.0748202453342866e-05, -2.7220250446324812e-05]
[-2.5629177273972514e-05, 8.04991259905491e-06]
[-5.1998144851451295e-06, 5.271965296510528e-06]
[1.4247889574298123e-05, -2.8094612948115216e-05]
[2.368066817436121e-06, 1.3350278099880444e-05]
[-2.131827098911243e-05, 1.4666306154418642e-05]
[-2.32849435769511e-05, -3.444170863424467e-05]
[-1.5006208429313439e-05, 2.3166365673288336e-06]
[-4.332557651753888e-06, 1.697758828064777e-05]
[4.326183500893976e-06, -3.123595821064029e-05]
[-5.708193846157977e-06, 4.654998592135834e-06]
[-1.7787983403204366e-05, 2.5060303314910874e-05]
[-1.2802785247442716e-05, -3.4351957902939434e-05]
[-1.0079315751559959e-05, -8.762749053398133e-06]
[-1.0758327438256665e-05, 2.5782067575405576e-05]
[-5.569991192305723e-06, -2.6519156620760653e-05]
[-6.742571790993579e-06, -7.335718613835779e-06]
[-8.645096382597917e-06, 2.9957187748286263e-05]
[-4.782253811820569e-06, -2.683499958583413e-05]
[-1.2907563784331222e-05, -2.0107409189507042e-05]
[-2.0790209377299917e-05, 2.7647989118844557e-05]
[-1.0359600876058694e-05, -1.595913144729344e-05]
[-3.610068026183022e-07, -1.7177623458194957e-05]
[1.161715847589062e-06, 2.7076421769689496e-05]
[-3.4057625697692107e-06, -1.5370663610986268e-05]
[-2.1730056032037703e-05, -2.6572198946833714e-05]
[-2.9040343480962565e-05, 2.1950643486863368e-05]
[-7.54516358509455e-06, -4.37178602150437e-06]
[1.0176935122008235e-05, -2.054872712428657e-05]
[6.441381641769661e-06, 1.793055133364474e-05]
[-9.544135174233137e-06, -5.288376274337203e-06]
[-3.188199254502977e-05, -2.5448749411627336e-05]
[-3.1066358535364325e-05, 1.1728724954800096e-05]
[1.6130997792379587e-06, 3.0090921580086527e-06]
[1.961925278910759e-05, -1.6331688741350048e-05]
[4.288575193278285e-06, 7.031723220002339e-06]
[-2.0383866370557446e-05, -1.1490480374271028e-06]
[-3.8107943072435146e-05, -1.7743560792558843e-05]
[-2.5517341943587235e-05, 2.150700793054905e-06]
[1.2767675297134518e-05, 3.0811889471099585e-06]
[2.33057896839306e-05, -7.106515442334427e-06]
[-4.5381534126975875e-06, -3.474015947135811e-07]
[-3.0850910824466865e-05, -4.540894103052806e-06]
[-3.7126548022750616e-05, -7.630869617919131e-06]
[-1.4744158973040156e-05, -2.0302964028329207e-06]
[2.0644463128924317e-05, -3.6522270061012385e-06]
[1.94251342398033e-05, 2.1613685039778563e-06]
[-1.6040303148640023e-05, -7.47894244534919e-07]
[-3.611139549153375e-05, -1.3354030955613216e-05]
[-2.919634366110868e-05, -3.742806592432757e-07]
[-3.6011121611334573e-06, 1.2194152861078056e-06]
[2.1620772419111284e-05, -1.3383333354460847e-05]
[9.852302105803346e-06, 6.572370396959459e-06]
[-2.4971714003702017e-05, 5.8222767379129126e-06]
[-3.391737126622052e-05, -2.2863724778304784e-05]
[-1.7937010857199676e-05, 2.4925335537218096e-07]
[2.9509528788954076e-06, 1.0267086961501803e-05]
[1.546126685825211e-05, -2.0902437893571824e-05]
[-8.182283266766621e-07, 3.674511236713071e-06]
[-2.7406951737779517e-05, 1.5945550977463155e-05]
[-2.565987586572449e-05, -2.8068174734663387e-05]
[-8.519563775094552e-06, -6.236511828655589e-06]
[2.2568479426943178e-06, 2.066325179023165e-05]
[5.3809760095363535e-06, -2.215312134895564e-05]
[-7.546653073259302e-06, -5.38083578682097e-06]
[-2.262867943529645e-05, 2.450864475143054e-05]
[-1.5637144020100302e-05, -2.612547745009519e-05]
[-5.129932563553707e-06, -1.6825139141890544e-05]
[-4.778126037871533e-06, 2.7347823843268393e-05]
[-3.569839802569641e-06, -1.6187999808861542e-05]
[-7.303964068672286e-06, -1.645239251275854e-05]
[-1.3426987018852476e-05, 2.7214811558207153e-05]
[-8.920715186835904e-06, -1.770376014917363e-05]
[-8.949798648578977e-06, -2.6541337219243566e-05]
[-1.4183116874712243e-05, 2.7119742076416736e-05]
[-6.988511443650758e-06, -5.583549761161918e-06]
[-5.134621917368687e-07, -2.446668122672857e-05]
[-4.689190259435372e-06, 2.266128994188321e-05]
[-8.87784136091585e-06, -6.604628654399702e-06]
[-1.7628335380465154e-05, -3.088915228410816e-05]
[-2.0899457064897653e-05, 2.0165741310014182e-05]
[-3.2505387428539284e-06, 4.864410422397714e-06]
[9.207746820921736e-06, -2.5898015281689002e-05]
[-9.913245841708385e-07, 1.2978667616930784e-05]
[-1.5559696147790514e-05, 2.131056576065715e-06]
[-2.6479208475121974e-05, -2.8030428977032784e-05]
[-2.125754770970767e-05, 9.919259173957196e-06]
[5.7424482090145945e-06, 1.0504636691589797e-05]
[1.685610092742873e-05, -2.045891651611398e-05]
[-4.377087696058601e-06, 2.7429392960853782e-06]
[-2.572590782988493e-05, 4.6915402892727665e-06]
[-3.079511395039092e-05, -1.9638618923917966e-05]
[-1.4741378529109506e-05, 1.34306185230193e-06]
[1.554024312365454e-05, 9.088795444769926e-06]
[1.8496034397581795e-05, -1.1191028257528934e-05]
[-1.3401123574313667e-05, -3.285059937602197e-06]
[-3.446905338024692e-05, 3.281780461853942e-07]
[-2.813802008658217e-05, -1.0032657501567177e-05]
[-4.193528175197581e-06, -1.5060455789417393e-06]
[2.1346190005683274e-05, 1.8279593679559891e-06]
[1.315870960265364e-05, -2.9361549929440844e-06]
[-2.3882910556466408e-05, -2.47645406413477e-06]
[-3.7625587145664885e-05, -8.327046828718668e-06]
[-1.9492103131173166e-05, -4.037542616582013e-06]
[5.615842191275533e-06, 2.564133855603723e-06]
[2.0355143719525542e-05, -7.248488383820861e-06]
[3.2702132132800266e-06, 4.523393596495007e-08]
[-3.0979375353887284e-05, 4.419777212320841e-06]
[-3.3789472355230665e-05, -1.659237575238337e-05]
[-8.735724342914808e-06, -4.630565470273296e-06]
[1.0336094887042346e-05, 1.1344332999457807e-05]
[1.3088639333164176e-05, -1.3294743373054585e-05]
[-6.577216405664887e-06, -3.862358132428537e-06]
[-3.154911744437938e-05, 1.3691679864646054e-05]
[-2.4955423885725248e-05, -2.0044137646557658e-05]
[-7.139690914037544e-07, -1.152068090440328e-05]
[8.144716696745213e-06, 2.0348786635898675e-05]
[3.0929319649319886e-06, -1.3017933945785876e-05]
[-1.188912375839346e-05, -1.288228420743328e-05]
[-2.5654518277989924e-05, 2.0513818462250012e-05]
[-1.549919149074208e-05, -1.6665207385191394e-05]
[1.130575483593299e-06, -2.133797498060641e-05]
[5.957512881904492e-07, 2.5030654924471096e-05]
[-4.82923475414454e-06, -6.257592484487651e-06]
[-1.0452040964462062e-05, -2.27589944544887e-05]
[-1.6484074519568237e-05, 2.1311121057021598e-05]
[-1.001504239992769e-05, -7.791824278097215e-06]
[-3.589575078385976e-06, -2.9317514447207982e-05]
[-8.185992192363822e-06, 2.2994797517292796e-05]
[-6.971955343985925e-06, 3.9811368201603595e-06]
[-3.375660914142764e-06, -2.8863385956479082e-05]
[-8.755812457933443e-06, 1.548023851913327e-05]
[-1.1078568584996229e-05, 2.5840330128978906e-06]
[-1.2063862253525182e-05, -3.1637051489091794e-05]
[-1.354903498057558e-05, 1.5132052060457674e-05]
[-2.511830584844138e-06, 1.303415140327998e-05]
[5.496117893383223e-06, -2.8449230345062304e-05]
[-6.400201287094787e-06, 5.640814023183394e-06]
[-1.802368238071339e-05, 9.79358458361168e-06]
[-1.9697945149471652e-05, -2.7262418799745003e-05]
[-1.2585728821207232e-05, 5.139171262789899e-06]
[6.134019383777223e-06, 1.6869950663023214e-05]
[1.1495223060155671e-05, -2.196133466644823e-05]
[-1.0659670147718237e-05, -3.6841803694454e-06]
[-2.7313764792119555e-05, 1.077068769464104e-05]
[-2.2374916822928692e-05, -1.84104458901789e-05]
[-5.521865963614703e-06, -2.31877683185e-06]
[1.4531005550641463e-05, 1.4040482271382437e-05]
[1.1412654120399046e-05, -1.2773060830945093e-05]
[-1.9522814193387306e-05, -8.294640321787616e-06]
[-3.430346165907844e-05, 5.519052680914155e-06]
[-1.845171583750825e-05, -9.424268005278624e-06]
[4.437599621154309e-06, -3.890411613222122e-06]
[1.8413654940235835e-05, 6.347574766613073e-06]
[5.039305879209199e-06, -5.503475241974698e-06]
[-2.8749181881018715e-05, -6.350481920075479e-06]
[-3.5514402937836254e-05, -2.93452812895334e-06]
[-9.523749804382642e-06, -4.630775682731847e-06]
[1.2709500659045109e-05, 8.516151504267544e-07]
[1.5758600449482935e-05, -2.0806480956203632e-06]
[-4.77423872091709e-06, -3.7528564746855397e-06]
[-3.396347749481943e-05, 7.68154712914304e-07]
[-3.0310833417271366e-05, -1.0056475978251211e-05]
[3.9642931688732563e-07, -6.2366834539806515e-06]
[1.558083122375764e-05, 9.245394877149815e-06]
[7.737532828316906e-06, -6.831469257284617e-06]
[-1.354683185243212e-05, -8.36608470272844e-06]
[-3.2785486326958324e-05, 9.179121013721397e-06]
[-2.116887720020333e-05, -1.2033873538652706e-05]
[6.864333680717261e-06, -1.3285798426687645e-05]
[1.200192047344506e-05, 1.6879374486841736e-05]
[-1.897325461852617e-06, -5.358556636664291e-06]
[-1.7368583866431142e-05, -1.706090660359965e-05]
[-2.5959418686175018e-05, 1.4423120224364705e-05]
[-1.242851861383426e-05, -7.619707000611209e-06]
[7.170634491496589e-06, -2.2169468615579335e-05]
[4.0588378446004825e-06, 1.9763924767081387e-05]
[-8.674081372561648e-06, 1.805389216513742e-06]
[-1.4793622796410721e-05, -2.5582464280554662e-05]
[-1.6947662172112077e-05, 1.3641973724595746e-05]
[-8.15676948839883e-06, 1.2960585413779313e-06]
[1.633655163868486e-06, -2.8419930722473064e-05]
[-4.085993459287951e-06, 1.6266976679894102e-05]
[-9.585720086073557e-06, 1.1350767411788011e-05]
[-7.507660063105215e-06, -2.980099419402915e-05]
[-1.0208248866078184e-05, 6.947341664564899e-06]
[-1.0173808908289783e-05, 1.0649288548464364e-05]
[-6.598958737613625e-06, -2.8896246662163394e-05]
[-8.248115058118177e-06, 7.87567601838457e-06]
[-4.531334814296406e-06, 1.8839660328592682e-05]
[5.370196190929155e-07, -2.771918256744277e-05]
[-9.012347887873973e-06, -2.674359666110515e-06]
[-1.719978509945319e-05, 1.6208498049119502e-05]
[-1.3121932481333087e-05, -2.3294163471278273e-05]
[-6.257153406213911e-06, -1.5698567960298337e-06]
[3.6764508590109157e-06, 2.0880125369347746e-05]
[5.076889823698791e-06, -2.041415042702832e-05]
[-1.3869732833744763e-05, -1.0854028666046345e-05]
[-2.5521504059086708e-05, 1.5634977788111376e-05]
[-1.4433719975087689e-05, -1.4255043161518106e-05]
[1.0153077023844492e-06, -7.776560242298003e-06]
[1.0721371910674127e-05, 1.6761315587587866e-05]
[3.6165398590026765e-06, -1.1470836281335384e-05]
[-2.231951883875649e-05, -1.3983670992090413e-05]
[-3.083347453471802e-05, 9.593485118409434e-06]
[-9.628040556701467e-06, -6.040476599951904e-06]
[1.0121947171967682e-05, -8.092273544452189e-06]
[1.29051697791982e-05, 8.7616692585335e-06]
[-3.381044950415135e-06, -5.203430104017137e-06]
[-3.016889633815356e-05, -1.0960108045979244e-05]
[-3.0341465148769897e-05, 1.3865103283480784e-06]
[-7.993936116668099e-07, -2.437230125169887e-06]
[1.6752444134087233e-05, -2.7722568174959328e-06]
[8.93912747883252e-06, 9.98742246988149e-07]
[-1.275986592511047e-05, -4.546809911409877e-06]
[-3.3557202857165125e-05, -3.6860277550249815e-06]
[-2.410174647120289e-05, -4.6894708074368685e-06]
[8.01682907866641e-06, -4.922257942477359e-06]
[1.784234158744985e-05, 5.186170688814551e-06]
[5.386504035032047e-07, -2.599629397359582e-06]
[-2.0242691172889932e-05, -9.648185347900344e-06]
[-3.08298994537411e-05, 3.898114945586478e-06]
[-1.4955169626157394e-05, -5.448514423106454e-06]
[1.2833800440849308e-05, -1.1976748012454408e-05]
[1.3046761853277578e-05, 1.1540631315587468e-05]
[-8.451775189766142e-06, -2.0381606412323006e-07]
[-2.252663414148426e-05, -1.7834332673931363e-05]
[-2.331352593464009e-05, 7.760145598098567e-06]
[-7.107537167008043e-06, -3.504372355078722e-07]
[1.1651727661585176e-05, -1.9867016045171937e-05]
[4.8708634323713085e-06, 1.2885779435013733e-05]
[-1.395734589840214e-05, 7.056165062288566e-06]
[-1.8875950911448336e-05, -2.4951418477595078e-05]
[-1.4629791571976747e-05, 5.7400693797698965e-06]
[-4.065446659581862e-06, 8.272215120119775e-06]
[5.403081888219474e-06, -2.4492217910149217e-05]
[-2.5879712017909395e-06, 8.299616454147084e-06]
[-1.3657722921507631e-05, 1.5680922479588064e-05]
[-1.1444138870719822e-05, -2.7406818771891217e-05]
[-8.902500593474527e-06, -1.4237672466832496e-06]
[-6.9405586773374495e-06, 1.638794076445904e-05]
[-2.541616345622111e-06, -2.33854299530184e-05]
[-5.655336859214377e-06, -2.408720227624686e-07]
[-8.091137694163364e-06, 2.1536662858525832e-05]
[-4.186023930242977e-06, -2.391006185872846e-05]
[-8.744712861664429e-06, -1.0492626507152547e-05]
[-1.3942173548636694e-05, 2.025066098718109e-05]
[-8.047379811554345e-06, -1.6892537487087078e-05]
[-2.861725857269959e-06, -8.860164845019003e-06]
[-3.527188243007684e-07, 2.1875232929180477e-05]
[-9.082973449342502e-07, -1.6070065518597465e-05]
[-1.4008333791865057e-05, -1.7336447122456855e-05]
[-2.1288790492964005e-05, 1.8218310742367134e-05]
[-8.237488381336588e-06, -7.966610330252359e-06]
[4.372537380947783e-06, -1.3694785258644426e-05]
[5.447089803045646e-06, 1.665263358588409e-05]
[-3.4185949180642883e-06, -7.573650304126822e-06]
[-2.1894090223961715e-05, -1.8954792696784795e-05]
[-2.5075931188237033e-05, 1.1523157922324785e-05]
[-2.8765915410233767e-06, -6.965748296497085e-07]
[1.2467700209087273e-05, -1.2772189712489945e-05]
[6.19724383277287e-06, 8.5140541161155e-06]
[-1.0672262608160676e-05, -2.364183754349769e-06]
[-2.8349979932035252e-05, -1.4920912487767501e-05]
[-2.317858891875968e-05, 3.6332591141358117e-06]
[5.5500650115863914e-06, 1.696901558149999e-06]
[1.745586116246641e-05, -6.9442980995537695e-06]
[1.2873766173024381e-06, 1.470709924178415e-06]
[-1.9318461195357017e-05, -2.7199558853448214e-06]
[-3.006044999592783e-05, -7.554139008102666e-06]
[-1.6262260069926926e-05, -1.4653013946791527e-06]
[1.3082268752448445e-05, -1.5839012612595127e-06]
[1.691734673882339e-05, 5.657919578683224e-07]
[-7.1278600218965815e-06, -1.070165716737792e-06]
[-2.536110349295878e-05, -8.16855230670148e-06]
[-2.60505729617784e-05, -7.53839571225514e-07]
[-7.422628885062066e-06, -1.2151542704008644e-06]
[1.6231501890069666e-05, -8.558862701624204e-06]
[1.1137857481635649e-05, 5.764762766910514e-06]
[-1.5213416036830019e-05, 2.0449755317175633e-06]
[-2.611157878736059e-05, -1.5754219990324336e-05]
[-1.812988264349169e-05, 1.91981971908034e-06]
[-6.47566381167114e-07, 4.28686762118935e-06]
[1.3672119548335804e-05, -1.5471537904182542e-05]
[2.933793351637959e-06, 5.843420912365893e-06]
[-1.934167852445101e-05, 9.1849759625319e-06]
[-2.147926833445668e-05, -2.1510068402980087e-05]
[-9.975408735346525e-06, -1.0255662567237867e-06]
[1.1345282452390748e-06, 1.2372141800109926e-05]
[6.857600226187199e-06, -1.8641699359056574e-05]
[-3.7515071486578927e-06, 5.288150643420475e-07]
[-1.7854279908299103e-05, 1.676510206074632e-05]
[-1.3980751325706753e-05, -2.2402749529165655e-05]
[-5.318178498518733e-06, -8.315275434905844e-06]
[-2.5350663931944517e-06, 1.913308013662407e-05]
[-7.236925465697874e-07, -1.6256203428377525e-05]
[-5.781263902202016e-06, -7.815777012098318e-06]
[-1.184230824022997e-05, 2.1017835127774137e-05]
[-7.4802196806667e-06, -1.779711534427575e-05]
[-6.127476589932318e-06, -1.6563931588414738e-05]
[-9.45563767670854e-06, 2.1341270522383382e-05]
[-5.273081958759307e-06, -9.22759831531797e-06]
[-2.340673645129243e-06, -1.537507150610462e-05]
[-4.578274787711556e-06, 1.9829249322117493e-05]
[-5.290775090538435e-06, -9.734515178105863e-06]
[-1.167640657839808e-05, -2.195046363429043e-05]
[-1.5873946007244344e-05, 1.8009856153715018e-05]
[-4.534379057976462e-06, -7.149896646624701e-07]
[4.697627750349653e-06, -1.875703479470303e-05]
[1.0597651414756548e-07, 1.3746537810943593e-05]
[-8.56893590052421e-06, -1.904946295344656e-06]
[-1.893183714615776e-05, -2.2083099836353592e-05]
[-1.8332100198290013e-05, 1.0844577933258846e-05]
[1.1283524204916406e-06, 5.442084638592609e-06]
[1.1720770902848288e-05, -1.6637576499389795e-05]
[-3.0776194736605034e-07, 5.677312765572928e-06]
[-1.577975236387308e-05, 2.1696266282178467e-06]
[-2.4061588384055588e-05, -1.7144375617381136e-05]
[-1.5347475340710126e-05, 3.3785772571917616e-06]
[8.942356761243442e-06, 6.600414665228205e-06]
[1.515739370318292e-05, -1.0377366070818406e-05]
[-5.8149235061394355e-06, -5.558545601025422e-07]
[-2.3478798630093e-05, 8.464219512262228e-07]
[-2.431080076290698e-05, -9.768393022337174e-06]
[-8.10937839544612e-06, -7.708011547924443e-07]
[1.5107262265515176e-05, 2.5831738471870924e-06]
[1.3215966130977752e-05, -3.3240409795520787e-06]
[-1.3922594737522664e-05, -2.0873002700150245e-06]
[-2.8013314854045956e-05, -4.863861256483148e-06]
[-1.9329564646272668e-05, -3.7266008260502734e-06]
[1.3374783351671748e-07, 3.3654112080450105e-07]
[1.6658348351045182e-05, -4.266878889103154e-06]
[6.734323523369112e-06, 8.435007916030024e-07]
[-2.0894566830909067e-05, 1.6099361175442306e-06]
[-2.7302692127278982e-05, -1.1824218092246208e-05]
[-1.1312858789580549e-05, -2.077148116910732e-06]
[5.681353096264469e-06, 6.0411965695506e-06]
[1.2898980889138045e-05, -1.0261132404154605e-05]
[-1.2614862460666454e-06, -8.946293483282075e-08]
[-2.3585396563004235e-05, 8.498480428639592e-06]
[-2.183078760212287e-05, -1.632655692203333e-05]
[-3.900087671399044e-06, -5.685393868581912e-06]
[6.187090593468003e-06, 1.3439138874193901e-05]
[5.710683741139144e-06, -1.2178694746511898e-05]
[-7.05765174658507e-06, -5.813895183811105e-06]
[-2.0963286534362788e-05, 1.5002008484715605e-05]
[-1.4377328958578572e-05, -1.590480089661006e-05]
[-3.858022423544605e-07, -1.2830797662594096e-05]
[1.78276035128766e-06, 1.8824555326840686e-05]
[-1.3955728276476842e-06, -8.828929192544743e-06]
[-8.068455832649368e-06, -1.3679453258502727e-05]
[-1.4584649914647918e-05, 1.7766487201774372e-05]
[-8.635368367013868e-06, -1.0520150823700725e-05]
[-2.1212763271008517e-06, -2.0077519131828092e-05]
[-5.01833556935255e-06, 1.9504422969166685e-05]
[-5.008952429164104e-06, -1.6057229935903528e-06]
[-4.079737526668792e-06, -2.001421711590734e-05]
[-7.802867288714266e-06, 1.52906413196513e-05]
[-7.4019604233699354e-06, -2.5497136484642358e-06]
[-7.882425093336254e-06, -2.396879122604223e-05]
[-1.0575933504081841e-05, 1.5096917030337983e-05]
[-3.4774142043930006e-06, 6.2233431825089655e-06]
[2.677895519540008e-06, -2.192481389293177e-05]
[-4.112546576041931e-06, 8.633774286226359e-06]
[-1.1228123472428742e-05, 4.40065509396681e-06]
[-1.4499332971512624e-05, -2.2709872146475796e-05]
[-1.1909847061661316e-05, 7.688308277430111e-06]
[2.3109168629312227e-06, 1.1130790846920757e-05]
[8.646787741886652e-06, -1.869466827772448e-05]
[-5.4461894436301506e-06, 8.682196485643168e-07]
[-1.8179303649001888e-05, 7.266492490505538e-06]
[-1.842489821003712e-05, -1.7020607358926576e-05]
[-8.142938513602815e-06, 7.865316629246388e-07]
[9.392796026852501e-06, 1.104904050316935e-05]
[1.0691711053688324e-05, -1.210494059014633e-05]
[-1.1252915308124223e-05, -4.441098270163701e-06]
[-2.4808804907704152e-05, 5.0088730504313506e-06]
[-1.746715517310718e-05, -9.753197213866263e-06]
[-9.02060204463484e-07, -2.403962560404427e-06]
[1.4199138829371072e-05, 6.357793036038117e-06]
[7.621552423092703e-06, -5.535614351862006e-06]
[-1.879773529563089e-05, -4.977608143913459e-06]
[-2.7855006978771968e-05, -9.061981349938256e-07]
[-1.1840018298688026e-05, -4.4768649460555365e-06]
[6.504992281587685e-06, -5.37787860993566e-07]
[1.4300665164211114e-05, -3.3232604193522697e-07]
[7.454264466522087e-07, -2.2997026253163133e-06]
[-2.4520270094835483e-05, -7.843635460857978e-07]
[-2.5827111005780057e-05, -7.253786792268957e-06]
[-4.029611119907295e-06, -3.731382773777825e-06]
[1.0720447217359153e-05, 5.240401887818269e-06]
[9.576726746396425e-06, -5.4793549826015475e-06]
[-6.795301234378132e-06, -4.031071460568192e-06]
[-2.577819602507525e-05, 5.787330454745318e-06]
[-1.970894749370178e-05, -1.0642866652310623e-05]
[2.443838343690885e-06, -7.8037319453661e-06]
[9.971392069138552e-06, 1.1885033813940904e-05]
[2.2456369658252484e-06, -6.346600706516603e-06]
[-1.1578547370737213e-05, -9.909952810483076e-06]
[-2.212193878714866e-05, 1.1252315087867913e-05]
[-1.2449330869204744e-05, -9.170017819831733e-06]
[4.752004147300787e-06, -1.4616808850370644e-05]
[4.912640853643735e-06, 1.5956761733271208e-05]
[-4.2439845733821535e-06, -2.3254508456707623e-06]
[-1.1570287766438092e-05, -1.709264795234089e-05]
[-1.5486001591805132e-05, 1.2703262440738605e-05]
[-7.502233203848102e-06, -3.328241799716025e-06]
[2.1260862441835338e-06, -2.0770433620975748e-05]
[-1.7227519974599703e-06, 1.5302505651841602e-05]
[-6.906941987960824e-06, 4.794353708337598e-06]
[-7.096780560628124e-06, -2.2121205342853778e-05]
[-9.217321465262995e-06, 9.219713286282016e-06]
[-7.139258862046138e-06, 4.26221175428565e-06]
[-3.7952187003920113e-06, -2.32135331125205e-05]
[-6.4803396460227924e-06, 1.0088400933562502e-05]
[-4.6684847502262775e-06, 1.1725434466275213e-05]
[-6.556416244640761e-07, -2.2614645586865878e-05]
[-6.428125225929615e-06, 2.2923225720394846e-06]
[-1.1358732744895517e-05, 1.0155319839680321e-05]
[-9.794105828200839e-06, -2.0725631519544208e-05]
[-6.87545776427434e-06, 2.6908567917795223e-06]
[1.1367245420987326e-06, 1.5301460772800674e-05]
[4.327841388828552e-06, -1.8414942297567682e-05]
[-8.483506617116415e-06, -4.931990985196366e-06]
[-1.791506648980007e-05, 1.1766693281588247e-05]
[-1.2660556998084216e-05, -1.4488809555446985e-05]
[-2.5913021949597326e-06, -3.4870963062927363e-06]
[7.444853783400429e-06, 1.4016917516235239e-05]
[5.1806555059000226e-06, -1.1636626443128906e-05]
[-1.4358327948438276e-05, -9.201930664420876e-06]
[-2.3440253636006735e-05, 8.620685811740712e-06]
[-1.0755834206534892e-05, -7.482933151782903e-06]
[4.393251743520232e-06, -5.684671144257081e-06]
[1.097663703742563e-05, 8.739336952862109e-06]
[1.2750456648558117e-06, -5.609392588382112e-06]
[-2.1165798489972132e-05, -8.745415361416375e-06]
[-2.509805549995303e-05, 2.555505510624251e-06]
[-4.791704780390815e-06, -3.0130711140621824e-06]
[1.079513566775575e-05, -3.118971509591395e-06]
[9.837403372708886e-06, 2.2574449251855366e-06]
[-5.6901776604029175e-06, -3.242099051302405e-06]
[-2.558599041156684e-05, -4.113542841140128e-06]
[-2.1959008903754684e-05, -3.2007223858682154e-06]
[2.5443259842328203e-06, -3.096672144223267e-06]
[1.3641443905868661e-05, 2.6587334724936795e-06]
[4.423376282106095e-06, -2.1005104098581473e-06]
[-1.2544554009249684e-05, -5.6117352077627095e-06]
[-2.5487790004531663e-05, 2.116887571626362e-06]
[-1.543025476072324e-05, -5.619291438135887e-06]
[7.921186330459018e-06, -7.497418810120671e-06]
[1.1713083860720452e-05, 8.547573863454394e-06]
[-2.798504906559307e-06, -2.0942005330704117e-06]
[-1.6207003492037242e-05, -1.1461573074618078e-05]
[-2.0952263588149e-05, 6.6235114424949976e-06]
[-8.542462242557003e-06, -3.3437397315150275e-06]
[8.993546158351726e-06, -1.3868238374681319e-05]
[6.116945732922985e-06, 1.142658687879744e-05]
[-8.516306046424393e-06, 2.3509094197946e-06]
[-1.5184355927261306e-05, -1.784175342035843e-05]
[-1.4206488783155558e-05, 6.96596422865986e-06]
[-4.45493778338836e-06, 2.6694895062517876e-06]
[5.5313847023771845e-06, -1.8920339521333318e-05]
[-2.813826543122955e-07, 9.675431111143967e-06]
[-1.0195366621772173e-05, 9.133359120159536e-06]
[-1.02785426470825e-05, -2.156653799816055e-05]
[-8.513301768556247e-06, 2.7642302577041145e-06]
[-4.916237289404046e-06, 9.64437539294205e-06]
[-4.94079029800254e-07, -2.003664193303556e-05]
[-4.274336342209584e-06, 3.946003562994849e-06]
[-7.3024544637832756e-06, 1.5025186590513981e-05]
[-4.167718916481267e-06, -2.0768818877830997e-05]
[-6.5701722046854205e-06, -4.140506495609042e-06]
[-9.430328355319872e-06, 1.4358716605003541e-05]
[-5.897303701860035e-06, -1.6538658976147924e-05]
[-3.878471471166489e-06, -3.181679496217643e-06]
[-1.5405900911230619e-06, 1.7257317925706284e-05]
[-7.886683302694292e-08, -1.5793826608323513e-05]
[-9.202711453264178e-06, -1.0608542967194268e-05]
[-1.5525781388893434e-05, 1.4718275706255071e-05]
[-7.844719260914623e-06, -9.994168412811623e-06]
[7.143945528476081e-07, -8.478339097325871e-06]
[4.007872203254381e-06, 1.4862465420040216e-05]
