[592.9712792655187, 99.54198348262001]
[-8.549035510049741, -32.62780714949673]
[6.15289470406843, -5.709405351295871]
[-2.7037728251850766, 0.6682711342112384]
[3.1644593020499627, -8.16941791690877]
[-0.5257389446945568, -4.902705471034868]
[0.8069569086308697, -4.437064556845244]
[-1.0183777866489336, 0.07995762482426727]
[1.4111472579726758, -1.0587921371919649]
[0.5198439064929481, -0.7831474026434186]
[0.4830002675439964, -0.6973738465046608]
[-0.3332135353856107, -1.016948434237945]
[0.005132393390722356, -0.5627454852045468]
[-0.21341673696563745, -0.1861821589872612]
[0.23980866324307115, -0.4678935363461978]
[-0.11127835824260224, -0.21177715662531327]
[0.18596312125433556, -0.21958887211692613]
[0.05093691160590552, -0.14963488154228266]
[-0.02647730565825146, -0.23803121987247922]
[0.022729854601257315, -0.23165967199334148]
[0.09305505360651978, -0.20330697477912985]
[-0.05474108331070493, -0.11378127304680064]
[0.05713051160115867, -0.14358971061902537]
[0.0423364736811922, -0.1553831886984306]
[0.02555133052772174, -0.12069512764852552]
[-0.04851490917407375, -0.1251833265647324]
[0.004449885679640886, -0.10327945963450968]
[-0.022010826963795083, -0.06370293538544303]
[0.04554390457232671, -0.12629638865297999]
[-0.0078312247042307, -0.06478009762901049]
[0.030155686296106765, -0.057529252967301936]
[0.030998329519179357, -0.05022286528333986]
[0.00255457790460234, -0.06709763363339505]
[-0.001636402624713984, -0.08895010401040437]
[0.01985906915840341, -0.063803291155061]
[-0.010739136534676508, -0.04954863698541068]
[0.004152984045019625, -0.06002614561352804]
[0.004465089581809245, -0.055838785829359416]
[0.01580059956370139, -0.046129031176583624]
[-0.01581370363671253, -0.038044527881179846]
[0.0024096243520592697, -0.04839305264934879]
[0.003900334884141099, -0.03574457566112654]
[0.01801279291304647, -0.04928542002791758]
[0.00021042848722752083, -0.02816249632567125]
[0.008676065977478498, -0.023779165694775894]
[0.014593682092275406, -0.03338417892726664]
[0.0031918736729086294, -0.03541418595897383]
[-0.005460093992149417, -0.04482122302237901]
[0.00220109492422349, -0.030314856192388273]
[-0.003038615418019308, -0.02308228100944243]
[0.004107247038339423, -0.03435555245098132]
[-0.003126981760159908, -0.02695129101059468]
[0.010444527910473234, -0.02398784357326189]
[-0.0004395213525589803, -0.017546708350573814]
[0.0005089320852587065, -0.026826917009359796]
[0.0050213039218665045, -0.023619131306845675]
[0.009700252055822034, -0.021913119485824084]
[0.00011920079225108404, -0.01719907838852741]
[0.0014813534752682322, -0.016812260900512577]
[0.006665601257095588, -0.024776256988595202]
[0.002017732458251764, -0.02132076710335795]
[-0.005494178066919098, -0.022003378033599086]
[-0.0003477529974671434, -0.018406895673156065]
[-0.0008263764801039186, -0.013843395976900652]
[0.005955187075630919, -0.022360335520759556]
[-0.0019794035656222064, -0.01487566588233702]
[0.0048870205334723416, -0.013142933652571465]
[0.004864028791267128, -0.011274913856871072]
[0.0010727644953600901, -0.016054094913833028]
[0.0014444109136605432, -0.017572367315647597]
[0.004361845599703873, -0.012316041084604379]
[0.0006245211303488318, -0.012410572010743692]
[-0.0007626857940019605, -0.01402403468636182]
[0.0016813010533636152, -0.016767671124593098]
[0.0023476732785928656, -0.013102604146144808]
[-0.0036908788111399415, -0.010937763680092694]
[0.00016813344221233706, -0.013714636132198699]
[0.0007964958105572961, -0.010451526748213702]
[0.005313415173462399, -0.013821980800484468]
[4.690697822162804e-06, -0.008602981273898525]
[0.0016598531643762793, -0.007879277340890278]
[0.004647617809001581, -0.010027919032734367]
[0.0014667126296361577, -0.010916842160025197]
[-0.0007989333270712606, -0.01298680195973656]
[0.0006223853520017641, -0.0087331088887872]
[0.0007998568103273485, -0.008942997332537783]
[0.000224245716307081, -0.011410812960418099]
[-0.0010724676767863706, -0.010597301579529539]
[0.002365957116514883, -0.008643023330740185]
[-0.0007115030099393849, -0.006406125179719169]
[0.0006267802276020973, -0.010476801861588392]
[0.0012550590528097039, -0.008348895515627064]
[0.0037495319289945483, -0.007814829680006088]
[0.000918935762474149, -0.0059624887047267094]
[0.00017097375261920789, -0.00631396014402652]
[0.0027964089461116615, -0.009566475566056276]
[0.0010653694689655158, -0.007887467673477477]
[-0.0014596401839722106, -0.00857551839867203]
[-0.0006894844574804604, -0.007182808678922625]
[0.0003959812076419489, -0.006665337909781854]
[0.001821181936474403, -0.008904812514925364]
[-0.0013656744981318525, -0.006514554356038982]
[0.0014829549700723366, -0.006014101910216674]
[0.0015430979999838113, -0.004866738678885686]
[0.0010386962785315923, -0.007482418222354459]
[0.0006020660069738781, -0.00680471992175935]
[0.001956252889339538, -0.004781622318424494]
[0.0012337740319714463, -0.005223107419617179]
[-0.00035286238525422675, -0.005998181289800009]
[0.0008701163515013044, -0.008004299080867874]
[0.0007006765250451297, -0.005677145382323612]
[-0.0012232665831075629, -0.005239513235059334]
[-0.00034209070096791194, -0.006470541861880674]
[0.00014773476788443318, -0.005344247996386553]
[0.002359814709334107, -0.006368862028468758]
[-0.0003467948721133096, -0.0039908436532397895]
[0.0005793369044486685, -0.004344436586654399]
[0.002082823900412256, -0.004701337077970269]
[0.0012106954876045517, -0.00524909486459646]
[-0.00010184523532519307, -0.005575158919461476]
[0.00031120823776797923, -0.0038186382864497936]
[0.0011155166614262857, -0.004777092515207526]
[-2.0390200798470204e-05, -0.005468508832991104]
[-0.0005298031859495289, -0.00574066050986155]
[0.0005764951018938369, -0.004295386915430965]
[-0.0003680583954490668, -0.003485276229193257]
[0.000358532386872612, -0.005688071055690358]
[0.0001573805676293727, -0.004315943848358067]
[0.0019210919821919248, -0.004047552509360397]
[0.000616638295203753, -0.0028442887820854246]
[0.00013700323453558205, -0.003570780227671877]
[0.0014598049703834493, -0.004869972764781405]
[0.0008698009105831683, -0.003834743611148994]
[-0.0003532464569320215, -0.0042945017873319835]
[-0.000524684905747641, -0.0036868004751309247]
[0.0005698847907540383, -0.004142300112165209]
[0.0007225424477925735, -0.0045942177323250455]
[-0.0009160051610872522, -0.0037136928670045144]
[0.0004016931877157959, -0.003516753221204816]
[0.0005774011709291926, -0.002845806720350008]
[0.0008486513934049533, -0.00444557372386134]
[0.00011344759488118861, -0.0034336187402579377]
[0.0010825628263992915, -0.0025854583918427654]
[0.0010525636299442698, -0.0027418983617386594]
[6.567163763016026e-06, -0.0033344637537333632]
[0.0005205864601860455, -0.004521712875386552]
[0.0003387213871333117, -0.002942264101893688]
[-0.00030450750057675613, -0.0030960366290420094]
[-0.0003917003150348819, -0.003717412512881657]
[1.1215482569604251e-05, -0.003440382507055695]
[0.0011522086344813998, -0.0035562972023406303]
[-0.0003969635576406283, -0.002328232010942899]
[0.00020899010634511939, -0.002938485615352704]
[0.000983654642945142, -0.0027569722765700133]
[0.0009998625300764452, -0.003131771533603611]
[3.0709922775762344e-05, -0.002827254001271484]
[0.00022223465824178223, -0.0021252319192863744]
[0.0009953966460862773, -0.0029294422616124027]
[9.310206168899882e-05, -0.0030864021212824166]
[-0.00025220315019991446, -0.0035437217491637862]
[3.0911764812069364e-05, -0.0024715973961147997]
[-8.211351297809921e-05, -0.002328698319928879]
[0.00017397384888229173, -0.003537526222802345]
[-0.00020154901541324932, -0.002712802335105846]
[0.0010368537914364762, -0.0025036054440830124]
[0.00034593181366793235, -0.0016714233540434664]
[0.00016632292153662132, -0.002481777809696356]
[0.0007758375423673747, -0.0028450782049640466]
[0.0007415352368654871, -0.002195841461101633]
[4.993863379842978e-05, -0.0024009526442103635]
[-0.00030869816344769596, -0.002205688134459649]
[0.0005540914811263953, -0.0028534166873310784]
[0.00035039843708944973, -0.002662390163775813]
[-0.0005570501033398956, -0.002423666890444931]
[-3.188035505363729e-05, -0.002306637506318543]
[0.0002320761474916555, -0.001993738109656862]
[0.0006330595823239582, -0.002942632634432396]
[-0.0001342871336670881, -0.002033413737857981]
[0.000624417934904753, -0.0017264416868659899]
[0.0007778231171501337, -0.0016641443333373918]
[0.00020575766860542188, -0.0021802110833428756]
[0.0003147961926044385, -0.0027524559935661053]
[0.0002489040508872886, -0.001703792293816342]
[0.00010555414844926059, -0.0020226883950960617]
[-0.0002955093421557753, -0.0023601957670236935]
[1.1601987195963837e-05, -0.002464102681036584]
[0.0005526679402164669, -0.0021741409627209496]
[-0.0003169260446427291, -0.0015834103873602068]
[2.9774813067873218e-05, -0.0021692126497943054]
[0.0004229923778537592, -0.00187249849442718]
[0.0007848175844168137, -0.002112056812458629]
[2.5550323305534306e-05, -0.0015921796512425868]
[0.0001770133223445436, -0.0014314573564353505]
[0.0007888739497275976, -0.0019359164870844658]
[0.0002179692415924528, -0.0019257611339207337]
[-9.16809168482885e-05, -0.0023093510849722734]
[-0.00011945618805897507, -0.0015528688693476622]
[0.00011389500075165149, -0.0017314225462452537]
[7.877658258281794e-05, -0.002343392687257806]
[-0.00028170594727450204, -0.0019121059489763947]
[0.0005240547368757786, -0.0016979524112781252]
[0.00017500832368166908, -0.001163984847442321]
[0.00016691666863211108, -0.0019082739059632647]
[0.0003644812741671055, -0.0018230337799298724]
[0.0006090840145281939, -0.0014306247598308008]
[0.00019207756320394065, -0.0014289042087543002]
[-0.00012841285361042676, -0.0014825222258691984]
[0.0004763620240136879, -0.0020478345269835177]
[0.00022699171517603922, -0.0016448285734786405]
[-0.00028330502830353765, -0.001695890860978766]
[-0.00019508651559974055, -0.0016088699090806013]
[0.00011641897069969431, -0.0015521054000426915]
[0.0004408860933758918, -0.002041454582354385]
[-0.0002351153002231321, -0.001359009117104494]
[0.00033621182996268484, -0.0013098806025212129]
[0.0005257197192707341, -0.0011457562129546517]
[0.00029169652312355243, -0.001592104527770699]
[0.00016939334554089136, -0.0017416608111018306]
[0.0002208085453614672, -0.0010920962354525887]
[0.00028239534205176664, -0.0013906415598791688]
[-0.0001592766979221505, -0.0015963084748044087]
[4.173554503805743e-05, -0.0018450708471409172]
[0.00024235475174128052, -0.0013943753292637862]
[-0.00019044578364413312, -0.001192058185363054]
[-6.219017283110029e-05, -0.0016569632338252482]
[0.0001295703415069016, -0.0014082689264451054]
[0.0005778918684967715, -0.0015234330238482197]
[-9.848679484392164e-06, -0.0009909522599639287]
[0.00013594313841480687, -0.0011157106919469362]
[0.0005734142690428934, -0.0013500343687038452]
[0.0002956417691616364, -0.001302338347710208]
[-3.491667661781328e-06, -0.0015317221239418144]
[-0.00012248843622120198, -0.0010489482060898059]
[0.00022955907568256162, -0.0013517612660796097]
[4.888446290562953e-05, -0.0016011173599020934]
[-0.00024608954620114476, -0.001437558061088584]
[0.0002116282321084073, -0.0012082711089622666]
[8.753809069617091e-05, -0.0009238568901981103]
[0.0001436553502167648, -0.0015272376888872952]
[0.00010788167537145732, -0.0012622372678876559]
[0.00046939099951293084, -0.0010375959463833073]
[0.00021764855584122111, -0.0009012977421851698]
[-1.230245580380318e-06, -0.0011031887182557654]
[0.00037295793197300586, -0.0014901607720864685]
[0.00019604455781230268, -0.0010668173278971516]
[-8.806907446190504e-05, -0.0012238716638706126]
[-0.00022275681640737677, -0.0011672683388454508]
[9.363862561677372e-05, -0.0012732722025168286]
[0.00028965847473527706, -0.0014385653161821388]
[-0.0002436997609966962, -0.0009990728057304166]
[0.00014242901301786404, -0.0010592906162667504]
[0.0003244593990061606, -0.0008846388245892234]
[0.000304679143302955, -0.001246202916641348]
[6.0476921225322e-05, -0.001135452552420091]
[0.00019643967045607225, -0.0007830597380102944]
[0.00033348175194825025, -0.0009867924393056615]
[-2.9196515205609508e-05, -0.001136822482172506]
[6.535751670821988e-05, -0.001395825510829174]
[9.105840848888658e-05, -0.0009243716316469641]
[-6.129978137943415e-05, -0.0009519044959573897]
[-9.82542498098593e-05, -0.0012776291539446927]
[-1.0739342740984092e-05, -0.00113045512728005]
[0.0003928488701028243, -0.0011330596397591819]
[-3.8075563542572244e-05, -0.0006924959043345391]
[9.289825697234022e-05, -0.0009499925706192777]
[0.0003768068467642771, -0.0009912653946844152]
[0.0003210059040850144, -0.0009485316955999412]
[3.655190431584021e-05, -0.0010179438283308695]
[-7.542705546403905e-05, -0.0007653413093976491]
[0.00027884836057034956, -0.0010727538009840387]
[5.971625965314753e-05, -0.001114010354040476]
[-0.00016863608575995448, -0.00111323934105223]
[2.892896160555658e-05, -0.0008833421008860309]
[5.867141034565648e-05, -0.000795738664923884]
[0.00011092777244436913, -0.0012294232114336001]
[-4.307035711365037e-05, -0.0009374297788213304]
[0.0003313493686200042, -0.0008140553401078943]
[0.00019086094565651246, -0.0006170802246083795]
[7.509795345495007e-05, -0.000892941282065296]
[0.00026197918469073045, -0.0010890291998216783]
[0.00019246008255835445, -0.0007309116077662825]
[3.837763308758846e-05, -0.000890922609778938]
[-0.00018121700815702801, -0.0008758030214747435]
[0.00010261903556196827, -0.0010624430359993386]
[0.00018311735792531092, -0.0010137816034584413]
[-0.00019741767049075154, -0.0007862506622016152]
[1.4749184928275483e-05, -0.0008764040304578558]
[0.00017959950864454566, -0.000747344740974501]
[0.00027417986310612763, -0.001009295111338071]
[-1.785431876977217e-05, -0.0007694217635214606]
[0.00016122213732572277, -0.0006279249419601785]
[0.0003138420543817855, -0.000722830631019522]
[7.286212515111856e-05, -0.0008519260209438606]
[7.180837680884067e-05, -0.0010471329632826473]
[2.9846301349389925e-05, -0.0006364506278972726]
[4.6506246394628636e-05, -0.0007805512902049339]
[-9.417262385436054e-05, -0.0009845467567914934]
[-6.0478844545741595e-05, -0.0009386854721329385]
[0.00023960520397303675, -0.0008490708620980669]
[-4.6208860194879575e-05, -0.0005457685315188067]
[5.122410696742352e-05, -0.0008385941774925465]
[0.00021275952661403696, -0.0007691355933685529]
[0.0003032754756928657, -0.00073764213034333]
[4.599219065271054e-05, -0.0006786865114903895]
[-2.2022252031517198e-05, -0.0006077648809439395]
[0.00027693370122555683, -0.0008520980364071229]
[8.961994038492183e-05, -0.0007891663081307787]
[-8.707144294073377e-05, -0.00086664776363643]
[-6.333240513012317e-05, -0.0006598870468189633]
[6.465937697225366e-05, -0.0007111399652213191]
[8.052575477768276e-05, -0.0009775581486348717]
[-0.00011646919466778982, -0.0007386383320611423]
[0.0002052505370483404, -0.0006684301203352117]
[0.00014597998666143752, -0.0004731715733755637]
[0.00010994810667308563, -0.0007651382096014459]
[0.0001561284041790012, -0.0008008741895741966]
[0.00018713655676436125, -0.0005380658330520482]
[0.00010815840699307522, -0.000648487348145127]
[-0.00011041842858267037, -0.0006816450598791379]
[0.00011355380728139686, -0.0008823541727284168]
[0.00011711634960576145, -0.0007114044565403321]
[-0.00012469713750101752, -0.0006439950535179761]
[-6.042201991013352e-05, -0.0007262015737048433]
[8.707332253343747e-05, -0.0006668204913945763]
[0.00022198773083215162, -0.0008228763761571334]
[-6.667215264788418e-05, -0.000552575339973771]
[0.00011600625329821757, -0.000548510762282628]
[0.0002574191964909156, -0.000553868603655916]
[0.00013852871461586536, -0.0006722659086406679]
[6.158343147510958e-05, -0.0007724705244059049]
[1.6121659175916125e-05, -0.0004643328442591188]
[0.00012137828106228987, -0.0006436820042420854]
[-6.295131595079884e-05, -0.0007574937675913218]
[-6.008571241994387e-05, -0.0007867289058340887]
[0.00012339059581431555, -0.0006335009934428371]
[-3.327196679098199e-05, -0.0004731395834038088]
[1.6271543424095647e-05, -0.0007409767409176093]
[8.804607341345028e-05, -0.0006302387419566124]
[0.00025601186474949467, -0.0006021756926553323]
[3.879737779600989e-05, -0.00046330928888060896]
[1.8615255418519272e-05, -0.0005226016334032302]
[0.0002394584886278306, -0.0006749932173270856]
[0.00012130616563621466, -0.0005746327222203584]
[-2.020118364803869e-05, -0.0006676692734461365]
[-9.326686854593813e-05, -0.0005069240578278733]
[8.530200188487658e-05, -0.0006390420860686863]
[5.960235893714971e-05, -0.0007613951185165835]
[-0.0001338566490305393, -0.000606885952653069]
[9.965272038658934e-05, -0.0005585831890271287]
[0.00010229861247057492, -0.00040859468226636664]
[0.0001151268312246101, -0.0006732410394141158]
[6.501826787159992e-05, -0.0005988948634958469]
[0.00016900172039790995, -0.0004307574140965942]
[0.00013474877848396183, -0.0004743615883800456]
[-3.6197707616481e-05, -0.0005534220871754592]
[0.000113222229455201, -0.0007206429092416755]
[8.27977206124264e-05, -0.0005006018076493673]
[-4.7215140091011465e-05, -0.0005358849367169682]
[-9.27703209530617e-05, -0.0005981592749365605]
[3.738485087678711e-05, -0.0006075580485956356]
[0.00016399971243902245, -0.0006627454561176638]
[-8.730536645956688e-05, -0.0004279396735426544]
[6.717237024758682e-05, -0.0005011762535796216]
[0.00018722986018313015, -0.0004512894904157294]
[0.00016817796149615205, -0.0005556747554201769]
[4.0151283942746474e-05, -0.0005608244491456804]
[2.2304879593260107e-05, -0.00036784668891109984]
[0.00016060313841606555, -0.0005285039558081961]
[-1.7367886088609508e-05, -0.0005851212265774418]
[-3.724525999471151e-05, -0.0006539186207470404]
[4.466752487120029e-05, -0.0004701640727361456]
[-4.872941143041487e-06, -0.0004325167690789611]
[-7.520354554424458e-06, -0.0006429981048119426]
[4.088612742841891e-06, -0.0005398164490915403]
[0.00019325059715900872, -0.0005046157192307721]
[2.5884559736955026e-05, -0.00033682590843653326]
[4.0719069119454776e-05, -0.000475868810659863]
[0.00018157212151470592, -0.0005360826488826076]
[0.00014288481202501258, -0.00043666160050959135]
[2.47436256304856e-05, -0.0005050745419664035]
[-8.386813175128432e-05, -0.00040590883086828733]
[0.00010534596459432777, -0.0005669625954622948]
[5.064169674207086e-05, -0.0005801911482111732]
[-0.00011439847719085794, -0.000509534965841385]
[2.0091151953172126e-05, -0.0004668291901331889]
[6.959067806394659e-05, -0.0003843199958968313]
[0.00010237714279376364, -0.0005926773375677444]
[-4.757361684926131e-06, -0.0004622632254575043]
[0.00013711542885364025, -0.0003722017373947173]
[0.000131727384147573, -0.00035587901295064395]
[2.5630807228116392e-05, -0.0004694885821655559]
[9.84061043416834e-05, -0.0005760508128924945]
[6.921209482493862e-05, -0.0003604384288164661]
[1.985914656910115e-05, -0.00044547885562251643]
[-9.188609085902799e-05, -0.0004906471322411177]
[1.8278327687692997e-05, -0.0005514423627069887]
[0.00011104398516204039, -0.000521540215028149]
[-8.328006893323914e-05, -0.0003575111753214115]
[2.214677427561651e-05, -0.00046224533846869753]
[0.00011897104528202362, -0.0003932582795247441]
[0.00016777354185815163, -0.00047466226516845733]
[1.4598432503065695e-05, -0.00040543636583223464]
[3.148839987432428e-05, -0.0003194428164682295]
[0.00016777715026286555, -0.00043187282879329075]
[3.0580289120646365e-05, -0.00045846004653525563]
[-1.0188735835303664e-05, -0.0005328382544671495]
[-3.5944306225887956e-07, -0.0003510157163992278]
[3.0311754673606472e-05, -0.00040147770658438553]
[-1.7871056884333214e-05, -0.0005436080978853397]
[-4.232414551819108e-05, -0.00047469878483188954]
[0.00012743157049033282, -0.00042501949775639036]
[1.4995118346405878e-05, -0.00027160857708552477]
[4.599719125053525e-05, -0.0004451877060386855]
[0.00011681496527293778, -0.00043182829989141247]
[0.00014823763874526052, -0.0003507678477643328]
[4.788270399352923e-05, -0.000375665616155596]
[-5.4238577060161663e-05, -0.00034314626931764014]
[0.00011521821762927598, -0.0004922670986110544]
[5.221472608302191e-05, -0.00043502614855239763]
[-7.52949356400967e-05, -0.00042918830237825834]
[-3.142532489583405e-05, -0.0003877370281661907]
[5.08322299259123e-05, -0.00037513508353510805]
[8.183679974549385e-05, -0.0005125211399764074]
[-4.991477725668769e-05, -0.00037282772963498356]
[9.603483277542679e-05, -0.000338095979548092]
[0.00011156649484042602, -0.00028276390382664385]
[6.732130134903813e-05, -0.0004134668177478984]
[7.188276495068147e-05, -0.00045144619105953743]
[6.566358180915e-05, -0.0002740425935648383]
[6.779085879327074e-05, -0.0003668536525452959]
[-6.816670294396143e-05, -0.0004040431022592217]
[1.711752258193311e-05, -0.000490900264702776]
[6.938300312891998e-05, -0.00039963636593909335]
[-6.060398737528505e-05, -0.0003158354016197795]
[-1.2911777738044972e-05, -0.0004208164143539861]
[6.244798390658834e-05, -0.0003618557145008139]
[0.00014623644902883592, -0.0004113639191268281]
[-8.431900980321316e-06, -0.0002991509268215342]
[3.50448205623799e-05, -0.00029882680845561005]
[0.00015044610120273916, -0.00035412788872471457]
[7.103745689429619e-05, -0.00036874342002396476]
[1.065351833129391e-05, -0.00042299908716988965]
[-1.8654369978388097e-05, -0.0002700666845764921]
[6.33189691286451e-05, -0.00036945436395685594]
[-1.5047286732239318e-05, -0.00044749692590528856]
[-5.8045727989397555e-05, -0.00042017527316107195]
[6.819439955940698e-05, -0.0003545187728750121]
[1.056153167955376e-05, -0.00024486873035931]
[3.983200578958068e-05, -0.0004164992007260615]
[5.613445556280211e-05, -0.00035753503161062294]
[0.0001365539128653226, -0.0002982077515057968]
[5.361905424855484e-05, -0.000278587791903373]
[-1.92428353381624e-05, -0.0003070342468026177]
[0.0001109472872995454, -0.0004173942613602266]
[6.023920006295591e-05, -0.0003254915734653141]
[-3.089785996375494e-05, -0.00035780938955976005]
[-5.635756088290256e-05, -0.0003212797833762604]
[4.42664310658647e-05, -0.00036577985683244885]
[6.113893531206616e-05, -0.00043058342522306337]
[-7.056917872697022e-05, -0.0003147494262642908]
[5.2574555863077466e-05, -0.0003130155867605601]
[8.464959468024169e-05, -0.000244488092137396]
[8.751315629390577e-05, -0.0003727147850578483]
[3.945555796314171e-05, -0.0003499242614269371]
[6.356423319281435e-05, -0.00022657182971197454]
[9.370300275957089e-05, -0.00029939212113705427]
[-3.231443463484751e-05, -0.0003378130557738779]
[2.2920675173315752e-05, -0.0004249105653354457]
[4.127685848959173e-05, -0.00029983287315804574]
[-2.7035758645377328e-05, -0.0002867255167040561]
[-3.4254863237437316e-05, -0.00037423200579789206]
[2.2398070078283316e-05, -0.0003427213512582489]
[0.00011321617080239932, -0.0003551952939708676]
[-2.399476035500059e-05, -0.0002330456016311766]
[3.05763070543863e-05, -0.0002908991438504982]
[0.00011791519689186014, -0.0002957013019476151]
[9.74812313754847e-05, -0.00030707147194419804]
[2.116184215275596e-05, -0.00032702865632018227]
[-1.8843067852804263e-05, -0.00022091713254950886]
[8.699922311986019e-05, -0.0003331944749057625]
[-1.6629671559797998e-06, -0.0003606570488335903]
[-5.214392505148435e-05, -0.0003681310727111642]
[2.1798616899160184e-05, -0.0002910343380229108]
[1.3844322700809486e-05, -0.00023833359223564277]
[2.8603525499937277e-05, -0.0003823940045406572]
[7.218348316295753e-06, -0.00030679330122784787]
[0.00011112652712719218, -0.0002647119329888814]
[4.8219559926399036e-05, -0.00021229876701778227]
[1.100234236325881e-05, -0.0002873549040941503]
[9.329161491179738e-05, -0.00034680335244225563]
[6.95091047761276e-05, -0.0002486590329588284]
[8.285049526823851e-06, -0.0002930704759455116]
[-5.9093764513296065e-05, -0.00026879353839392994]
[4.538474387627556e-05, -0.00034854010881613107]
[4.5045929515485916e-05, -0.000349780966099944]
[-6.99222533414312e-05, -0.0002750859728816238]
[1.347955552480351e-05, -0.0002884288314120437]
[5.8630525907432673e-05, -0.00022996165180722006]
[8.935501716328398e-05, -0.0003379647794095053]
[7.656930275157237e-06, -0.0002727275137792695]
[5.754435521179713e-05, -0.0002048292469576385]
[9.939223911889505e-05, -0.0002445339394215873]
[5.782357449635178e-06, -0.00028964911309967145]
[2.7770251774306143e-05, -0.00035627235665847135]
[2.577685733989865e-05, -0.0002242577997866868]
[9.201406016512426e-06, -0.0002610632165113147]
[-4.0908084838975345e-05, -0.0003246288499946237]
[-6.642622797092823e-07, -0.0003254005126398993]
[7.737263900786662e-05, -0.0003013095448811953]
[-2.9478781149616662e-05, -0.00019681050437092562]
[1.9819723622971352e-05, -0.0002850255832174686]
[7.938425944878369e-05, -0.000255449400556218]
[0.00010727760239849504, -0.00026484928168635236]
[2.1819632311959047e-05, -0.0002481378928040137]
[-9.578326769066337e-06, -0.00019618971471527247]
[9.728362921485045e-05, -0.00029372094686747063]
[1.7967001927299275e-05, -0.0002878021714075585]
[-3.423039783745363e-05, -0.000315491789492639]
[-8.932666533928435e-06, -0.0002360071213944881]
[2.3445682147793523e-05, -0.00023848568202923526]
[1.7883005366536864e-05, -0.00034077728962489395]
[-2.576489150601935e-05, -0.00027218932344397206]
[7.770102838006165e-05, -0.00024007876458267963]
[3.797351773607294e-05, -0.00017324735596924157]
[3.117411209122012e-05, -0.0002754117167624859]
[6.629688292281166e-05, -0.0002848888310603148]
[7.519958432600227e-05, -0.0001993073483815]
[3.61041797677375e-05, -0.00023578805597412877]
[-4.6011468801288036e-05, -0.00023077015586309146]
[4.882184763597974e-05, -0.00032128809182907503]
[3.553615559698242e-05, -0.0002751923858604899]
[-5.351890046512153e-05, -0.00024436973150160357]
[-1.6099384566037322e-05, -0.00026110025542397386]
[3.8186025041242466e-05, -0.00022837021602281626]
[7.85148809234748e-05, -0.0003032978319575941]
[-1.791289467570345e-05, -0.00021848513092381783]
[4.570709716916754e-05, -0.00019754400089655455]
[8.972848354882323e-05, -0.00020367011545460723]
[3.8238974706394924e-05, -0.00025570520324497137]
[2.7407477975971428e-05, -0.0002895407065295341]
[1.9763244566567417e-05, -0.0001728544416210731]
[4.0834530825525905e-05, -0.0002349429354097099]
[-3.4469398134340246e-05, -0.00027616398629437544]
[-9.371604314467596e-06, -0.0003035590074881578]
[4.5263780880766546e-05, -0.0002491138388028835]
[-2.4723029484446934e-05, -0.00017994211983968222]
[6.598250925970994e-06, -0.00027470591805330014]
[4.2559626705872267e-05, -0.00023022555847918014]
[0.00010146034093955203, -0.00023446631623580405]
[1.586732163377791e-05, -0.0001884587218602407]
[1.891520827690396e-06, -0.00018793719470266979]
[9.354611498074705e-05, -0.000254107080118679]
[3.876897538090951e-05, -0.0002311722450936797]
[-1.2872577661887652e-05, -0.0002627055162582881]
[-2.4233586627703252e-05, -0.00019187374475193586]
[3.617442458608844e-05, -0.00023661317261519654]
[1.14031788993052e-05, -0.00029340801373917147]
[-4.1999779961165995e-05, -0.00024651599852927586]
[4.274547869115297e-05, -0.00021793558753937722]
[2.7947633796487903e-05, -0.0001557745842876157]
[4.014423718790017e-05, -0.00026442772179247065]
[3.5615805994815286e-05, -0.00023463844125365396]
[7.404913592934381e-05, -0.00017078403371079132]
[5.058252982134692e-05, -0.00018801163473852744]
[-2.429527721217739e-05, -0.00020598113516192423]
[4.99517938787053e-05, -0.00028567455848926837]
[3.2254628213435055e-05, -0.00021177083558587828]
[-2.8167054258676494e-05, -0.00021676059141667592]
[-3.338684386899882e-05, -0.00023146407501400956]
[2.5163125647764684e-05, -0.00023037000130489427]
[6.133468781092943e-05, -0.0002660174286769554]
[-3.360330798940492e-05, -0.0001834436175780496]
[2.910826402280353e-05, -0.00019581181960232064]
[7.094882351171838e-05, -0.000176903985744159]
[6.00385746437615e-05, -0.00023134525174595133]
[2.1009652224041053e-05, -0.0002294331295214884]
[1.9122374862637348e-05, -0.00014304869751482346]
[6.270547030934326e-05, -0.0002079613632948174]
[-1.8504130922247786e-05, -0.00023292825868387323]
[-8.217664097198707e-06, -0.0002747411376874398]
[2.0848163465897462e-05, -0.00020066396020668176]
[-1.170217925961295e-05, -0.00017308785615785527]
[-4.946671445377193e-06, -0.00025717356774647773]
[1.2819358066740172e-05, -0.00021533485478442138]
[8.384327046190299e-05, -0.0002099216929282166]
[7.558477843228051e-06, -0.0001481374495810317]
[1.0672997680150065e-05, -0.00018845168333125883]
[7.81557388083512e-05, -0.00021782185848720145]
[5.595668624595873e-05, -0.00019037946902947245]
[5.596356870474217e-06, -0.00021226840055182938]
[-2.668342763667564e-05, -0.00016031463279359004]
[4.812631808226442e-05, -0.00022840194372847344]
[1.0704194450039672e-05, -0.00024427771324952996]
[-4.3468848712049923e-05, -0.00022393318917629176]
[1.197449805870332e-05, -0.00019532229886190522]
[2.1327328127429546e-05, -0.00015283867924403838]
[3.984149327124209e-05, -0.0002498929645195491]
[6.929233250935196e-06, -0.00019698129872081083]
[6.499889264031944e-05, -0.00015607562639807782]
[5.3087606149540556e-05, -0.0001516224616097718]
[-7.182345209688634e-07, -0.0001915404113955188]
[4.595788149325264e-05, -0.0002454613497873126]
[3.322211425199617e-05, -0.00016282131985251302]
[-7.092463736313448e-07, -0.00018968077258085803]
[-3.812054625262906e-05, -0.00020195691602065136]
[1.9077000122658117e-05, -0.00022910234447033606]
[4.338175957566137e-05, -0.00022621746878802307]
[-3.812091657739991e-05, -0.00016234854080215966]
[1.0704759869362146e-05, -0.00019341899958802422]
[4.914857143967222e-05, -0.00016257028269250906]
[6.933645583262482e-05, -0.00021201854196140069]
[1.0329937177949722e-05, -0.00017967001623910017]
[1.9883494615541286e-05, -0.00013023035224718482]
[7.24162129034367e-05, -0.00018166826954596482]
[2.3109734747506216e-06, -0.00019763321792609645]
[-2.2198572649512194e-06, -0.0002396506223841799]
[5.52690685901025e-06, -0.00015904656043663756]
[6.118208537131409e-06, -0.0001690905099378387]
[-1.163659766387215e-05, -0.00023272596880011265]
[-7.076292824259589e-06, -0.00020549896552701785]
[5.973551080978856e-05, -0.0001872224011962853]
[7.568734878005134e-07, -0.0001251282406683485]
[1.4547560777060375e-05, -0.00019110546584111265]
[5.546367839098787e-05, -0.00018757803992808242]
[6.5964170836319e-05, -0.00016295140657851537]
[1.766061624774995e-05, -0.00016739399998050297]
[-2.028573465931438e-05, -0.0001413210162775902]
[5.577114298326025e-05, -0.0002130842838898861]
[1.5313238840769516e-05, -0.00019800858987351067]
[-3.4096959716428676e-05, -0.00020072432099811632]
[-1.0648672518598357e-05, -0.00017197593334389305]
[1.9280077819705532e-05, -0.00015715897699680736]
[3.384517153368072e-05, -0.0002296899732355251]
[-1.5269612124890752e-05, -0.00017077514711438813]
[4.9207764803646525e-05, -0.00014879883594198784]
[4.70949726830705e-05, -0.00012741538204708025]
[1.9386755964911906e-05, -0.00018353406239796088]
[3.6247915624093574e-05, -0.00020507769261388087]
[3.567864009995647e-05, -0.00012929467331598138]
[2.3116584899604553e-05, -0.00016303618336765968]
[-3.2192669644742766e-05, -0.00017548885943330372]
[1.7868589793523793e-05, -0.00022071647787144655]
[2.8550108485569936e-05, -0.00018601347661090228]
[-3.2416464308515636e-05, -0.00014960573087111073]
[-5.9003563243065216e-06, -0.00018690101963537292]
[2.9185272743106894e-05, -0.00015740422792220876]
[6.715085730132908e-05, -0.00019401472603974845]
[-1.5042212883065176e-06, -0.00014226704017192282]
[1.911684836541916e-05, -0.00012868296943069346]
[7.034475531464413e-05, -0.0001582598841605165]
[2.3137535213269e-05, -0.00017107856085139123]
[4.25261088904394e-06, -0.00020110430530229095]
[-1.4082698731876508e-06, -0.00012697600563693623]
[2.4626497060031838e-05, -0.0001634930844938154]
[-1.1950036004515496e-05, -0.00020377469438592755]
[-1.680469207712698e-05, -0.00019595221047834233]
[3.459118796177163e-05, -0.00016446370172000166]
[-1.972882032241774e-06, -0.00011558255360488712]
[1.367408167812778e-05, -0.0001909974291435801]
[3.054934032997725e-05, -0.00016467565733679912]
[6.706833323097405e-05, -0.0001452299241248567]
[2.2548644534492457e-05, -0.00013093531532875485]
[-9.483272266422316e-06, -0.00013302827864186163]
[5.682269040307997e-05, -0.00019230959472116282]
[2.3287310480402112e-05, -0.00015851765220337155]
[-1.8728789903887932e-05, -0.00017549820553242057]
[-2.334728873229497e-05, -0.00014936076354493677]
[2.123197858654169e-05, -0.0001623884386555384]
[2.6024181611315755e-05, -0.00020391874417839684]
[-2.8385852680001822e-05, -0.00015331204151292077]
[2.9518415835427803e-05, -0.00014393588908850896]
[3.685099374611811e-05, -0.00011466554691230701]
[3.2774751575009864e-05, -0.00017787510143635332]
[2.223537548452087e-05, -0.00016849169121517169]
[3.692223750428186e-05, -0.00010982343202908113]
[3.9502067312846556e-05, -0.00013822374200805898]
[-1.89677830182422e-05, -0.00015427129114770066]
[1.8789005143182713e-05, -0.00020430334966348163]
[1.87371445296014e-05, -0.00014854198686992115]
[-1.91811511914379e-05, -0.00014036985822479461]
[-1.7595929981170655e-05, -0.00017527878232596883]
[1.4091885769673684e-05, -0.0001571878631415613]
[5.655437791257656e-05, -0.0001749581677101819]
[-1.1210661518712417e-05, -0.0001172928253856953]
[1.5437341076868227e-05, -0.0001326314088591074]
[5.9090429795891075e-05, -0.00013959438446166893]
[3.9858467338380055e-05, -0.00015228391817666276]
[8.2860684011421e-06, -0.00016287611331616825]
[-2.079294693535516e-06, -0.00010582301474071354]
[3.995321425376286e-05, -0.00015446279653330564]
[-6.150292082146569e-06, -0.0001737384136191178]
[-1.7950253726986554e-05, -0.00018333951377265748]
[1.2890951895438985e-05, -0.00014157325190863879]
[2.578337928993424e-07, -0.00011464969122515489]
[9.833159154259974e-06, -0.0001852891230071374]
[8.043777531996366e-06, -0.0001488272601372631]
[5.957477069985784e-05, -0.00013332680592614832]
[2.161438115327874e-05, -0.00010464041593431089]
[1.7370235782798726e-06, -0.00013214474088481254]
[5.071642079010341e-05, -0.00016895276085310273]
[3.194267772010928e-05, -0.00012814965660895572]
[-2.105681729647202e-06, -0.0001488655678953954]
[-2.644598964572642e-05, -0.00012960082807644824]
[2.5422198657518158e-05, -0.00016399954726794078]
[1.9484524551194315e-05, -0.00017442115172483508]
[-3.191009275343992e-05, -0.00014114192868680542]
[9.575377628634474e-06, -0.0001382285706168218]
[2.6219851243430847e-05, -0.00011115734613370565]
[3.845168047753034e-05, -0.00017110726511770924]
[6.647451575858554e-06, -0.00013846081667369392]
[3.5002310681431226e-05, -0.00010130569801691802]
[4.6927516116124224e-05, -0.00011713854868117268]
[-2.453454389317322e-06, -0.00013915565657024453]
[1.9251154193017372e-05, -0.00018131950364319582]
[1.4010632281513669e-05, -0.00011691890893072987]
[-2.1047060975720733e-06, -0.0001312945108606356]
[-2.2548057522386866e-05, -0.00015949581074517494]
[4.98189567374463e-06, -0.00015763630966195152]
[4.159676486317765e-05, -0.0001539851449653129]
[-1.6321604631983067e-05, -0.00010306211401667209]
[9.048992440995052e-06, -0.00013714990038737884]
[4.2542180954230346e-05, -0.000126579336037963]
[4.974533131910097e-05, -0.0001390688683979291]
[8.747169536610366e-06, -0.00012864104595952663]
[7.629879521242611e-07, -9.51973686118407e-05]
[4.923652256871858e-05, -0.00014224814277485898]
[4.034678724243457e-06, -0.00014597421919415599]
[-1.3265943587276174e-05, -0.0001661975195970944]
[-2.550100091563978e-06, -0.00011977132291246528]
[6.755058366558764e-06, -0.00011744309164476996]
[5.463577379793971e-06, -0.00017319838006846222]
[-8.729801472089072e-06, -0.00013840619226113127]
[4.554702068897132e-05, -0.00012391506633574467]
[1.7398844621735465e-05, -8.87811710635622e-05]
[1.0507781679158779e-05, -0.00013472512584120078]
[3.8618173009263845e-05, -0.00014605670469799992]
[3.860729060692347e-05, -0.00010736884357258336]
[1.1986451652394592e-05, -0.00012274848911930647]
[-2.189704954885796e-05, -0.000114519803316393]
[2.958961948082428e-05, -0.00015969715794730832]
[1.5975646846660974e-05, -0.00014407652165410179]
[-2.716168183283796e-05, -0.00013096796847095193]
[-7.141303849447778e-06, -0.00013021796631575502]
[1.7909485743441977e-05, -0.00011359875954003451]
[3.736344939897496e-05, -0.00016097383348756544]
[-7.390907976134731e-06, -0.00011618396135193443]
[2.9149477772855148e-05, -9.977616790368682e-05]
[4.601771245879571e-05, -0.00010135554555772142]
[1.3514886545357152e-05, -0.00012951748015763154]
[1.7491865545699037e-05, -0.00015469303992798888]
[1.311100565964951e-05, -9.336957598760076e-05]
[1.4946316587494124e-05, -0.00012081118585480222]
[-2.0523057692900526e-05, -0.000141650478340416]
[1.3459765510204225e-06, -0.0001552638072292445]
[2.6231049503243342e-05, -0.0001316120943070636]
[-1.5741914277528357e-05, -9.667277633024218e-05]
[1.3770068822971382e-06, -0.0001387704158000158]
[2.4831260550750578e-05, -0.00011894016780295003]
[5.1798860081025966e-05, -0.00012882305660266713]
[6.123380917849586e-06, -0.00010117544518701421]
[4.469938996307793e-06, -9.307519428072321e-05]
[5.111971713039898e-05, -0.00012837208558330593]
[1.600863180820089e-05, -0.0001229463617217208]
[-5.876224854317602e-06, -0.00014494435625322932]
[-1.0784935931595907e-05, -0.00010086197923642182]
[1.5675710961227107e-05, -0.00011991834446257316]
[2.7562764628001613e-06, -0.00015568176141510584]
[-1.8176708407896536e-05, -0.00013099966805951713]
[2.81719097394717e-05, -0.00011472919306410034]
[1.264111996396311e-05, -8.214888431579137e-05]
[1.5414245547573646e-05, -0.00013702128414011527]
[2.3006298545083514e-05, -0.00012604753814275324]
[4.12578994422666e-05, -9.496614598929025e-05]
[2.125717621220824e-05, -9.95408781632734e-05]
[-1.259116648835712e-05, -0.00010497282844290634]
[3.1648909761705646e-05, -0.00014932225593755621]
[1.5776509347809053e-05, -0.00011599746743701234]
[-1.672776398221887e-05, -0.00012037909135996679]
[-1.8117227006245185e-05, -0.00011997381245041142]
[1.3151115072773667e-05, -0.00011828431906485415]
[3.173312226673053e-05, -0.00014666545750718907]
[-1.723270889944506e-05, -0.00010133164585190979]
[1.987407640535732e-05, -0.00010130291548360315]
[3.8978327869872154e-05, -9.159460696879333e-05]
[2.5940051398470887e-05, -0.00012359456272147823]
[1.2926971710958135e-05, -0.00012784380643410254]
[1.411033071016532e-05, -7.870027419931702e-05]
[2.8679793544206245e-05, -0.00010894780666637072]
[-1.2766090695920385e-05, -0.00012416798154912811]
[1.5952978648509086e-06, -0.0001480052895482878]
[1.3479276752076386e-05, -0.00010935286694679219]
[-9.859657216587658e-06, -9.473708427054639e-05]
[-5.56812409813201e-06, -0.00013572869795150377]
[9.421212769950005e-06, -0.0001153336656339321]
[4.671520494341219e-05, -0.0001192295915417585]
[1.9914752656113865e-06, -8.189760878403798e-05]
[7.057675593780122e-06, -9.634011563226796e-05]
[4.5890874782350544e-05, -0.00011478355099747706]
[2.6998004901052086e-05, -0.00010577268053854616]
[1.4372361133163647e-06, -0.00012144259819096836]
[-1.2505074392550608e-05, -8.650980127994368e-05]
[2.464138507639324e-05, -0.0001194603179368002]
[3.0152277232797786e-06, -0.00013488459124390284]
[-2.0411687248145238e-05, -0.0001240994367347481]
[1.0939004364968197e-05, -0.00010473694736826134]
[9.476436326746884e-06, -8.23641543007958e-05]
[1.64651085721515e-05, -0.00013618640329809972]
[6.972883841160904e-06, -0.00011028948012270501]
[3.893899561796532e-05, -8.862878186334522e-05]
[2.5064218739351274e-05, -8.133154983380741e-05]
[-1.6254904509072077e-06, -0.0001005785307672813]
[3.0229817380628132e-05, -0.00013434346432927846]
[1.7972806505506256e-05, -9.278403850837558e-05]
[-3.759648450368802e-06, -0.00010825394924136172]
[-2.2266919693869625e-05, -0.00010860112049329573]
[1.1794384026958538e-05, -0.00012182845095157213]
[2.4242105363475597e-05, -0.0001287463024062102]
[-2.1333702516057595e-05, -9.23847239945319e-05]
[8.736858852512186e-06, -0.0001027040543147284]
[2.879035958772147e-05, -8.750781247429673e-05]
[3.308283364714115e-05, -0.0001190978316810698]
[6.152477041221349e-06, -0.00010382612168877148]
[1.506306214932307e-05, -7.21902019755194e-05]
[3.693231167153921e-05, -9.681261661675933e-05]
[-1.550353786031189e-06, -0.0001090738014826731]
[3.6970556623050488e-06, -0.00013545684840483851]
[4.981807655152215e-06, -8.918014916947659e-05]
[-2.775668834220646e-07, -9.412604468538033e-05]
[-9.895848650270933e-06, -0.00012786687396693086]
[-1.4838292031749134e-06, -0.0001137258322833623]
[3.650992003856324e-05, -0.00010877349975269013]
[-1.6958610793427198e-06, -7.076190865976106e-05]
[7.524028209110467e-06, -0.00010153233682858032]
[3.52552932133543e-05, -0.00010315192666608686]
[3.46794782758314e-05, -9.419083470198902e-05]
[6.750552800083298e-06, -9.829913495379428e-05]
[-9.51869018742113e-06, -7.76602318152686e-05]
[3.137559917026911e-05, -0.00011507399694821174]
[6.392772943036862e-06, -0.00011347054727672834]
[-1.689322791748049e-05, -0.000115745724188418]
[-3.1541925296640905e-06, -9.401616338801724e-05]
[8.972495494037613e-06, -8.64053424241007e-05]
[1.4748962770178009e-05, -0.0001306918419429759]
[-6.5525183106651674e-06, -9.897975522943359e-05]
[3.190545623663055e-05, -8.56621555351822e-05]
[2.419015376621536e-05, -6.934661054089353e-05]
[8.328014614769619e-06, -9.985434763917778e-05]
[2.4985750223846526e-05, -0.00011711788643248289]
[2.0970794381097724e-05, -7.5984138377172e-05]
[8.720183635513301e-06, -9.477555527317993e-05]
[-1.9997085676931592e-05, -9.764158079783591e-05]
[1.2700727948386503e-05, -0.00012178670062623631]
[1.7268676448786713e-05, -0.00010882026358353426]
[-1.9513502358736723e-05, -8.717135475816429e-05]
[-2.12930076989859e-06, -0.00010196563907882705]
[1.8379887972208575e-05, -8.77664716519011e-05]
[3.458588601720769e-05, -0.00011388051851002334]
[-1.3700666147281604e-06, -8.473648846979431e-05]
[1.4521559690568175e-05, -7.187422170580604e-05]
[3.894079949594287e-05, -8.593120450628433e-05]
[1.0438788061117865e-05, -9.750643851536012e-05]
[5.764060273888427e-06, -0.00011871232004112553]
[9.590782167889778e-07, -7.294899800786014e-05]
[1.069915640307395e-05, -9.2554850721141e-05]
[-1.0414925607549197e-05, -0.00011626906458532885]
[-7.137331172801797e-06, -0.0001119165336302963]
[2.390710186009337e-05, -9.695667272946462e-05]
[-3.2943023924869586e-06, -6.646103642682366e-05]
[5.890536707103822e-06, -0.00010558605198157656]
[2.1816947578887774e-05, -9.44188436171195e-05]
[3.762939029525181e-05, -8.6881548021547e-05]
[9.23948900274918e-06, -7.810576850925122e-05]
[-4.1085704175491955e-06, -7.422443553212199e-05]
[3.423323930235034e-05, -0.00010718740990267595]
[1.1994197179815425e-05, -9.395906965581347e-05]
[-9.856738532730558e-06, -0.00010496571182312328]
[-1.2185061696076693e-05, -8.34171187545224e-05]
[1.1045718567498364e-05, -9.122825764379394e-05]
[1.189365025094924e-05, -0.00012041037369894814]
[-1.545482136505738e-05, -9.132987259624636e-05]
[2.1483549785844547e-05, -8.365820257272283e-05]
[2.0339129847474213e-05, -6.368994146422127e-05]
[1.545590407879549e-05, -0.00010065820454996377]
[1.662602249941081e-05, -0.00010012638024325948]
[2.307643227753009e-05, -6.585884919677043e-05]
[1.8375698206979374e-05, -8.110573687181155e-05]
[-1.2916501621731968e-05, -8.84988250584029e-05]
[1.4281508140631671e-05, -0.0001170215351242003]
[1.2356605530533527e-05, -8.903636066968923e-05]
[-1.284929686842795e-05, -8.346595093905451e-05]
[-1.0610267047517219e-05, -9.833380931614788e-05]
[9.959706551404546e-06, -9.037918169157999e-05]
[3.130783893056516e-05, -0.00010647741679092881]
[-7.83056309067165e-06, -7.144698585819301e-05]
[1.1838260453117533e-05, -7.509391804000343e-05]
[3.530219207323326e-05, -7.762650600542931e-05]
[2.0718594985619232e-05, -8.954661981433465e-05]
[6.4928885666615255e-06, -9.988033430585741e-05]
[5.116003492407206e-07, -6.19039716286407e-05]
[2.066045565178587e-05, -8.888879890532608e-05]
[-6.948031643694286e-06, -0.00010273905636662417]
[-8.085666239193712e-06, -0.00010807383331204456]
[1.1650843062899208e-05, -8.42257904070387e-05]
[-1.949277367532809e-06, -6.68490265475219e-05]
[2.9936522660256593e-06, -0.00010637809734159731]
[8.41154268405031e-06, -8.86431543141164e-05]
[3.553166510117389e-05, -8.200648443003333e-05]
[9.131819443564115e-06, -6.280567264457804e-05]
[1.5701269618084712e-06, -7.508001976587464e-05]
[3.253042805659301e-05, -9.717252219915151e-05]
[1.8254871707520937e-05, -7.819346734633248e-05]
[-1.7018501035082068e-06, -9.191221409531741e-05]
[-1.5563451594868827e-05, -7.411535661291935e-05]
[1.4699589721806072e-05, -9.433854032561695e-05]
[9.484721586516809e-06, -0.0001064020195008647]
[-1.8814551116595746e-05, -8.594212869528217e-05]
[9.700136728664488e-06, -8.095860950874112e-05]
[1.5508058165997207e-05, -6.33832440432025e-05]
[1.8990685889702652e-05, -0.00010077411956752047]
[6.6852112393378516e-06, -8.535651829716384e-05]
[2.2992598657650687e-05, -6.147526947104798e-05]
[2.3895892465652935e-05, -6.885184286631318e-05]
[-3.3175557020426183e-06, -8.200492179716301e-05]
[1.5031555598510327e-05, -0.00010774342461178366]
[1.000471173973061e-05, -7.154712677728825e-05]
[-3.288086574709803e-06, -7.951149925622403e-05]
[-1.5155811474737435e-05, -9.212895329788195e-05]
[4.669676956049057e-06, -9.314240987456923e-05]
[2.492967071866803e-05, -9.639445046155659e-05]
[-1.1633102191987987e-05, -6.364936081561245e-05]
[7.227449322466661e-06, -7.914312781456823e-05]
[2.765575922122898e-05, -7.258514968845609e-05]
[2.7490572814370395e-05, -8.435947737136379e-05]
[5.387356776513641e-06, -8.143776183527907e-05]
[2.118134948686512e-06, -5.637125143853616e-05]
[2.763068500380439e-05, -8.312907030305627e-05]
[-3.3077303004946934e-07, -8.923967837898283e-05]
[-5.7495471314228386e-06, -0.00010114741230142499]
[1.9049803505200025e-06, -7.1682502464393e-05]
[2.22059220600368e-06, -6.947326976619594e-05]
[9.992338687037083e-08, -0.00010298876560554948]
[-2.5386605692900854e-06, -8.510775298037343e-05]
[2.913270958987413e-05, -7.778515910195072e-05]
[7.4159883152735695e-06, -5.330962549154189e-05]
[5.9350768904092854e-06, -7.835659407039001e-05]
[2.6630164542337798e-05, -8.674613048920143e-05]
[2.3443593504118843e-05, -6.703276724390195e-05]
[5.534047709976342e-06, -7.769403906862649e-05]
[-1.3946156224048378e-05, -6.716430950409746e-05]
[1.846152297435566e-05, -9.419472387769273e-05]
[8.595650450159142e-06, -9.04943118685761e-05]
[-1.6959486224363274e-05, -8.126989026674414e-05]
[-1.2228159390059723e-06, -7.6842225149365e-05]
[1.1402160007417672e-05, -6.664654041027562e-05]
[1.915395590459945e-05, -9.846426900173011e-05]
[-2.8985987124835466e-06, -7.393891129278338e-05]
[2.0136088355285353e-05, -6.106860738087916e-05]
[2.507872229451369e-05, -5.9494697027429044e-05]
[6.4127724619389426e-06, -7.820912789291423e-05]
[1.3941312496046354e-05, -9.524601056071225e-05]
[9.77266219565065e-06, -5.802937246807138e-05]
[6.885396988232095e-06, -7.435306794294043e-05]
[-1.5142023964607315e-05, -8.437648365523277e-05]
[2.549240312121892e-06, -9.411242394208319e-05]
[1.7439883995051808e-05, -8.411397433794043e-05]
[-1.1848998387825604e-05, -6.0138886356031485e-05]
[1.6071794954886087e-06, -8.183468857375642e-05]
[1.818075279865286e-05, -7.068067457334862e-05]
[2.9909937916364204e-05, -8.056898287117469e-05]
[2.7510169864075618e-06, -6.559626264507346e-05]
[4.173254384953751e-06, -5.5694015543283903e-05]
[3.044470717722403e-05, -7.612346129254322e-05]
[7.86461174873132e-06, -7.740509495351988e-05]
[-1.8972135460704198e-06, -9.106577459060562e-05]
[-4.1276986002536376e-06, -6.0678550522927366e-05]
[8.240246036905763e-06, -7.20974189315493e-05]
[-1.544407163989181e-06, -9.566245681086327e-05]
[-9.496716034396169e-06, -8.261101126189052e-05]
[1.997893702433695e-05, -7.295297892401242e-05]
[5.404260207862721e-06, -4.940647629673306e-05]
[8.203788262148293e-06, -8.190418750241013e-05]
[1.778882946534832e-05, -7.741768832358886e-05]
[2.6142361852443674e-05, -6.0309269935665544e-05]
[1.0526601347232711e-05, -6.397194887786117e-05]
[-8.87878182989632e-06, -6.314430887982558e-05]
[2.0872158977718047e-05, -9.036407157286125e-05]
[9.538043283338626e-06, -7.477370172485898e-05]
[-1.1219556336372616e-05, -7.604825734999765e-05]
[-9.384069581341858e-06, -7.144726012234259e-05]
[9.034339446656325e-06, -7.132340677618032e-05]
[1.6900455998183905e-05, -9.284416631993864e-05]
[-1.028215432100077e-05, -6.60640187635439e-05]
[1.4733339098793596e-05, -6.255336689213464e-05]
[2.2674732826383215e-05, -5.393264176056789e-05]
[1.4306665803626162e-05, -7.641452492151979e-05]
[1.0717999056053529e-05, -8.143097700918922e-05]
[1.0617760755900207e-05, -4.9355861514444044e-05]
[1.5579681042904303e-05, -6.792238560894559e-05]
[-1.097152526821632e-05, -7.63662696696421e-05]
[2.7873852279647338e-06, -9.199285964325843e-05]
[1.0626111312445063e-05, -7.085796905204056e-05]
[-8.448450001946606e-06, -5.923577401645286e-05]
[-3.7181639433517266e-06, -8.186113849845134e-05]
[9.038950163117732e-06, -7.104916832866709e-05]
[2.812057070031293e-05, -7.673278672287731e-05]
[-5.209504492231787e-07, -5.383005689385545e-05]
[5.428815970015544e-06, -5.84110715887709e-05]
[2.8905934166517655e-05, -6.911372311746433e-05]
[1.5772750105849664e-05, -6.821223904107665e-05]
[1.8499825857054564e-06, -7.86800205117566e-05]
[-6.3029525475266635e-06, -5.240407850273798e-05]
[1.4618205268462914e-05, -7.31097220806054e-05]
[-1.1091491436965306e-06, -8.552787912946558e-05]
[-1.2015729086413407e-05, -7.984357522572427e-05]
[1.0010681992023152e-05, -6.699956108713323e-05]
[4.276556431009881e-06, -4.9938155025811004e-05]
[8.396351389494683e-06, -8.380347543510136e-05]
[7.815353831042149e-06, -7.011110152692346e-05]
[2.5586730677013003e-05, -5.7032033081300115e-05]
[1.2799796228209204e-05, -5.244979513141512e-05]
[-2.2931093424105597e-06, -6.197667441043553e-05]
[2.0897554486559722e-05, -8.341603425120192e-05]
[1.1869465842001548e-05, -6.110248859642065e-05]
[-3.487195724433123e-06, -6.959896040097113e-05]
[-1.3606923090353495e-05, -6.550006379575646e-05]
[8.582950913913617e-06, -7.53427371302795e-05]
[1.3541770771854922e-05, -8.400491822330158e-05]
[-1.4163062667188475e-05, -6.113861695743183e-05]
[7.706606973051366e-06, -6.403790922293595e-05]
[1.8050316763468244e-05, -5.2243168777596494e-05]
[1.9152288892987368e-05, -7.542649889742334e-05]
[5.7964414930077035e-06, -6.826261491188479e-05]
[1.1332192348945114e-05, -4.547178123132101e-05]
[2.1308002358361167e-05, -6.08791833511535e-05]
[-3.907896121202459e-06, -6.924573495234454e-05]
[4.135754847742201e-06, -8.635623375298496e-05]
[5.691001187052569e-06, -5.820227081908616e-05]
[-2.2700545131149052e-06, -5.9234232624105765e-05]
[-7.446601586996726e-06, -7.88943096297623e-05]
[1.8964402392074309e-06, -7.23545833614947e-05]
[2.3082335537771836e-05, -7.177427492210953e-05]
[-3.280325813509455e-06, -4.665059642985914e-05]
[5.254069022034291e-06, -6.261973167369719e-05]
[2.3721745119678617e-05, -6.326085433266959e-05]
[2.1708960137034605e-05, -6.185907001882152e-05]
[4.37472905362446e-06, -6.548351984217438e-05]
[-5.364267289170721e-06, -4.756147665796462e-05]
[1.9787017614361635e-05, -7.174238921179438e-05]
[1.5783278701636538e-06, -7.418069054564592e-05]
[-1.0660356790870296e-05, -7.575073937449162e-05]
[1.1100906214811523e-06, -6.016120538188119e-05]
[4.726078038003179e-06, -5.31569973070134e-05]
[7.15287105604312e-06, -8.277930568872938e-05]
[-1.3688773849301894e-06, -6.502125496032386e-05]
[2.180530042913617e-05, -5.575985599696326e-05]
[1.2653288261943452e-05, -4.440529533827897e-05]
[3.996383954318894e-06, -6.293185382497124e-05]
[1.817731723796623e-05, -7.460340488960049e-05]
[1.46220422210519e-05, -5.075334435422629e-05]
[4.28260954264334e-06, -6.194851606961503e-05]
[-1.3641267383093097e-05, -5.9953154008748205e-05]
[9.504576711977242e-06, -7.711691136425003e-05]
[1.0346488590801117e-05, -7.288353808981851e-05]
[-1.4063938826636146e-05, -5.809699456410522e-05]
[4.030220485395919e-07, -6.42126646119845e-05]
[1.2763625150614272e-05, -5.369209523724532e-05]
[2.0610395783708657e-05, -7.392563126464718e-05]
[1.6523387935674094e-07, -5.729409656557438e-05]
[1.094701417289623e-05, -4.548573806065215e-05]
[2.340941719475298e-05, -5.427695134035959e-05]
[4.288409950231609e-06, -6.372733170478817e-05]
[5.350650843907734e-06, -7.765785210091854e-05]
[3.070923552325744e-06, -4.765376623875467e-05]
[5.2372970811287445e-06, -5.8781221512343995e-05]
[-8.640417510641374e-06, -7.344328002809042e-05]
[-2.3704916441158463e-06, -7.31490349598074e-05]
[1.6253538834956616e-05, -6.525765954451535e-05]
[-4.499905916749425e-06, -4.3640015973801446e-05]
[3.6879724647082e-06, -6.642053968353157e-05]
[1.6255217093086305e-05, -5.927730419574839e-05]
[2.4548656802930724e-05, -5.785067534119781e-05]
[5.229790190269812e-06, -5.319353150889938e-05]
[-2.585586246044158e-06, -4.6187281905973876e-05]
[2.2515279034379665e-05, -6.807306452412745e-05]
[5.998791760816746e-06, -6.324251837586115e-05]
[-6.70288340950953e-06, -6.979738824269832e-05]
[-5.294957042184523e-06, -5.321033965080546e-05]
[6.790736648137896e-06, -5.7158942449786476e-05]
[5.434863616489427e-06, -7.84193024921942e-05]
[-8.163392825139004e-06, -6.169602077864267e-05]
[1.555420324284018e-05, -5.503163547623813e-05]
[1.0928338363025425e-05, -4.037855433566828e-05]
[8.677010158941734e-06, -6.481523100464182e-05]
[1.3074556820064087e-05, -6.543081565890674e-05]
[1.665875100135758e-05, -4.4218846561416836e-05]
[1.0505729291218624e-05, -5.374625681715817e-05]
[-1.012947668632691e-05, -5.563587582589624e-05]
[1.0831009548045722e-05, -7.580016238367682e-05]
[8.211820965609018e-06, -6.094651924988537e-05]
[-1.0393152144863582e-05, -5.576554182462612e-05]
[-5.7558895254009035e-06, -6.253171513603828e-05]
[8.158990209949923e-06, -5.6952952292112224e-05]
[1.9123306749246893e-05, -7.085116300671601e-05]
[-4.931492068815935e-06, -4.937096262491725e-05]
[9.001590485974154e-06, -4.793876403570707e-05]
[2.206171182991823e-05, -4.9161471306125026e-05]
[1.1809710537637186e-05, -5.995657194485249e-05]
[5.547402284228342e-06, -6.704988220258834e-05]
[2.4778513503243005e-06, -4.029230650226534e-05]
[1.240815298922393e-05, -5.7113877715106454e-05]
[-6.973771296464593e-06, -6.654655501523582e-05]
[-3.7358491425110163e-06, -7.222846620497103e-05]
[9.211358513686041e-06, -5.7449217651550644e-05]
[-3.5847275245970422e-06, -4.36915328873716e-05]
[1.3093932362262528e-06, -6.832641022030961e-05]
[8.163970217051064e-06, -5.724872712982443e-05]
[2.393031775055343e-05, -5.524810678974451e-05]
[4.610671174503506e-06, -4.3311682615954084e-05]
[6.534994859697107e-07, -4.764770025539322e-05]
[2.219044678825055e-05, -6.283069062600066e-05]
[1.1107566159546112e-05, -5.399452859128351e-05]
[-1.7013250056541196e-06, -6.208203464744266e-05]
[-8.486263857007681e-06, -4.713027149728932e-05]
[9.896568922657806e-06, -6.02886337093822e-05]
[4.19396428343044e-06, -7.116217296132543e-05]
[-1.1615239383311327e-05, -5.92799962178675e-05]
[8.08911031838222e-06, -5.373737744371332e-05]
[8.685555477339069e-06, -4.0080865383124165e-05]
[1.1133365651505578e-05, -6.62725506742623e-05]
[6.543004457924828e-06, -5.723035584803693e-05]
[1.7040848405980302e-05, -4.121318475908131e-05]
[1.4246365096726166e-05, -4.601882447916039e-05]
[-4.3641774171432335e-06, -5.2998874032150756e-05]
[1.1540650524971552e-05, -7.136580417213545e-05]
[7.478667082908008e-06, -4.978849075354397e-05]
[-4.283240453650805e-06, -5.31872515139864e-05]
[-9.618173003517194e-06, -5.917270137362207e-05]
[5.0739308143366024e-06, -6.045307560773039e-05]
[1.5670668878892124e-05, -6.568718157173858e-05]
[-8.335902740089218e-06, -4.4557248875115585e-05]
[5.6297951742181884e-06, -5.117645231552184e-05]
[1.8114480155484447e-05, -4.621889917277855e-05]
[1.7213460796000613e-05, -5.754820117764847e-05]
[4.39388795603346e-06, -5.605082367440839e-05]
[3.1246175651311603e-06, -3.654899947050372e-05]
[1.7772608449664884e-05, -5.412149356785745e-05]
[-2.809758328801981e-06, -5.940121688027735e-05]
[-2.8659200038139154e-06, -6.890077248133952e-05]
[3.296603806046683e-06, -4.917381092625628e-05]
[-5.428318257116871e-07, -4.536562857435089e-05]
[-1.0132834222381648e-06, -6.75361155247356e-05]
[1.0135980601233552e-06, -5.666514539783875e-05]
[2.0256337772202315e-05, -5.299982649152428e-05]
[3.1743919383792063e-06, -3.6777212027439e-05]
[3.241023853572944e-06, -5.079513737954455e-05]
[1.8919817772772296e-05, -5.70730442891465e-05]
[1.5640451297732616e-05, -4.715089728607458e-05]
[2.9184953339381203e-06, -5.328379987756815e-05]
[-8.522319924816196e-06, -4.277804364134427e-05]
[1.3078376955466542e-05, -6.143493808563605e-05]
[4.0889110757835745e-06, -6.208523766784713e-05]
[-1.1568718497750874e-05, -5.682811289950407e-05]
[8.461267915343962e-07, -5.134027641923167e-05]
[6.87872895691749e-06, -4.2520909840192654e-05]
[1.1441750154203567e-05, -6.6129339548502e-05]
[-1.3607203497301157e-07, -5.085027016918375e-05]
[1.5301973013776005e-05, -4.084345315705229e-05]
[1.5301256061334145e-05, -3.9837607018200494e-05]
[2.082514539203384e-06, -5.199866334709702e-05]
[1.0891130799647875e-05, -6.450130156705845e-05]
[7.922138691829339e-06, -4.075255642294745e-05]
[2.7334223683672665e-06, -4.98375344427926e-05]
[-1.0560984436164267e-05, -5.4820511250164294e-05]
[3.71827500830757e-06, -6.274540010581253e-05]
[1.1449140517413858e-05, -5.8579303867045684e-05]
[-9.277339343104207e-06, -4.226609971591869e-05]
[1.4693660467107739e-06, -5.372877192928033e-05]
[1.2803135887307082e-05, -4.556547596859528e-05]
[1.9699089450819773e-05, -5.576130878942598e-05]
[2.1227169053339434e-06, -4.615890201303818e-05]
[4.049070656798881e-06, -3.6153156250051666e-05]
[2.0379409816806415e-05, -5.023882460099445e-05]
[2.9044855599374975e-06, -5.302819561748412e-05]
[-8.129902679676615e-07, -6.311384257459696e-05]
[-6.434271666022617e-07, -4.153059141263904e-05]
[4.021705443613133e-06, -4.726053644893424e-05]
[-2.415254290545621e-06, -6.40157445610523e-05]
[-4.04781742402438e-06, -5.662219638274957e-05]
[1.4518882182776305e-05, -5.0261063139364626e-05]
[1.770284684843304e-06, -3.3792701067153486e-05]
[4.567142977279781e-06, -5.423946344265684e-05]
[1.3449131756673727e-05, -5.183013755072352e-05]
[1.8463852378594603e-05, -4.279793620576289e-05]
[6.1746690180330965e-06, -4.446511340867182e-05]
[-6.117193495913664e-06, -4.062410159000329e-05]
[1.5296844187911995e-05, -6.0169585982289275e-05]
[5.313975356302514e-06, -5.256904563888387e-05]
[-8.615192515520897e-06, -5.35969336004638e-05]
[-4.8875713153581635e-06, -4.790978530772039e-05]
[6.10269362895377e-06, -4.628982816040628e-05]
[1.0201181650709712e-05, -6.367324787064088e-05]
[-5.673564635322315e-06, -4.652109659449011e-05]
[1.1563988313201268e-05, -4.1894801664693615e-05]
[1.4104155794447681e-05, -3.599442795459984e-05]
[7.752381654090035e-06, -5.213058314296193e-05]
[8.627737875160912e-06, -5.635919113092247e-05]
[8.902349550893307e-06, -3.465704976152173e-05]
[9.114383722447217e-06, -4.569666853559973e-05]
[-8.610911694434398e-06, -5.0359563220706005e-05]
[3.7363945462713655e-06, -6.281454419626575e-05]
[7.556801718086592e-06, -5.0262906385101225e-05]
[-7.561565587788088e-06, -4.152774954072069e-05]
[-2.5561665985551763e-06, -5.4605573810678765e-05]
[7.420458985232803e-06, -4.672261893665097e-05]
[1.9198627579875005e-05, -5.375526119524854e-05]
[-6.111366161083709e-07, -3.8507614043781224e-05]
[4.435471250896494e-06, -3.82407607135149e-05]
[1.9959819801101952e-05, -4.621509324156947e-05]
[8.888620281560788e-06, -4.804613742021013e-05]
[1.3385751733985263e-06, -5.542707041462924e-05]
[-2.3668099077833737e-06, -3.556139678316875e-05]
[9.081353397253494e-06, -4.831045719666527e-05]
[-2.2951823835659635e-06, -5.838759683207684e-05]
[-6.486467421740194e-06, -5.6113549938549556e-05]
[8.014688473140241e-06, -4.6616692263717896e-05]
[1.1583489298860883e-06, -3.38488242192167e-05]
[4.582828106086678e-06, -5.6664460604772746e-05]
[6.940966631667489e-06, -4.78089898315881e-05]
[1.886927926382509e-05, -4.048668583289672e-05]
[7.675677941187953e-06, -3.678598569913094e-05]
[-2.3783478888816934e-06, -4.062430805651385e-05]
[1.5752645793079556e-05, -5.671969250552883e-05]
[7.571805012498989e-06, -4.393763489214143e-05]
[-3.871553285871021e-06, -4.924290244279206e-05]
[-8.24015050468474e-06, -4.398159420887504e-05]
[6.470128799757058e-06, -4.991450634322936e-05]
[8.269946588340682e-06, -5.880711137618011e-05]
[-9.071222013101732e-06, -4.390856485865166e-05]
[6.481275120123753e-06, -4.315319955073421e-05]
[1.150222670602552e-05, -3.477317313876904e-05]
[1.1616027977917609e-05, -5.25846746495251e-05]
[5.028441191490263e-06, -4.823187940891649e-05]
[9.618682941109347e-06, -3.167574711473997e-05]
[1.3657304323524966e-05, -4.1179984453250384e-05]
[-4.404484010532561e-06, -4.656996429778029e-05]
[4.414510967831742e-06, -6.025449801971838e-05]
[4.75080178252707e-06, -4.183800495632939e-05]
[-3.6071766861267562e-06, -4.130430414375774e-05]
[-5.510441224362839e-06, -5.344292938469497e-05]
[3.0216932890014814e-06, -4.876529440792955e-05]
[1.628449362742375e-05, -5.0853116903396695e-05]
[-2.968352102700189e-06, -3.3644925223230704e-05]
[3.844558946669574e-06, -4.158463453982075e-05]
[1.6911967668536976e-05, -4.282938667599101e-05]
[1.3853025039034517e-05, -4.458801913559407e-05]
[2.7737920186877985e-06, -4.684496047886906e-05]
[-2.1922555498224416e-06, -3.1965338433038656e-05]
[1.3466763651742708e-05, -4.7956114623770585e-05]
[-4.825243307138294e-07, -5.167683262560785e-05]
[-6.416697702571472e-06, -5.43232346410516e-05]
[2.028271264442605e-06, -4.215572845589488e-05]
[1.7844904110046744e-06, -3.591951017111253e-05]
[3.697507529959454e-06, -5.711212943095012e-05]
[6.80748780762519e-07, -4.523087447641516e-05]
[1.6736522234245266e-05, -3.9436505902962216e-05]
[7.5936938838394585e-06, -3.120534149142484e-05]
[1.5170567399941381e-06, -4.2239554651102296e-05]
[1.410949148258206e-05, -5.180025727661002e-05]
[1.018677614675334e-05, -3.71647725179447e-05]
[1.3422366541560038e-06, -4.389037400229223e-05]
[-8.906109914968985e-06, -4.030607395513752e-05]
[7.636901572835586e-06, -5.218452414113006e-05]
[6.4861753897998975e-06, -5.2038625900752145e-05]
[-9.83315499927806e-06, -4.2311334026068695e-05]
[1.0476879580417764e-06, -4.3686332374934245e-05]
[8.475707525462672e-06, -3.5873490537630115e-05]
[1.3240149626753128e-05, -5.2474463663201854e-05]
[7.952416487405634e-07, -4.123227162033949e-05]
[9.386598731050966e-06, -3.137706586420208e-05]
[1.5727352442915232e-05, -3.695851692167226e-05]
[9.932705830745236e-07, -4.3906336344136376e-05]
[4.9594537352148915e-06, -5.5292769660597596e-05]
[3.322952069506613e-06, -3.446482751680302e-05]
[1.6730435011963474e-06, -4.076452603080094e-05]
[-6.697449591419602e-06, -5.0478646087315227e-05]
[2.241822880666433e-07, -5.058515901053273e-05]
[1.1942659995489713e-05, -4.674155197375435e-05]
[-4.186896161384457e-06, -3.1479660559857736e-05]
[2.3002594960463973e-06, -4.488488560451531e-05]
[1.2132691593030875e-05, -4.0631712920458085e-05]
[1.680717347744831e-05, -4.23559653949801e-05]
[3.1238757852020127e-06, -3.8559910506698325e-05]
[-8.240598655812059e-07, -3.0928322717213574e-05]
[1.6174238476468483e-05, -4.616955953530566e-05]
[2.720512052856172e-06, -4.499784759293135e-05]
[-4.478667011559301e-06, -5.0840070530466797e-05]
[-2.4418021655238376e-06, -3.7390542363402446e-05]
[3.662521722819223e-06, -3.875779135065205e-05]
[2.569504940791445e-06, -5.516785889893294e-05]
[-4.2150899065007685e-06, -4.3829792643779175e-05]
[1.2532952057803248e-05, -3.878849268273282e-05]
[6.50098459940851e-06, -2.8245691542083673e-05]
[4.6184709173030525e-06, -4.4581438132906825e-05]
[1.0572994885549303e-05, -4.6359847129549825e-05]
[1.2319655161630028e-05, -3.270649749793908e-05]
[5.83570414046386e-06, -3.806813805708187e-05]
[-7.158362409817598e-06, -3.756983860259133e-05]
[8.956264040432815e-06, -5.237857169404503e-05]
[5.441400239947214e-06, -4.4318597306802765e-05]
[-8.047761020230082e-06, -4.092846434031183e-05]
[-3.668481167895532e-06, -4.301859829489163e-05]
[5.873334552389253e-06, -3.849715122890285e-05]
[1.2785026069495053e-05, -5.1076351603354664e-05]
[-3.1601988414731164e-06, -3.605601657535873e-05]
[7.85597149013939e-06, -3.289220636787382e-05]
[1.5320294258602818e-05, -3.372525226172374e-05]
[6.360544957256797e-06, -4.2403882397568093e-05]
[4.762830799337481e-06, -4.867267485631627e-05]
[3.1077229903780923e-06, -2.906818615654866e-05]
[7.108857519755318e-06, -3.945670121352496e-05]
[-5.835157869241159e-06, -4.638190364164574e-05]
[-8.635279593882661e-07, -5.118523901812e-05]
[7.284872112184315e-06, -4.1556403461789904e-05]
[-3.799826089764813e-06, -3.1391160019787756e-05]
[2.2770148605522067e-07, -4.7050336312077015e-05]
[6.756772872582029e-06, -3.977715997310893e-05]
[1.727324504002814e-05, -4.077904004518018e-05]
[2.490100872387657e-06, -3.166853770616984e-05]
[8.966795343456901e-07, -3.209760268105266e-05]
[1.6614053657729166e-05, -4.334979950038759e-05]
[6.624024898031766e-06, -3.9267816707369216e-05]
[-1.6044805839152132e-06, -4.5747447122712614e-05]
[-4.8587823453238865e-06, -3.305797573713298e-05]
[6.384155549876702e-06, -4.120545341845805e-05]
[1.8615476519712182e-06, -5.1006231934824786e-05]
[-7.024115453828361e-06, -4.2993786362445496e-05]
[7.164016609668977e-06, -3.7842703077843945e-05]
[5.1330827010309665e-06, -2.7878501193956406e-05]
[6.397576268371563e-06, -4.663628090195715e-05]
[5.817799643648147e-06, -4.1307134602153184e-05]
[1.3219609904677188e-05, -3.048026500379608e-05]
[8.805480937748578e-06, -3.254370974544417e-05]
[-3.7297414552002472e-06, -3.617162485924745e-05]
[9.709140278396644e-06, -5.035112225337812e-05]
[5.353392756562991e-06, -3.678006168419956e-05]
[-4.329220657989241e-06, -3.9113473837337764e-05]
[-6.786740233202804e-06, -4.1166989316776537e-05]
[4.2219932639281366e-06, -4.156212676389645e-05]
[1.08571874883924e-05, -4.801881351925146e-05]
[-5.968908444481391e-06, -3.287600477555608e-05]
[5.113008337581659e-06, -3.515858330446764e-05]
[1.2967254238049897e-05, -3.197133291216181e-05]
[1.0608681509885476e-05, -4.1716582440703975e-05]
[3.5775125431149885e-06, -4.143460551435732e-05]
[3.6060144764371582e-06, -2.6126802117071996e-05]
[1.1561449463889928e-05, -3.7353227067382644e-05]
[-3.115258200542259e-06, -4.1998371411111624e-05]
[-5.802126379073069e-07, -4.992413822293984e-05]
[3.2766853146903863e-06, -3.5835984086157735e-05]
[-1.7599754372349397e-06, -3.245555904337087e-05]
[-1.7207285794018645e-06, -4.7408292688483344e-05]
[1.8764906594415098e-06, -3.999131834908631e-05]
[1.5356647115938316e-05, -3.922065420119969e-05]
[1.3316043020183965e-06, -2.692880935359354e-05]
[2.2430759759398122e-06, -3.4691407817588615e-05]
[1.4737021050814647e-05, -4.013183163425332e-05]
[1.033417579121565e-05, -3.501590392507997e-05]
[1.2573773268687027e-06, -3.957919547109556e-05]
[-5.19913770519187e-06, -2.9869737206200675e-05]
[9.246053448722091e-06, -4.243788704444418e-05]
[2.0306464957597914e-06, -4.5294006552121235e-05]
[-7.533033849781157e-06, -4.199284612078566e-05]
[1.7279419606136548e-06, -3.622262448667313e-05]
[4.149511930687244e-06, -2.9553762475986733e-05]
[6.8045349858048e-06, -4.75074142753662e-05]
[7.971629619740739e-07, -3.7285074348858416e-05]
[1.244229248326123e-05, -2.9972926684329604e-05]
[9.961463564800432e-06, -2.8105004438108358e-05]
[3.9903843446209564e-07, -3.610813766724563e-05]
[9.340078914246708e-06, -4.647847439370745e-05]
[6.055710316671403e-06, -3.0453608590844117e-05]
[3.5929231688436314e-07, -3.6547571087036657e-05]
[-7.809671862285539e-06, -3.854292122501546e-05]
[3.6451078850863183e-06, -4.3977253578200703e-05]
[8.27611846658527e-06, -4.3375472023612915e-05]
[-7.027146033025677e-06, -3.1382306777821833e-05]
[1.6458251111128863e-06, -3.71755617043501e-05]
[9.526443524476846e-06, -3.183063784412132e-05]
[1.3017012787920612e-05, -4.125837348079031e-05]
[1.5658590336170564e-06, -3.465446382432125e-05]
[4.182151049261784e-06, -2.5592537035531993e-05]
[1.418777451446529e-05, -3.477604606591522e-05]
[8.559327679402706e-07, -3.8088476002076654e-05]
[4.534011748824618e-07, -4.6650951543769636e-05]
[5.423399304788079e-07, -3.0361426563374483e-05]
[1.5515106493863007e-06, -3.3716112793423514e-05]
[-2.8885098935088616e-06, -4.5799909321769805e-05]
[-1.6916714862119653e-06, -4.066659792925642e-05]
[1.1667253330960303e-05, -3.71778685074875e-05]
[2.6785961504405265e-07, -2.461284859506252e-05]
[2.7888390304042776e-06, -3.770242183182004e-05]
[1.1014917243784561e-05, -3.716561158802201e-05]
[1.2984672423804744e-05, -3.232199012898063e-05]
[3.384120262309165e-06, -3.316603058228784e-05]
[-3.8827007167452354e-06, -2.828785036265019e-05]
[1.1454236006298857e-05, -4.2093204856541444e-05]
[3.2022328105701936e-06, -3.898371086469288e-05]
[-6.027897284224815e-06, -4.0218904044708736e-05]
[-2.753479975942108e-06, -3.3932140644177267e-05]
[3.952129994183595e-06, -3.235798373532606e-05]
[6.18829285159439e-06, -4.661724371203546e-05]
[-3.5038643710350037e-06, -3.454328138446927e-05]
[9.975100004860904e-06, -3.043248274839372e-05]
[9.506161116196177e-06, -2.5346824738675666e-05]
[4.248342255264159e-06, -3.6988225256773255e-05]
[7.631128314325442e-06, -4.149544687589296e-05]
[7.092663322598447e-06, -2.6034380379354183e-05]
[4.951384196281994e-06, -3.329614067926201e-05]
[-6.711417640581363e-06, -3.576026290849632e-05]
[3.895993289398936e-06, -4.489982522019875e-05]
[5.827190989571296e-06, -3.7641441775343454e-05]
[-6.137232869463105e-06, -3.094158264405067e-05]
[-1.8056341957797817e-06, -3.821401095464687e-05]
[5.928945955441245e-06, -3.303108270574784e-05]
[1.3357672698749434e-05, -4.039695514812536e-05]
[-7.80120342713797e-07, -2.9201332363268384e-05]
[4.276446660844702e-06, -2.6945440127018605e-05]
[1.4614191014741817e-05, -3.223926100834329e-05]
[5.213186419064653e-06, -3.5129559028363594e-05]
[1.5518658681087927e-06, -4.170757480609355e-05]
[-7.19702799370503e-07, -2.5933902599972747e-05]
[5.427165244764609e-06, -3.442176066881242e-05]
[-2.8193931520398285e-06, -4.254749329232754e-05]
[-3.5464800592008294e-06, -4.105250728704546e-05]
[7.125466293209093e-06, -3.4423108615684594e-05]
[-1.3840086965366538e-07, -2.4485015607506044e-05]
[2.4858941429090065e-06, -4.0137107418569684e-05]
[6.292039804622895e-06, -3.492225959458861e-05]
[1.3954893159903725e-05, -3.088036832607499e-05]
[4.427459089309527e-06, -2.7419995288074928e-05]
[-1.6107082383490234e-06, -2.8386825743026076e-05]
[1.234776577177521e-05, -4.027117484683984e-05]
[5.150427080130582e-06, -3.305794657385008e-05]
[-3.1729104519873097e-06, -3.7368172544349765e-05]
[-5.558766189392439e-06, -3.1299632814341116e-05]
[4.598473106038475e-06, -3.5251429971859365e-05]
[5.121026508451976e-06, -4.3824203442808206e-05]
[-6.303424409256908e-06, -3.29312295321571e-05]
[6.239158694132385e-06, -3.108617148747661e-05]
[7.992611846141529e-06, -2.451456913871164e-05]
[7.063062894968608e-06, -3.8156839406194853e-05]
[4.767672652193633e-06, -3.627414934817552e-05]
[7.885077805969143e-06, -2.3755321158450832e-05]
[8.528248863923227e-06, -2.9748671664692194e-05]
[-3.909375559218997e-06, -3.3412006222699464e-05]
[4.485335721352013e-06, -4.3910549575171265e-05]
[4.0654559695652015e-06, -3.160250067588133e-05]
[-3.5400955457620675e-06, -3.0820332950896e-05]
[-4.463706294144387e-06, -3.79371584323801e-05]
[2.9470465205544416e-06, -3.496143099296356e-05]
[1.188789789899336e-05, -3.8643908126273496e-05]
[-2.8102988601369505e-06, -2.5567235493628715e-05]
[3.575181283216322e-06, -2.9355423913191014e-05]
[1.2981334130371391e-05, -3.0259821576337706e-05]
[9.042075296228358e-06, -3.3226736787968225e-05]
[2.172337398631541e-06, -3.5811537256541515e-05]
[-7.070712801926504e-07, -2.3153819553631272e-05]
[9.0145550810522e-06, -3.417611352990457e-05]
[-1.3890968890289956e-06, -3.831176943652759e-05]
[-3.7281371235362015e-06, -4.047895662954645e-05]
[2.7142203666979947e-06, -3.105689086407154e-05]
[4.434652370738368e-07, -2.5902627505902664e-05]
[1.6228694861286641e-06, -4.123168476870276e-05]
[1.5578423066681113e-06, -3.357318554095268e-05]
[1.3018850437383767e-05, -3.015265132835787e-05]
[4.440211651149384e-06, -2.3113487763404272e-05]
[8.414239073550878e-07, -2.9833941241654005e-05]
[1.158054250245677e-05, -3.742180949159457e-05]
[7.377653959667052e-06, -2.829348130793663e-05]
[1.84732355218431e-07, -3.351998740724893e-05]
[-6.3961098769153846e-06, -2.883370225098547e-05]
[5.8199462015517955e-06, -3.731746111341333e-05]
[4.187993848311922e-06, -3.943184684041673e-05]
[-7.189119157993695e-06, -3.20021722063496e-05]
[1.973457138079726e-06, -3.132985442906577e-05]
[6.115028826844671e-06, -2.544131053128229e-05]
[8.457851693337293e-06, -3.888362248266608e-05]
[1.2840033244143623e-06, -3.1602350201186125e-05]
[7.918209966706335e-06, -2.3387419707504575e-05]
[1.051242227904925e-05, -2.6472747332764723e-05]
[-1.369228991715543e-07, -3.1881274325532005e-05]
[4.86128492459964e-06, -4.106908574080803e-05]
[3.2120223088655253e-06, -2.6134161483615248e-05]
[1.592638541880742e-07, -3.040430880040662e-05]
[-5.726373194223089e-06, -3.6413888540420825e-05]
[1.0377672717831743e-06, -3.6831016637303704e-05]
[9.224126683859968e-06, -3.57926133734629e-05]
[-3.921623627004683e-06, -2.3801846339793764e-05]
[2.094361707186132e-06, -3.189882873230743e-05]
[9.859171619816531e-06, -2.9188288890612257e-05]
[1.1590035053549164e-05, -3.2141925424972184e-05]
[2.057005826103242e-06, -2.9860327241254536e-05]
[1.0743221588727092e-07, -2.2263001021143036e-05]
[1.1528398276235141e-05, -3.297055031514784e-05]
[1.1636589105218365e-06, -3.388349040858718e-05]
[-2.639362197090489e-06, -3.8546643373549294e-05]
[-7.545473272585479e-07, -2.7464032612112277e-05]
[2.0202297962845783e-06, -2.800579910546691e-05]
[6.88515189112282e-07, -4.059749159796358e-05]
[-2.293934178346224e-06, -3.29665805104129e-05]
[1.0388890823387342e-05, -2.9557072373370685e-05]
[3.788267047027949e-06, -2.070516294447322e-05]
[2.8232295988805944e-06, -3.198310676566507e-05]
[9.213409393540872e-06, -3.416727349793425e-05]
[9.263756335045614e-06, -2.5103589034857626e-05]
[3.232030436624289e-06, -2.910017188470504e-05]
[-5.418532424306122e-06, -2.703745786541978e-05]
[7.128727457200723e-06, -3.795869577315203e-05]
[3.8054774178925e-06, -3.4093398035867084e-05]
[-6.182463523851656e-06, -3.118894116933835e-05]
[-1.960953484703154e-06, -3.084766748381786e-05]
[4.496638206299974e-06, -2.759038688548987e-05]
[8.454430188556405e-06, -3.855989396905901e-05]
[-2.088535224653576e-06, -2.8012076320985124e-05]
[6.900890619290778e-06, -2.435204866657603e-05]
[1.0760411782259616e-05, -2.4030700534076466e-05]
[3.744655794904461e-06, -3.123672288139843e-05]
[4.59050891701146e-06, -3.684868063230651e-05]
[3.1551167010979153e-06, -2.19851668665505e-05]
[4.147813380761534e-06, -2.9354339688897335e-05]
[-5.321604887531528e-06, -3.4032043706944126e-05]
[2.8824687590967013e-07, -3.7875210080950614e-05]
[6.142456363517068e-06, -3.1973084394903636e-05]
[-3.736155470779323e-06, -2.355849046548064e-05]
[1.5948070537785686e-07, -3.3771726383857725e-05]
[6.065780541936183e-06, -2.9101217601190665e-05]
[1.2428223683566553e-05, -3.141700076844667e-05]
[1.2770630577474407e-06, -2.4712030730577456e-05]
[1.1472387698510667e-06, -2.3089510757159232e-05]
[1.2439205988409863e-05, -3.110947303633371e-05]
[4.3053827148836765e-06, -2.9967791542129252e-05]
[-8.920365955483733e-07, -3.5232863162371064e-05]
[-2.802356373884929e-06, -2.4190425248038494e-05]
[4.281585851358821e-06, -2.994178278047186e-05]
[1.8900871569249578e-07, -3.826904090741771e-05]
[-4.65811805441807e-06, -3.269960098523095e-05]
[6.6470461223683275e-06, -2.8640237242277822e-05]
[2.9864289065317795e-06, -2.0249938589789185e-05]
[3.952627483358451e-06, -3.404722927441428e-05]
[5.6949315532447975e-06, -3.111025287929822e-05]
[1.0241123639675997e-05, -2.349103017167814e-05]
[5.375419895106703e-06, -2.4749881234409354e-05]
[-3.135003803736436e-06, -2.6237163914005768e-05]
[7.977760986085936e-06, -3.6994615036173295e-05]
[4.113400930011446e-06, -2.8639646995676227e-05]
[-3.6967233814425016e-06, -2.9995950469650576e-05]
[-4.7990736039837945e-06, -2.9641924864435426e-05]
[3.5307532020995014e-06, -3.0189184136192315e-05]
[7.411346126084961e-06, -3.685242119831622e-05]
[-4.6220777870503715e-06, -2.569227379500827e-05]
[4.854813491099452e-06, -2.590329236215605e-05]
[9.539225898178016e-06, -2.2810876008600572e-05]
[6.946887025155446e-06, -3.123371200101921e-05]
[3.4912971819539562e-06, -3.1979628963424434e-05]
[3.5401279536995123e-06, -1.960232466634293e-05]
[7.5999361530132425e-06, -2.7662885704160534e-05]
[-3.3662660816752288e-06, -3.134275662156072e-05]
[4.614109984923953e-07, -3.754869406009942e-05]
[3.3653985933718156e-06, -2.7615349067235118e-05]
[-2.2054297480617047e-06, -2.423071465135207e-05]
[-1.706571549825453e-06, -3.445028805126871e-05]
[2.4457927867566065e-06, -2.9778114211564954e-05]
[1.152746868670479e-05, -3.05446311002211e-05]
[1.7440891547648718e-07, -2.0996099284013858e-05]
[1.9062569479311176e-06, -2.510355110195428e-05]
[1.1591849120043407e-05, -2.9063083509944798e-05]
[7.349113350457737e-06, -2.7017558743028247e-05]
[8.762365673806172e-07, -3.088897991540551e-05]
[-3.344366691065276e-06, -2.1777231370839756e-05]
[6.694012437080676e-06, -3.1063671230464884e-05]
[4.767305473163397e-07, -3.46522252713255e-05]
[-5.320980154169264e-06, -3.225972421655454e-05]
[2.5871913084951625e-06, -2.7189591057227847e-05]
[2.5135919700172704e-06, -2.1408539319589526e-05]
[4.172842717298925e-06, -3.5296683284835595e-05]
[1.7406105821821116e-06, -2.867746738886151e-05]
[9.949658120872451e-06, -2.3111224716307333e-05]
[6.351211185334771e-06, -2.114392693212952e-05]
[-2.507963390990797e-07, -2.647387200600121e-05]
[7.92834843693635e-06, -3.464588247570344e-05]
[4.962571563748436e-06, -2.3875550009350155e-05]
[-4.0880009780086546e-07, -2.8151349336695553e-05]
[-6.052800626418775e-06, -2.7976303348220544e-05]
[3.309125357731091e-06, -3.241718711299857e-05]
[5.875155534976195e-06, -3.3778849255761134e-05]
[-5.782851778435294e-06, -2.4496869387408138e-05]
[2.112656880923214e-06, -2.7325706937308958e-05]
[7.40355586850705e-06, -2.291588167632752e-05]
[8.92050307031711e-06, -3.1410421120176e-05]
[1.6848758889603799e-06, -2.7250565589422016e-05]
[3.913292324339568e-06, -1.9040254832916603e-05]
[9.863923711817685e-06, -2.5607280592726545e-05]
[-3.2227033149034856e-07, -2.8881925675489084e-05]
[1.1168416613471788e-06, -3.5654557047432034e-05]
[1.392142456840828e-06, -2.3335474290245295e-05]
[3.8045853194279555e-07, -2.513754773750959e-05]
[-2.9499162338131324e-06, -3.376731302022137e-05]
[-3.30661471602961e-07, -3.0763608935668874e-05]
[9.234120108239652e-06, -2.913358029446589e-05]
[-7.734678179605048e-07, -1.8994935836805227e-05]
[2.082403852632364e-06, -2.756169712853085e-05]
[9.22672982338335e-06, -2.7297014554207577e-05]
[9.627485202480524e-06, -2.5154700241135364e-05]
[2.1683619105539176e-06, -2.6137915664387057e-05]
[-2.6461158648682925e-06, -2.059943177284973e-05]
[8.65004986715101e-06, -3.105456890471758e-05]
[1.6392904445688972e-06, -3.0392791916883377e-05]
[-4.458811463589618e-06, -3.119149073057409e-05]
[-9.860099754940843e-07, -2.52651484224254e-05]
[2.662077627973991e-06, -2.3548217377683534e-05]
[3.7158590379532397e-06, -3.5230329961999374e-05]
[-1.8522738233633929e-06, -2.7032050516129225e-05]
[8.33320762595735e-06, -2.3415660048153875e-05]
[6.2399041790353604e-06, -1.881097173738605e-05]
[2.5174945194744724e-06, -2.7485892972125767e-05]
[6.780945129014615e-06, -3.142224143937167e-05]
[5.988274494495016e-06, -2.039693341610027e-05]
[2.916710455949656e-06, -2.567883599520482e-05]
[-5.609840405720878e-06, -2.625569211117673e-05]
[3.644059359098062e-06, -3.359848980109305e-05]
[4.4010199589175625e-06, -2.96922474810786e-05]
[-5.3608947791911055e-06, -2.403625065683368e-05]
[-7.713456681712749e-07, -2.8096415865069835e-05]
[5.015527020493793e-06, -2.4131994947523827e-05]
[9.451766229712222e-06, -3.124214141955739e-05]
[-4.4524191850775496e-07, -2.332075383193466e-05]
[3.875234031558428e-06, -1.9974630558580037e-05]
[1.0595983915340224e-05, -2.3624929668841776e-05]
[3.1299414955388016e-06, -2.701783012254433e-05]
[1.7672355945297369e-06, -3.237762022487156e-05]
[4.112544833012599e-07, -1.9776236358681754e-05]
[3.473341860786572e-06, -2.5705823555355854e-05]
[-3.1554082993087706e-06, -3.189714745491495e-05]
[-1.8998961071325926e-06, -3.1494202749615674e-05]
[6.157360317476934e-06, -2.7023664349562493e-05]
[-1.1198672279083555e-06, -1.8616468508120265e-05]
[1.6403739904191639e-06, -2.9694703911786746e-05]
[5.90231658903137e-06, -2.6127250936019714e-05]
[1.0652654365908565e-05, -2.4191098523487775e-05]
[2.737340481895334e-06, -2.170666283463074e-05]
[-1.2016610082821177e-06, -2.0753184638414024e-05]
[9.630917649910975e-06, -2.9952392440302233e-05]
[3.4756267068766777e-06, -2.6202037641226417e-05]
[-2.5452799745084853e-06, -2.9239850510262393e-05]
[-3.4463968971443215e-06, -2.3151474903556485e-05]
[3.4599371716848015e-06, -2.5905446626478534e-05]
[2.9903564753158696e-06, -3.367843480127364e-05]
[-4.4014167651235114e-06, -2.606796730489358e-05]
[5.6552416328736754e-06, -2.382754244631413e-05]
[5.389440003361612e-06, -1.800179089808413e-05]
[4.606454749506161e-06, -2.8782194852701448e-05]
[4.6362135885519296e-06, -2.795427995869182e-05]
[6.739963934257465e-06, -1.8471533803118834e-05]
[5.606180245892878e-06, -2.2874790015087187e-05]
[-3.7319299909382986e-06, -2.487976457543617e-05]
[4.165720034712828e-06, -3.334939976693506e-05]
[3.394976483786505e-06, -2.5184982196273242e-05]
[-3.5089655254227914e-06, -2.3820961975104527e-05]
[-3.1711773205433946e-06, -2.7976388945208375e-05]
[2.9606190786457542e-06, -2.5982186552558906e-05]
[8.671512749795773e-06, -3.0304227866373434e-05]
[-2.370181911577618e-06, -2.0586943443774014e-05]
[3.2033653742657986e-06, -2.1808504007549134e-05]
[9.812827650709788e-06, -2.215452378065419e-05]
[6.261790831268987e-06, -2.586376238217225e-05]
[2.027032170476284e-06, -2.821864735869095e-05]
[3.078556966330803e-07, -1.7444239363118008e-05]
[6.409084653727359e-06, -2.560216394371928e-05]
[-2.1706312285929563e-06, -2.9263092220524478e-05]
[-2.2427552922588134e-06, -3.1453360854652446e-05]
[3.0017274109256364e-06, -2.432444812772161e-05]
[-5.954104013161654e-07, -1.9455254504030517e-05]
[7.93259651160616e-07, -3.088665737760454e-05]
[2.343676053687127e-06, -2.5635709978585886e-05]
[1.022520087948231e-05, -2.373252113969937e-05]
[2.6164956239693726e-06, -1.8243006986440324e-05]
[4.260495623520377e-07, -2.202192663248309e-05]
[9.340638087700776e-06, -2.80796162206165e-05]
[5.5587117407107645e-06, -2.2684341566769906e-05]
[-2.0095375918849356e-07, -2.6429998389261578e-05]
[-4.475719204352635e-06, -2.125032802337279e-05]
[4.6801080438307885e-06, -2.7767998759350987e-05]
[2.4313494023930904e-06, -3.081831402498153e-05]
[-5.495266231756585e-06, -2.5478544441515094e-05]
[2.4323784414831406e-06, -2.3898970567287625e-05]
[4.276396226438051e-06, -1.863485892349831e-05]
[5.713834325682399e-06, -2.9780636233767144e-05]
[1.8724918647988753e-06, -2.481906798874889e-05]
[6.825763000997687e-06, -1.801001434167948e-05]
[7.2168252278279055e-06, -2.0204715211635804e-05]
[-9.619822603432193e-07, -2.4111531245402107e-05]
[4.459358053224283e-06, -3.164550905072894e-05]
[3.0192460263173126e-06, -2.094021181212047e-05]
[-6.8775351877437e-07, -2.341555270973794e-05]
[-4.556199998631549e-06, -2.7018088636650284e-05]
[1.60908957436319e-06, -2.7844972389751144e-05]
[6.981449881635071e-06, -2.8396791865309412e-05]
[-3.572436116275335e-06, -1.912964608942469e-05]
[1.9139836550802203e-06, -2.3836966421858508e-05]
[7.854951610777872e-06, -2.1491628265646323e-05]
[8.46536879305776e-06, -2.5274257129639238e-05]
[1.7161398593867894e-06, -2.385339890018101e-05]
[7.504972371341623e-07, -1.658487794106711e-05]
[8.570870963661714e-06, -2.4784100645200424e-05]
[-1.5117711384127208e-07, -2.6397668072664082e-05]
[-1.6315337507261107e-06, -3.0312478213334604e-05]
[3.9120453348279183e-07, -2.1374666286823676e-05]
[8.066576838924866e-07, -2.091974014187259e-05]
[-8.603516871152905e-08, -3.08007840106872e-05]
[-7.399200671470707e-07, -2.566187220411076e-05]
[8.468946506426378e-06, -2.332730814988415e-05]
[2.0692276036932133e-06, -1.6164945818433057e-05]
[1.7581246729327094e-06, -2.3928526099240878e-05]
[7.779508324951001e-06, -2.5907700826388602e-05]
[7.360248326843122e-06, -2.020807417757453e-05]
[1.972100085706474e-06, -2.306332631805963e-05]
[-4.1048477501387515e-06, -1.9947085521471175e-05]
[5.924686938912904e-06, -2.863100895432978e-05]
[2.3570062841534595e-06, -2.7106913551430082e-05]
[-5.070175503441021e-06, -2.4873943036129997e-05]
[-6.948879481827319e-07, -2.3410317306821193e-05]
[3.34893499431832e-06, -2.0326618670490904e-05]
[5.83059945527542e-06, -2.996806684713027e-05]
[-9.519379467887168e-07, -2.240483828393463e-05]
[6.0314099862568415e-06, -1.8627708053675814e-05]
[7.608664049835179e-06, -1.8154972804856895e-05]
[2.0276184235223926e-06, -2.3995954825495325e-05]
[4.201484651578102e-06, -2.8795670602904666e-05]
[3.1801645982709736e-06, -1.7569520237126213e-05]
[2.460761910978021e-06, -2.2560592741062858e-05]
[-4.62932228017382e-06, -2.5498859935980597e-05]
[1.0545636497938382e-06, -2.910654400006818e-05]
[4.9221859104997545e-06, -2.5599529525646703e-05]
[-3.6961554834846755e-06, -1.8741713615461064e-05]
[2.522743949642803e-07, -2.542251050716149e-05]
[5.2752250725152106e-06, -2.1697559959113575e-05]
[9.380402269401622e-06, -2.4918911074343214e-05]
[8.95903665310005e-07, -1.9958979867423787e-05]
[1.32366341398793e-06, -1.712593138997187e-05]
[9.532004064741195e-06, -2.3464254939542517e-05]
[2.481288755358524e-06, -2.3794096000256948e-05]
[-5.114793685742636e-07, -2.8020020830967288e-05]
[-1.269241183196601e-06, -1.8639966045130157e-05]
[2.8268751729870756e-06, -2.2389896395386133e-05]
[-5.947514224724504e-07, -2.9425822684781e-05]
[-2.8193211600302526e-06, -2.5864829460930938e-05]
[5.787472023899287e-06, -2.2612973104046974e-05]
[1.4783649186222991e-06, -1.5577857001163736e-05]
[2.5090985499437446e-06, -2.5856623650906407e-05]
[5.241166875336045e-06, -2.3900587065445178e-05]
[8.398143452770235e-06, -1.8848315766178958e-05]
[3.5294803050617274e-06, -1.9633960903153724e-05]
[-2.6645484045989543e-06, -1.9488129759492878e-05]
[6.753419249723447e-06, -2.829021048328731e-05]
[2.8732010821513887e-06, -2.3153929670047257e-05]
[-3.395432371364193e-06, -2.3912290854397056e-05]
[-3.119317758037976e-06, -2.23929758813024e-05]
[2.8969825238908675e-06, -2.249274636750842e-05]
[5.197117050902145e-06, -2.903609685231401e-05]
[-3.2436670751589958e-06, -2.0843893515139905e-05]
[4.384040318869409e-06, -1.9773763459338123e-05]
[6.937420726799148e-06, -1.7085506690814323e-05]
[4.601887716684794e-06, -2.434863545658361e-05]
[3.2589204056465704e-06, -2.5335910722484867e-05]
[3.5929701424040894e-06, -1.547611590257958e-05]
[5.273836630778628e-06, -2.1231875876163292e-05]
[-3.3995317212376364e-06, -2.380627880759628e-05]
[1.1367782179194652e-06, -2.9307115212817703e-05]
[3.0207564452044977e-06, -2.2247185481327758e-05]
[-2.648635234359098e-06, -1.9022379430605474e-05]
[-1.3827516109760074e-06, -2.613489340211328e-05]
[2.685620689196755e-06, -2.2581783003274014e-05]
[8.953135560305081e-06, -2.4406145084615583e-05]
[-1.6697273537424895e-07, -1.70550132564673e-05]
[1.6642657669208027e-06, -1.870223042618052e-05]
[9.145183565886783e-06, -2.2006159024645644e-05]
[5.1516031281187424e-06, -2.1786103990312222e-05]
[6.441478842822423e-07, -2.4815876367732803e-05]
[-1.8618907538653362e-06, -1.6580372981495062e-05]
[5.0132251852297305e-06, -2.3364957294172428e-05]
[-4.3287137260761277e-07, -2.7039977990649805e-05]
[-3.6507041346368896e-06, -2.5833024211469047e-05]
[2.756811226467537e-06, -2.1419346881934587e-05]
[1.2103769757021432e-06, -1.6273638712101246e-05]
[2.6310127300283037e-06, -2.720565172149858e-05]
[2.2368247000470465e-06, -2.2382356847490403e-05]
[8.365241090116382e-06, -1.840992614116771e-05]
[4.267162092924659e-06, -1.6692807039697666e-05]
[-6.678693229358879e-07, -1.9901449465231646e-05]
[6.81702432636655e-06, -2.685333757040942e-05]
[3.850041882691446e-06, -1.9570680030542298e-05]
[-9.782963984322768e-07, -2.24080337470553e-05]
[-4.410608970599472e-06, -2.1079312588630564e-05]
[2.983730619597613e-06, -2.4491109000046585e-05]
[4.201607448031663e-06, -2.6956570382763445e-05]
[-4.526000426524623e-06, -2.002165890334362e-05]
[2.147807764515952e-06, -2.0887975763231315e-05]
[5.57678410387924e-06, -1.7125071973298628e-05]
[6.302813632272364e-06, -2.481448245972729e-05]
[1.727502597012598e-06, -2.187693595070983e-05]
[3.896523650070982e-06, -1.477493343118863e-05]
[7.219914874206923e-06, -1.9624806141801954e-05]
[-1.1719159620504627e-06, -2.2310165301298035e-05]
[1.531615059779945e-06, -2.8245308836674643e-05]
[1.6585591007221845e-06, -1.8838139609736286e-05]
[-6.265018787712795e-07, -1.9506420941922675e-05]
[-2.5552207223722423e-06, -2.582332894704442e-05]
[6.040499947457256e-07, -2.3756416504039368e-05]
[7.419322921350946e-06, -2.3416817245019983e-05]
[-1.0941654139881574e-06, -1.5398726172418872e-05]
[1.5649166643372237e-06, -2.0752416608851767e-05]
[7.560561363320617e-06, -2.0787981006159528e-05]
[7.279455308831229e-06, -2.0483447442681824e-05]
[1.4649932026655765e-06, -2.1168744251287563e-05]
[-1.5429777679570877e-06, -1.5523699429614846e-05]
[6.8462775801581e-06, -2.3566084248787672e-05]
[4.995747736342288e-07, -2.411039853348739e-05]
[-3.2994696920612965e-06, -2.5209047962881925e-05]
[-1.6637668659447158e-08, -1.9803533547108065e-05]
[1.4947917806595878e-06, -1.7804234490992332e-05]
[2.288836468772315e-06, -2.7536246527765096e-05]
[-6.318913499774037e-07, -2.146229238411332e-05]
[7.2066906698746436e-06, -1.8518046210627692e-05]
[4.23408159100358e-06, -1.4699531429684942e-05]
[1.3380511097726977e-06, -2.0980269977127763e-05]
[5.9588032997048845e-06, -2.4672988631901926e-05]
[4.9722155880047025e-06, -1.683225313636738e-05]
[1.5790953822938936e-06, -2.0388909003792467e-05]
[-4.409038926071057e-06, -1.9802258561334857e-05]
[3.4521884840071904e-06, -2.5769623597043934e-05]
[3.2518239040657537e-06, -2.398023600995447e-05]
[-4.556936259489386e-06, -1.964950278976474e-05]
[-2.4368034667876515e-07, -2.1541281765929954e-05]
[3.995130011130027e-06, -1.813505819849362e-05]
[6.930882965966445e-06, -2.4976655365802763e-05]
[-9.573524387129773e-08, -1.894882170858092e-05]
[3.779792441246932e-06, -1.528589314199469e-05]
[8.006142207916955e-06, -1.8073577874061497e-05]
[1.5380800934897132e-06, -2.1255412351428582e-05]
[1.8752017707478197e-06, -2.6015947748812482e-05]
[9.927677823012848e-07, -1.5904733973937796e-05]
[1.9372606376161228e-06, -1.9792921753414294e-05]
[-2.918189219811018e-06, -2.4610173639708077e-05]
[-6.591881406420308e-07, -2.4742823847234696e-05]
[5.221835480909848e-06, -2.180759248551767e-05]
[-1.5183239091276501e-06, -1.4954936960863245e-05]
[1.0201919221769495e-06, -2.2660093332380754e-05]
[5.1728921480337364e-06, -2.0076350498512974e-05]
[8.421730928631632e-06, -1.9774750009304842e-05]
[1.7688123227915797e-06, -1.765545599896612e-05]
[-6.597398793765918e-07, -1.557699876683638e-05]
[7.878031509769845e-06, -2.2972135029306756e-05]
[2.0671129359467466e-06, -2.1159856693153678e-05]
[-2.0843097586070725e-06, -2.3795496796708004e-05]
[-2.0367071865423636e-06, -1.801371270697405e-05]
[2.352756102746989e-06, -1.9604699620257016e-05]
[1.7809280764852914e-06, -2.666769875353525e-05]
[-2.8178005488932456e-06, -2.103097407121085e-05]
[5.129540378429054e-06, -1.8745945713119494e-05]
[3.678939531306935e-06, -1.3903986620517061e-05]
[2.909198371217614e-06, -2.233249867335252e-05]
[4.259734180639407e-06, -2.2224803324005782e-05]
[5.843464075047655e-06, -1.518411540366027e-05]
[3.730049200706409e-06, -1.8087839414523965e-05]
[-3.2469997511552773e-06, -1.8877330636109246e-05]
[3.997802862656941e-06, -2.598364795078356e-05]
[2.655663680253828e-06, -2.0564263990788256e-05]
[-3.3829199916832198e-06, -1.937448059483038e-05]
[-2.2978762976716416e-06, -2.1524231070157995e-05]
[2.6217305576364813e-06, -1.9746989567200057e-05]
[6.555564221244481e-06, -2.4482444276122117e-05]
[-1.7959875506651235e-06, -1.6883511420526243e-05]
[3.0826608873324446e-06, -1.6598017772609386e-05]
[7.620024124195546e-06, -1.6932800270819115e-05]
[4.139054518237373e-06, -2.0701371494319387e-05]
[1.883617592859932e-06, -2.2974079482929177e-05]
[9.477279113018211e-07, -1.3880993844486711e-05]
[4.486988009894111e-06, -1.9641515692891964e-05]
[-2.313863806724381e-06, -2.2817098284576287e-05]
[-1.048994040093315e-06, -2.5098805385231904e-05]
[2.8877088820433716e-06, -1.9655660376843853e-05]
[-1.1990908492659491e-06, -1.5440334388945598e-05]
[2.0974052557243272e-07, -2.3900873628260322e-05]
[2.514755306159966e-06, -1.9945798990742003e-05]
[8.372244858299849e-06, -1.939124257694866e-05]
[1.5846307751220257e-06, -1.4816409756063242e-05]
[3.723235536406966e-07, -1.659690014124693e-05]
[7.846257856936045e-06, -2.1785034086937993e-05]
[3.9334161257703615e-06, -1.8636552383238802e-05]
[-4.6421585393752185e-07, -2.1614625888739802e-05]
[-3.022089657939153e-06, -1.639893263003303e-05]
[3.5928385293815257e-06, -2.1131717458156007e-05]
[1.4305510115109055e-06, -2.4704584944024166e-05]
[-3.953535466783009e-06, -2.0820172582952656e-05]
[2.5466046921496233e-06, -1.8742014605041546e-05]
[2.951106886389665e-06, -1.428772096702044e-05]
[3.797176017620446e-06, -2.3481304769827974e-05]
[2.0188178581140304e-06, -1.9967864143988212e-05]
[6.111216137916209e-06, -1.4611507950706981e-05]
[5.10269008183184e-06, -1.5874237451168893e-05]
[-1.2965752016064203e-06, -1.850067364417285e-05]
[4.279998286747799e-06, -2.5056900330104603e-05]
[2.5419920354936842e-06, -1.7252613428419758e-05]
[-1.316697991131377e-06, -1.889309643404724e-05]
[-3.5870133637400103e-06, -2.0865394776387047e-05]
[1.7381401115623696e-06, -2.1458660853790334e-05]
[5.460354339140161e-06, -2.3149069386552146e-05]
[-2.955304790497326e-06, -1.5761771378469333e-05]
[1.8446820872972114e-06, -1.8184552041388812e-05]
[6.301641083276965e-06, -1.645851024922873e-05]
[6.108238637586583e-06, -2.0519803973773065e-05]
[1.4355514745545417e-06, -1.963711316868566e-05]
[1.272415692074591e-06, -1.3000908157034807e-05]
[6.484758907982641e-06, -1.9014613714471093e-05]
[-8.214649091526499e-07, -2.085099945743022e-05]
[-7.405350840594682e-07, -2.4532378035402314e-05]
[8.971071914359863e-07, -1.723546069068438e-05]
[-1.0004821694720167e-07, -1.642260958412134e-05]
[-5.709581185064927e-07, -2.4156958196103195e-05]
[1.2465338358400024e-07, -2.0263060234156603e-05]
[7.19668599052925e-06, -1.9009218091425514e-05]
[1.1148793711418525e-06, -1.3026493783874216e-05]
[1.1941562608752676e-06, -1.8224189497262344e-05]
[6.735978581320912e-06, -2.03398222698159e-05]
[5.653670235104824e-06, -1.681811352272078e-05]
[1.0958025082156986e-06, -1.8907470654392928e-05]
[-2.950988598864057e-06, -1.5295112587021542e-05]
[4.871801485270555e-06, -2.198324586139e-05]
[1.4797169683861133e-06, -2.199053705791154e-05]
[-3.926402827134079e-06, -2.0502954881873592e-05]
[-2.7350266149084312e-08, -1.8320714116254466e-05]
[2.3853526265552732e-06, -1.557755025366394e-05]
[3.978966427287123e-06, -2.3988714645782616e-05]
[-3.227136586569923e-07, -1.8226295689677263e-05]
[5.5740402247761445e-06, -1.487380945160155e-05]
[5.562439324036106e-06, -1.414587348555485e-05]
[9.387096526064509e-07, -1.8689151403267212e-05]
[4.036792178495341e-06, -2.317480655986484e-05]
[2.8404991494479503e-06, -1.4543264518777216e-05]
[1.1511631233113162e-06, -1.803873861815075e-05]
[-3.85327848605177e-06, -1.9782737244650184e-05]
[1.421694226969028e-06, -2.2759911597697302e-05]
[4.04301612697347e-06, -2.101952106128846e-05]
[-3.26704368545927e-06, -1.5431250998336477e-05]
[2.923469741844542e-07, -1.953713800326856e-05]
[4.4595528227303616e-06, -1.6723626095588306e-05]
[7.108046827949965e-06, -2.044769526027279e-05]
[5.990151160720214e-07, -1.6552593229107737e-05]
[1.6418147448619969e-06, -1.3250274844694987e-05]
[7.538830589279288e-06, -1.8059242630994246e-05]
[1.2593689333595393e-06, -1.9083979521411498e-05]
[-5.5668133852604385e-08, -2.2973960680322536e-05]
[-4.235913242806033e-07, -1.4938292464905523e-05]
[1.5941569808108902e-06, -1.744348860280298e-05]
[-1.0090447852134643e-06, -2.3371646813208358e-05]
[-1.5766431576622053e-06, -2.0735265756792465e-05]
[5.199246966319793e-06, -1.8359672485507295e-05]
[6.526815167773314e-07, -1.241474750467153e-05]
[1.5954322714201163e-06, -1.9971923488709686e-05]
[4.775882930553588e-06, -1.898834779157088e-05]
[6.796480682790332e-06, -1.576929861044074e-05]
[2.242685693862323e-06, -1.6074092179241273e-05]
[-2.038246314395309e-06, -1.4920892742686931e-05]
[5.799364729316969e-06, -2.1972675947765086e-05]
[2.0140412097663374e-06, -1.9006800045254235e-05]
[-2.8860373578257215e-06, -1.980232607748378e-05]
[-2.0989115540742675e-06, -1.749514965979082e-05]
[2.2022446131281237e-06, -1.732275736347766e-05]
[3.6243128853918893e-06, -2.3568347354632757e-05]
[-2.291428916570415e-06, -1.7122019761020568e-05]
[4.242221201711249e-06, -1.5590260803884787e-05]
[5.208868190109683e-06, -1.321298526191228e-05]
[2.955848469862743e-06, -1.92754464825029e-05]
[3.1690121556487982e-06, -2.071610690749376e-05]
[3.3222497330953615e-06, -1.2776427906299737e-05]
[3.4800151692965242e-06, -1.6821973348714325e-05]
[-3.0693524056893406e-06, -1.8589064796660504e-05]
[1.5523135597945992e-06, -2.325406413528075e-05]
[2.700162206735468e-06, -1.8354103721113235e-05]
[-2.619747911269954e-06, -1.55825780361607e-05]
[-1.22701907602496e-06, -2.0283680933833037e-05]
[2.5555935246057704e-06, -1.7590888341328936e-05]
[7.0470868777650075e-06, -2.0177177642879268e-05]
[-3.998093491344723e-07, -1.416711206392307e-05]
[1.7692799039667473e-06, -1.4380510735628738e-05]
[7.487647989426471e-06, -1.7038123505452862e-05]
[3.483916208760207e-06, -1.775904517753446e-05]
[6.503375607966322e-07, -2.059078299666839e-05]
[-9.60239811685637e-07, -1.3161037802805406e-05]
[3.5239376150394963e-06, -1.813240860903953e-05]
[-8.73294637285249e-07, -2.1734096717934692e-05]
