[466.6884260050417, 49.988912533983864]
[1.7675891304503892, -16.87418869605007]
[14.926210639859505, -133.97131337726472]
[-3.8721202974889586, 4.201229135864196]
[6.565619657367272, -14.046112742993827]
[-4.45713762496818, -0.5844413487772329]
[0.5257276160619853, 10.427066728718216]
[-0.19542457957180837, -1.0571137392713048]
[-2.7596775640478057, -4.022423834953806]
[0.14973433999915287, -1.5011650432423096]
[-4.840367095741577, -1.259338905152278]
[-0.7361311961754273, 1.154876472833898]
[-1.2104932782792153, 0.5730625586020537]
[-1.7262147733328739, 0.2708264034246888]
[0.00899670351427595, 0.9695810095436954]
[-0.4938636440001951, -0.482168621723982]
[-0.29481341713693787, -0.6862387375565289]
[0.029719549159247904, -0.40010277180045195]
[-1.3536087788662652, -0.4670204092742565]
[-0.1634654258670647, 0.3552559583987467]
[-0.6207162144479921, 0.26286278874680136]
[-0.7323620666806008, 0.20539071036928647]
[-0.038197103671141264, 0.3431993762382941]
[-0.34240392564836375, -0.22912547983988008]
[-0.04228795183148382, -0.21739697525552892]
[-0.005114321907532471, -0.20076001773887509]
[-0.5757469384326099, -0.2686481308311752]
[-0.03812693577485593, 0.1418125493182636]
[-0.3835537469190222, 0.1203645378967586]
[-0.3749704300039287, 0.1524743270465425]
[-0.04904839888362034, 0.18495985627729894]
[-0.24802627573670577, -0.11810222897617129]
[0.00778025988659703, -0.0785326328099476]
[-0.020488251932675006, -0.12908791746502102]
[-0.2907604054351727, -0.17723485713468756]
[-0.0015725726291604403, 0.05949579415140782]
[-0.2635439576844223, 0.052690581513883394]
[-0.21104015713388247, 0.1148727157982039]
[-0.052044826074411965, 0.11911837502190714]
[-0.18767854300110098, -0.06047238798608867]
[0.017281089034569597, -0.023448918260496]
[-0.028713222140123396, -0.09272982665192853]
[-0.15884579105693986, -0.12364473358498707]
[0.009240715638008545, 0.021233804367128073]
[-0.19180187629712986, 0.016787142525849674]
[-0.12428836798772558, 0.08706596334936201]
[-0.05242351671505152, 0.08339900561743718]
[-0.1457442964523814, -0.02732756075775633]
[0.01602440683646833, 0.0016293441336650005]
[-0.03347670322941365, -0.07010729023545093]
[-0.08940562409333741, -0.08811718654856948]
[0.011061949646788527, 0.0015807710073327819]
[-0.1439354394218788, -0.0034447246688062982]
[-0.07427156230167486, 0.06576430394365929]
[-0.051597317355033256, 0.060600882850833315]
[-0.11463271076206016, -0.007231123911632942]
[0.01180235894674464, 0.013664658877901914]
[-0.036188199899115925, -0.054076589758735305]
[-0.05007758334971757, -0.06288601519784509]
[0.009487172328661142, -0.008990763420823278]
[-0.1095849970087599, -0.01494137933192885]
[-0.043943275792916014, 0.0490785308119035]
[-0.05002667227940205, 0.044427059258580925]
[-0.09048355177300893, 0.005110075112281454]
[0.007037040137742423, 0.019295789580809686]
[-0.03747792471040934, -0.04172303488216855]
[-0.026942726685067253, -0.044254734977072996]
[0.00665975444980571, -0.014669782209834059]
[-0.08373664841785189, -0.021116146603612496]
[-0.02506953359614794, 0.03585272399444861]
[-0.04788294921703473, 0.032134766049217056]
[-0.07119557734091808, 0.012473667124236254]
[0.002528956528175641, 0.021513682031138348]
[-0.0376695156565825, -0.0316944057529252]
[-0.013182990928590987, -0.030208131089203782]
[0.003470868672585503, -0.017512269441265826]
[-0.06371159804591664, -0.023853547478877357]
[-0.013248998385738453, 0.02532367866009899]
[-0.0452477299874241, 0.022389392104746886]
[-0.05554562669838092, 0.016480146624448633]
[-0.0014729808990154858, 0.021801842319304043]
[-0.036959980355701916, -0.023314465814562535]
[-0.005122588350660262, -0.019524203233047266]
[0.000310298420896693, -0.018609068638368753]
[-0.047955048833021596, -0.02430365044528704]
[-0.0059410549666054635, 0.016949939719941742]
[-0.042183205990455, 0.014493029509546673]
[-0.04277036296633785, 0.018164483027496292]
[-0.004914939488291026, 0.020947994129561387]
[-0.03549670706633545, -0.016231001773271136]
[-0.0006327091113536021, -0.011395325875854956]
[-0.002643808509348755, -0.018574077846090553]
[-0.0354917988590675, -0.023229557087747182]
[-0.001591831056010129, 0.010324085263731408]
[-0.03875832380909139, 0.008060578699224497]
[-0.03235537723322712, 0.018238130472137293]
[-0.007807495472017756, 0.01939353676341904]
[-0.03341178396389388, -0.010255075802892089]
[0.001585970516760682, -0.005250660320788136]
[-0.0053038756344727656, -0.01777164224788169]
[-0.025660990831745, -0.021170487649147474]
[0.0007900616085394496, 0.005126729157754362]
[-0.03505670480030698, 0.0028662975936217805]
[-0.023924273218302927, 0.017216999037594327]
[-0.010176374170886127, 0.017399759767892764]
[-0.030836058061669114, -0.00527908119395093]
[0.0023562559552412488, -0.0006669381833848131]
[-0.007620737965132296, -0.01643187124704837]
[-0.017979735891988424, -0.018522722410453496]
[0.0018562588661656942, 0.0011017563686721576]
[-0.031175899684778408, -0.001235750468522978]
[-0.017179313050943557, 0.015487356196804303]
[-0.012045607782720569, 0.01513304111946212]
[-0.027902640621898955, -0.0012317259202316855]
[0.0022121528768628274, 0.002679193309381933]
[-0.009562098214766723, -0.0147127280787695]
[-0.012070971924141694, -0.015582114384098233]
[0.002044153612090094, -0.0019577801640791037]
[-0.0272222795911925, -0.004355209173963592]
[-0.011870055029923998, 0.013341824716351258]
[-0.013434414452834997, 0.012710515433778102]
[-0.024744781302082464, 0.0019473872456570174]
[0.0015059394265273252, 0.005038547279819117]
[-0.011105257929854673, -0.01273436399022726]
[-0.007625126899124757, -0.01256826677685191]
[0.001652287932665697, -0.004218715479106239]
[-0.023303980499210564, -0.006589336272698532]
[-0.007777586216826338, 0.011000802255398678]
[-0.01435977979995684, 0.010224619830384807]
[-0.02149102204310749, 0.004321534762445012]
[0.00047307945599328605, 0.0066067779670135884]
[-0.012236390358629223, -0.010597707608207718]
[-0.004380062508899996, -0.00964004747560826]
[0.000888115409725776, -0.005814727575598422]
[-0.01952351396459806, -0.008035222742379722]
[-0.004707342328243436, 0.008626863600567969]
[-0.014840876197272035, 0.007755470703758149]
[-0.018259551081920233, 0.005963132857102593]
[-0.0007265318896254591, 0.007536845549251492]
[-0.01295233750128355, -0.00839354565585232]
[-0.0021108190880827493, -0.006907133184990255]
[-0.00010063261783677113, -0.006852602885542625]
[-0.015971190776835287, -0.008794638107798985]
[-0.00248633223765915, 0.006335849632802093]
[-0.014903282447347954, 0.005375918657857692]
[-0.015153065830162404, 0.006954994106513901]
[-0.001981664658045057, 0.007948990582836046]
[-0.013262718149126274, -0.006205724950954117]
[-0.0006243082516406151, -0.004439738906958146]
[-0.001205099217528982, -0.007418310147510154]
[-0.012720129958422866, -0.008974201821749114]
[-0.0009622176179766573, 0.004206324076503343]
[-0.014581918984366449, 0.0031522397545884484]
[-0.012254983324409774, 0.007388359020249702]
[-0.003212218359555763, 0.007939231127272794]
[-0.013191147116822233, -0.00411085280594603]
[0.00024385897175793758, -0.0022773530281892107]
[-0.0023416907212235882, -0.007582851151581943]
[-0.00982327475725614, -0.008682789108266586]
[-2.7425302462358303e-06, 0.00228800034684129]
[-0.013922212660897437, 0.0011424708849296916]
[-0.009627431614422977, 0.007359099186884155]
[-0.004358175103399808, 0.007586653478647509]
[-0.012775021040024592, -0.0021761967960112205]
[0.0006319694055880731, -0.0004366136801728926]
[-0.0034436736461452844, -0.007407591031226485]
[-0.007312508786707056, -0.008027616258137887]
[0.0005052718272722245, 0.0006091956278411192]
[-0.01297943302232496, -0.0006061634111808045]
[-0.007311103672092534, 0.006963219469115822]
[-0.005373170583328951, 0.006959422311794805]
[-0.012063786634821994, -0.00045704204318763875]
[0.0006549777781947874, 0.0010818391950180306]
[-0.004456546590391658, -0.006948695260312027]
[-0.005199681300897985, -0.007110102962463644]
[0.0006576417617065733, -0.0008168523439756603]
[-0.01181645421195987, -0.002059693498362547]
[-0.005326770291431471, 0.006292535183248571]
[-0.006221300866216972, 0.006119338524238627]
[-0.011115929844148442, 0.0010055928683960769]
[0.00040766233568456656, 0.002287767411781827]
[-0.005336042707409561, -0.006260359037189578]
[-0.003479135818739376, -0.0060222948725386916]
[0.0005351719422881374, -0.0019869920766740767]
[-0.010500404294942589, -0.0031990279546299516]
[-0.0036780469314871556, 0.005431138234818]
[-0.006876042699393514, 0.005124826972801033]
[-0.00999512650196599, 0.0021863049760340036]
[-3.1952403503288096e-05, 0.0031971510514337]
[-0.006047785302016051, -0.005396656961497187]
[-0.0021312086305769196, -0.00484432747238997]
[0.00020636133319507088, -0.002904581403575246]
[-0.00909876781826724, -0.00402038852893466]
[-0.0023549019220721057, 0.004452999750708786]
[-0.007320344640502963, 0.004032370459060131]
[-0.00876608552607494, 0.003075444704130126]
[-0.0005991945113124064, 0.003829431641919845]
[-0.006567759681921637, -0.004412020150214718]
[-0.001126128698606843, -0.0036431311949476353]
[-0.0002699027659386344, -0.003577274568307559]
[-0.007675513136492562, -0.004534471158355563]
[-0.0013373791320069328, 0.003420806811946786]
[-0.0075471173876831, 0.002896564848550831]
[-0.00749060624733805, 0.003678028615487605]
[-0.0012396962632805764, 0.004206036780115996]
[-0.006882921222257088, -0.003360523030564555]
[-0.0004278005160845977, -0.0024723371057200905]
[-0.0008420144168431731, -0.00401597389873018]
[-0.006287737861697007, -0.004764478661711757]
[-0.0005990745150176169, 0.002385921592040763]
[-0.0075595404622064155, 0.0017691103118206986]
[-0.0062242819329692, 0.004011620499558166]
[-0.001906976694342477, 0.004349906900530609]
[-0.0069914425922764645, -0.002294300482333478]
[2.932340026684521e-06, -0.0013731618153258185]
[-0.001463945086836116, -0.004234632815170725]
[-0.004983186928451622, -0.004743333695319735]
[-0.00011003067112114184, 0.0013892021621035866]
[-0.0073708080489302, 0.0006971461869409445]
[-0.005014138351866426, 0.004103511080326472]
[-0.00256081956075338, 0.004285661780028871]
[-0.006902302620957146, -0.0012614966419123297]
[0.00020578949091865084, -0.00037594209308555726]
[-0.0020942962752836802, -0.004250537638700785]
[-0.0037988270112773725, -0.004510466392724705]
[0.00016113129521555525, 0.0004623459805586094]
[-0.007003143755054175, -0.0002786330834526618]
[-0.0038973294575926354, 0.00398758741659444]
[-0.0031664714068279087, 0.004040023946831894]
[-0.006634115743060276, -0.00030416109464359575]
[0.00021940250010421547, 0.0004980436200322513]
[-0.002696095004308008, -0.0040846981871405785]
[-0.0027604883452856943, -0.0041085808897003695]
[0.00024586675320303897, -0.0003705906663791225]
[-0.006486101139252298, -0.0011256773839738443]
[-0.002900851286613604, 0.003701271929883232]
[-0.003694550237094474, 0.003642156826483056]
[-0.006213272424479888, 0.0005435398168357475]
[8.044199308887556e-05, 0.0012347960364578192]
[-0.0032371910215940047, -0.003762036168267202]
[-0.0018834369216476632, -0.0035807497484521555]
[0.00017504090571651698, -0.0010917918393839599]
[-0.005854314157537455, -0.001820779584955079]
[-0.0020421044762878315, 0.003282841575974471]
[-0.004121451690069333, 0.0031236647145267415]
[-0.005671588834242902, 0.001256525370420647]
[-0.00017665525144328065, 0.0018261038102104221]
[-0.0036910247397043405, -0.003311160918687231]
[-0.001173635974338727, -0.0029680841131832364]
[-2.125828040577815e-05, -0.0016886005736179155]
[-0.005144955267012807, -0.0023505796276249713]
[-0.0013300518030081587, 0.002769330377262458]
[-0.004429982402579857, 0.002518119778710526]
[-0.0050437369593616665, 0.0018192699431121007]
[-0.0005195972748868183, 0.0022684744591219275]
[-0.004037494460820745, -0.002763643330660731]
[-0.0006294056150819571, -0.002308103609099471]
[-0.0003136655812450151, -0.00215284501297075]
[-0.004395193532352848, -0.0027113148661856434]
[-0.0007666865306409365, 0.002195096781976602]
[-0.004609944912972452, 0.0018601055914766462]
[-0.004364741981699727, 0.002225522838348315]
[-0.0009180305759290963, 0.00256250588277962]
[-0.004263662016006142, -0.002152818617539881]
[-0.0002431934099182964, -0.0016338072221922517]
[-0.0006734693150423077, -0.002480550845878393]
[-0.0036399245936695745, -0.002907882053344024]
[-0.0003485471715027888, 0.0015910235629481573]
[-0.0046584405739796275, 0.0011838758162965313]
[-0.0036677985559853132, 0.002477375605359322]
[-0.001343421338380224, 0.0027126180108545395]
[-0.004364090214483196, -0.001512247205330719]
[-3.2177909339292654e-06, -0.0009733448839387426]
[-0.0010727020545404087, -0.0026719320565764815]
[-0.0029099805626843778, -0.002952372552982835]
[-6.80735250420117e-05, 0.0009842301924267716]
[-0.004579734284861914, 0.0005218041260766082]
[-0.0029825851957502036, 0.0025838558676296586]
[-0.001769157082151751, 0.002726997285455335]
[-0.004340689317774427, -0.0008740265144580039]
[0.00010517472906890202, -0.0003501231024335971]
[-0.0014844877618972463, -0.0027315002671589594]
[-0.0022309379098339466, -0.0028622986629028846]
[8.531863141791884e-05, 0.00039812690131091344]
[-0.0043846203360830005, -9.716208825050199e-05]
[-0.00233416403088986, 0.0025592676940027204]
[-0.00217091473438151, 0.002617579644140111]
[-0.0042020454648377115, -0.0002671682331075731]
[9.850673578182256e-05, 0.00021684730019977394]
[-0.0018836556838671553, -0.002668121038994359]
[-0.0016225442293138215, -0.002658741783708063]
[0.00012447908628199222, -0.00014737090688538013]
[-0.004089323944904022, -0.0006488374256298779]
[-0.0017424602779101406, 0.002421497803218431]
[-0.002527257565280161, 0.002399910081970047]
[-0.003962293833579045, 0.0002837627605452031]
[-5.4951316070805944e-06, 0.0007125394428082465]
[-0.0022475541749247263, -0.002494870509389513]
[-0.0010986980799155832, -0.0023646267355651174]
[6.403941429766746e-05, -0.0006356239303901834]
[-0.0037140518513455456, -0.0011147586980794488]
[-0.0012222380229945928, 0.002190470681250334]
[-0.002820358380138832, 0.002092761352586958]
[-0.003639668612044178, 0.0007596022784057688]
[-0.0001883085428909803, 0.001125568382408182]
[-0.0025569428146349216, -0.0022285984453453145]
[-0.0006678533328876579, -0.0020032710904631934]
[-7.989054583723565e-05, -0.001053151052117146]
[-0.00328135605840546, -0.0014826711386742852]
[-0.0007834376517507624, 0.0018868755659080527]
[-0.003036709821351846, 0.0017174586158903438]
[-0.0032549011353209534, 0.001147058007586299]
[-0.00043088364334620266, 0.0014479906842798096]
[-0.0027968164977391075, -0.001889171035686421]
[-0.00033368806208589064, -0.0015972878735679985]
[-0.0002899632618000858, -0.0013896542983553029]
[-0.002814492063610563, -0.0017465183829565162]
[-0.0004317205569075444, 0.001531218402016754]
[-0.0031676782627759192, 0.0012969263886619675]
[-0.0028296437277069986, 0.0014386974071302072]
[-0.0007138915261331036, 0.001675252333530164]
[-0.0029570219386884644, -0.0014984342115451077]
[-9.587884948480951e-05, -0.001167849087761047]
[-0.0005478813100605051, -0.00163816754731394]
[-0.0023359378664038477, -0.0019059857376280964]
[-0.00016907733831783567, 0.0011431862850995733]
[-0.003209782889240398, 0.0008545352183412236]
[-0.0023850729751574706, 0.0016325178075466962]
[-0.0010180499660199516, 0.0018062366896417492]
[-0.0030325606748743406, -0.0010789932437946237]
[4.915058928056659e-05, -0.0007342589972490488]
[-0.000834811041253325, -0.0017952624049404203]
[-0.0018661993215402517, -0.0019657014121010064]
[5.610031242775371e-06, 0.000741261913191682]
[-0.003164628341805198, 0.0004128674028707202]
[-0.0019407803820402358, 0.001731211046400949]
[-0.0013245807754046213, 0.0018433287126711217]
[-0.003023524147521328, -0.0006529377900761357]
[0.00010759166938134612, -0.0003137487549938478]
[-0.0011319542840894647, -0.0018612187583382789]
[-0.0014229714743177052, -0.001934231428254496]
[9.611377799045862e-05, 0.00034249806927544313]
[-0.0030384768113328464, -7.462144135106374e-06]
[-0.0015140016004625279, 0.0017412568919711324]
[-0.0016158025886232885, 0.0017924005039515745]
[-0.002934664467851511, -0.0002406493824924083]
[8.775694773588416e-05, 7.860854487984348e-05]
[-0.001421260147564385, -0.0018400659252111595]
[-0.0010206662132624111, -0.0018230085566845883]
[0.00010852526907789706, -3.764107035975073e-05]
[-0.0028415019242533646, -0.00038880280171865733]
[-0.0011191792274833356, 0.0016719760466054057]
[-0.0018758156771084833, 0.001662635774711263]
[-0.002774657720941154, 0.00014018833815243603]
[-2.849694554774018e-07, 0.00042995244618448947]
[-0.0016862158954712436, -0.0017394207936494155]
[-0.0006702649029464158, -0.0016453166398101848]
[5.1008892961168506e-05, -0.0003854470549447542]
[-0.0025868118994161193, -0.0007171864724057342]
[-0.0007678085421237713, 0.0015346489271244046]
[-0.0020912009417940747, 0.00146614210963536]
[-0.0025551559414462854, 0.00047529202257456937]
[-0.00014499478228646723, 0.000729720933735023]
[-0.0019126279504646237, -0.001570085609681915]
[-0.0003794187861509424, -0.0014154158203766587]
[-6.641219356862127e-05, -0.0006891856329316881]
[-0.002289356160530831, -0.0009827151973202386]
[-0.00046848722989256686, 0.0013417682955300103]
[-0.0022516393965449077, 0.0012173416585525842]
[-0.002289743582572723, 0.0007541552961887188]
[-0.00033363312327594485, 0.0009697914276377562]
[-0.0020892957001359402, -0.0013454114171379677]
[-0.00015270408458906148, -0.001147850516053664]
[-0.00023210329474077085, -0.0009393715930497981]
[-0.0019648349673704324, -0.0011796151440763986]
[-0.00022708174976771023, 0.0011064513185132796]
[-0.002350362903301595, 0.0009321737945582331]
[-0.00199291304788371, 0.0009701087826811117]
[-0.0005525780853607443, 0.0011446633628554581]
[-0.0022084920414529585, -0.0010804743792239835]
[8.057222571800082e-06, -0.0008569397923627597]
[-0.00043315284009726174, -0.001129070336019125]
[-0.001628717046168654, -0.0013059980511824498]
[-4.693302284075607e-05, 0.0008419985647787342]
[-0.002384369173027645, 0.0006271786538120105]
[-0.0016791543173939882, 0.0011201124786043293]
[-0.0007877318138412304, 0.0012516393288222183]
[-0.0022661918010592474, -0.000791143415944634]
[0.00010347989698455962, -0.0005564169180326539]
[-0.0006558246785298705, -0.0012541723571729557]
[-0.0012954405665293323, -0.001363403165738103]
[7.095232818021824e-05, 0.0005615606003147589]
[-0.00235436839867742, 0.00031855195006474935]
[-0.001362221656332513, 0.0012043557738846689]
[-0.0010250288181436196, 0.0012909460286223418]
[-0.002262025885694907, -0.0004931335638700962]
[0.00013634056941069783, -0.00025916634584044473]
[-0.000886126716325597, -0.00131357740633678]
[-0.000977835311456579, -0.0013562083060154329]
[0.00012774878265187084, 0.00027786093462750516]
[-0.002264467854505847, 2.1265963141836597e-05]
[-0.0010546032786241319, 0.0012257501053072328]
[-0.0012510265594843084, 0.0012657364760548795]
[-0.002198977602748786, -0.00020113841522351183]
[0.00011135325159705722, 2.2996309936906822e-05]
[-0.0011104633477982129, -0.0013092313182628823]
[-0.0006867663027968485, -0.0012909972722379565]
[0.0001266909512681602, 2.927361041182852e-06]
[-0.002121636679361716, -0.00025166038944046676]
[-0.0007671851369269178, 0.0011893928937023457]
[-0.001453531404634112, 0.001181929592594333]
[-0.0020828707621554643, 7.188144055958468e-05]
[3.4976391602214996e-05, 0.00027954436318511355]
[-0.001316314792093043, -0.0012459779721478437]
[-0.0004309683676404774, -0.0011759550609788116]
[7.295668072315742e-05, -0.0002522006414857614]
[-0.0019350195064266051, -0.0004896843802003059]
[-0.0005090738457981803, 0.0011020626105658904]
[-0.0016221958235919653, 0.0010478685494840212]
[-0.0019217214098682378, 0.00031520446742039354]
[-8.478384492471847e-05, 0.0005014823539235547]
[-0.001492873746434198, -0.0011312166674929125]
[-0.00021702189444350317, -0.0010203372800006577]
[-2.6485038244539183e-05, -0.0004777979017580175]
[-0.00171518065716042, -0.0006850292708958511]
[-0.0002875298096570167, 0.0009717790757688416]
[-0.0017490187831337434, 0.0008738089156602458]
[-0.0017250334296210479, 0.0005206315698713659]
[-0.00023861328863616915, 0.0006816081509219973]
[-0.0016315706455901913, -0.0009743852474697473]
[-4.9414230200717224e-05, -0.0008340320515091565]
[-0.00016309919515467008, -0.000665798323433206]
[-0.0014733592610509383, -0.0008327479414679539]
[-0.00010796073547558738, 0.0008074366023161916]
[-0.0018286907314160605, 0.0006712755886386645]
[-0.0015031128205459654, 0.0006825605893084896]
[-0.0004162034957511107, 0.0008147703459375766]
[-0.0017264323647017132, -0.0007863154710028297]
[6.9362164659581e-05, -0.0006272075876653932]
[-0.00032710821908743526, -0.0008101242106785256]
[-0.0012208017405299643, -0.0009305947209079166]
[2.6064018071370043e-05, 0.0006184959510706634]
[-0.0018587448016464947, 0.0004523481523763806]
[-0.0012664588643311048, 0.0007978897869150847]
[-0.0006066531780098139, 0.0008980816850201467]
[-0.0017742420616317922, -0.0005785246059924198]
[0.00013870791969122775, -0.0004100212175222606]
[-0.0005079190920029009, -0.0009069550448239927]
[-0.0009682156227971139, -0.000978757716303555]
[0.00011280032490401659, 0.0004147081301965616]
[-0.001839502342493915, 0.00022894414300744792]
[-0.0010252671229290522, 0.0008658019802877392]
[-0.0007989491807341986, 0.0009310448214117084]
[-0.0017744951079774474, -0.0003625132689401567]
[0.00015982438108386177, -0.0001923584823710356]
[-0.0006946369381748418, -0.000954890423999516]
[-0.0007253628328771147, -0.0009795102649306359]
[0.00015231975507384865, 0.0002058404866940311]
[-0.0017738282325918675, 1.216755410959891e-05]
[-0.0007890545235323745, 0.0008874833817540395]
[-0.0009824977225923529, 0.0009155529832317599]
[-0.0017291723705060158, -0.00014913389639981123]
[0.00013562450513304736, 1.6425904905359445e-05]
[-0.0008766279713007599, -0.0009549720093047637]
[-0.0005007867405754651, -0.0009368353362476517]
[0.0001464888757045646, 1.3825293654901039e-06]
[-0.0016667345493800445, -0.0001882229502750965]
[-0.0005663956021599581, 0.0008658234248115626]
[-0.001147660830680547, 0.0008557434048128698]
[-0.0016423727649197417, 5.192108359858283e-05]
[7.06268551807776e-05, 0.0002077820230916294]
[-0.0010440814582715063, -0.0009105472425135486]
[-0.0003016495274222597, -0.0008560633771554499]
[9.891199742673162e-05, -0.00018977724821483966]
[-0.0015248861919124335, -0.0003641919930512938]
[-0.0003647449003994774, 0.0008051270860417459]
[-0.001286245664082697, 0.000757702009190564]
[-0.0015198588448294137, 0.00023248362114092203]
[-2.9193479560429836e-05, 0.0003742544180146412]
[-0.001188516350463631, -0.0008269793557773922]
[-0.0001336474251222297, -0.0007435461956895456]
[1.4809782872216015e-05, -0.0003596955691688858]
[-0.0013560670762574611, -0.0005096409420141113]
[-0.0001903152925196161, 0.0007108535801273463]
[-0.0013918969422196392, 0.0006290394252079778]
[-0.0013685710380384186, 0.00038612201711885064]
[-0.00015662047970443904, 0.0005097720040443399]
[-0.0013031838841959242, -0.0007112293187544472]
[-9.714978821961928e-07, -0.0006063714258643799]
[-9.918760034693941e-05, -0.0005017162820565163]
[-0.0011686607107486424, -0.0006204682071180301]
[-4.798534440608737e-05, 0.0005893790677258259]
[-0.0014603541056087965, 0.00047837664770322696]
[-0.0011961588691974945, 0.0005082155827513812]
[-0.00030349244261218544, 0.0006099101380696581]
[-0.00138333123086537, -0.0005713518347049557]
[9.371060679619347e-05, -0.0004521078170694748]
[-0.00023534121876722658, -0.0006107762981945736]
[-0.00097118636474125, -0.0006945044791610774]
[5.878138924292342e-05, 0.0004477696201959924]
[-0.0014895525559728284, 0.000314790153115474]
[-0.0010105636682543884, 0.0005959209927420828]
[-0.00046107494390151826, 0.0006720908195846365]
[-0.0014263101622812302, -0.0004159564853794817]
[0.00014926405789805752, -0.00028856369419522077]
[-0.00038519011865534303, -0.0006836387721616266]
[-0.0007719150273451381, -0.0007313601513015411]
[0.00012800916900285175, 0.00029354614608068097]
[-0.001479568691992783, 0.00014726928382041704]
[-0.000819670408403611, 0.0006480654325272672]
[-0.0006204933544615016, 0.0006956887881552909]
[-0.0014315348884291201, -0.0002536854965255464]
[0.00016608596460021552, -0.00012354040908052477]
[-0.0005400001179634711, -0.0007190214639088977]
[-0.0005785717344653912, -0.0007322230720288869]
[0.00015926631961188376, 0.00013442559848397817]
[-0.0014324275686389276, -1.5766768647840212e-05]
[-0.0006310301729373427, 0.0006649999329695344]
[-0.0007731930210145704, 0.0006820203902155875]
[-0.001400310968594498, -9.275198295871645e-05]
[0.00014608164334239948, 3.543130026778529e-05]
[-0.0006912383000545058, -0.0007175996504401039]
[-0.00039811613962253967, -0.000699638551316481]
[0.00015368710036317568, -2.19687710900085e-05]
[-0.0013518065225623932, -0.0001668573481553859]
[-0.00045164247534371094, 0.0006484383902097823]
[-0.0009113868951053788, 0.0006342064307351958]
[-0.0013355695582717986, 5.943094761412526e-05]
[9.259928057425704e-05, 0.00018137356793068715]
[-0.0008310306387036143, -0.0006818786308085967]
[-0.00023658391305766968, -0.0006372925974659077]
[0.0001139378495504384, -0.0001684235873751494]
[-0.0012426758587102404, -0.0002997753190079333]
[-0.00028778020399947146, 0.0006012963798033288]
[-0.0010284490843129879, 0.0005569167832678579]
[-0.0012415465910156076, 0.0001965161382068148]
[1.0304341100941805e-05, 0.00030815175416198937]
[-0.0009525611778614385, -0.0006159475996524236]
[-9.896874526904575e-05, -0.0005498068065912104]
[4.410886946953907e-05, -0.0002984614369752059]
[-0.001110918021914542, -0.00040968677313896196]
[-0.00014483983794444377, 0.0005275321146546164]
[-0.0011192185933872056, 0.00045601999490163525]
[-0.0011234447130721026, 0.00031338507514777625]
[-9.5018813264236e-05, 0.00041075193415029965]
[-0.0010503789544141773, -0.0005251412343767331]
[1.0872017421392766e-05, -0.00044254223812210947]
[-5.047811735436891e-05, -0.0004066510546553298]
[-0.0009629604478222087, -0.0004932079551626944]
[-2.7204849592621372e-05, 0.00043198261043359]
[-0.0011801890658720282, 0.00033817259370372277]
[-0.000987108193990005, 0.0004062214857912805]
[-0.0002167400725345825, 0.0004855182669760705]
[-0.0011205916162501661, -0.00041564516729095113]
[9.029746251032478e-05, -0.00032140239776491664]
[-0.00016354514701916179, -0.0004888713853744286]
[-0.000805446537114729, -0.0005483814538525533]
[6.188116174110636e-05, 0.0003201833010920696]
[-0.0012095752103093438, 0.00021038836371040093]
[-0.0008387299356404226, 0.00047251724147323593]
[-0.0003477209409709636, 0.0005303223226401643]
[-0.00116093981248927, -0.0002940851271145406]
[0.00013794879714379427, -0.00019262340667122735]
[-0.0002882011337265733, -0.0005425007645015051]
[-0.0006449566523502315, -0.0005745973454243103]
[0.00012042566373088315, 0.00019815978102882825]
[-0.001207261901520429, 7.96268711824033e-05]
[-0.0006845978623164078, 0.0005110334048066267]
[-0.00048069385360047234, 0.0005446415867041976]
[-0.0011707610380679578, -0.0001671367835842652]
[0.00015379180064833964, -6.254255458087998e-05]
[-0.00041732712994091425, -0.0005665095084210758]
[-0.0004877794641515165, -0.0005724829258543923]
[0.0001477691515302526, 7.21855573984076e-05]
[-0.001174654919632645, -4.756629849428373e-05]
[-0.0005308779663815155, 0.0005217355652938904]
[-0.0006086527831243027, 0.0005295342379414425]
[-0.0011508631403729375, -4.118531717328677e-05]
[0.00013912157287832017, 6.265647071390656e-05]
[-0.0005439708471390928, -0.0005614453835263572]
[-0.00033972560726810985, -0.0005437783168929233]
[0.00014462043534485547, -5.149187290404145e-05]
[-0.0011144608362900765, -0.0001653460304916754]
[-0.00038342500354023035, 0.0005057154619079185]
[-0.0007252210622139266, 0.00048750988712198406]
[-0.0011033344311876525, 7.794751625839202e-05]
[9.651391040704782e-05, 0.0001772143379259461]
[-0.0006617158087219854, -0.0005293144852193538]
[-0.00020597174614123137, -0.0004912067014827409]
[0.00011302864269624457, -0.00016694484567142398]
[-0.0010304266560244857, -0.00026877189771218335]
[-0.00024761013855148506, 0.00046510253436815585]
[-0.0008249645058881622, 0.0004223087902307521]
[-0.001031318681174731, 0.0001852030926931536]
[2.971117633859821e-05, 0.0002760668220336271]
[-0.0007649942495295825, -0.00047337250700169725]
[-9.092395870174963e-05, -0.000418339596278787]
[5.6280723404522615e-05, -0.0002688593096208669]
[-0.0009270675929166361, -0.00035393284832686833]
[-0.00012815747430244828, 0.00040296174014015085]
[-0.0009036250699815673, 0.00033861270100982166]
[-0.0009387797242425555, 0.0002764171348240696]
[-5.656200961123847e-05, 0.0003550934547164042]
[-0.0008493211628323727, -0.0003978509778840428]
[1.906077356894631e-06, -0.0003294514632862025]
[-2.1277952184317606e-05, -0.00035280368911423665]
[-0.0008094049881485765, -0.00041800395968080717]
[-2.8987139388370053e-05, 0.0003231695215667463]
[-0.0009582608952222182, 0.00024171717078508292]
[-0.0008302734155619385, 0.00034839429947336464]
[-0.00015684820833480884, 0.0004113199086780428]
[-0.0009114379651751492, -0.00030764825982604327]
[7.001192744110485e-05, -0.00022935543846498707]
[-0.00011449197602350636, -0.0004154474107180006]
[-0.0006827277274338156, -0.00045925156497965414]
[4.693037447539572e-05, 0.00023025918491087483]
[-0.0009872905473797822, 0.00013719680715967852]
[-0.0007107362534078537, 0.0003989409100465524]
[-0.0002652567811351203, 0.00044305245963538464]
[-0.0009493659073192273, -0.0002080153627863207]
[0.00011198333526718507, -0.000123213405713668]
[-0.00021769560435905277, -0.0004547076989336665]
[-0.0005523817191765701, -0.00047700337007944293]
[9.769764824785199e-05, 0.00012923016558108458]
[-0.0009904503451313162, 3.059186555626203e-05]
[-0.0005852921399916444, 0.000426869402177954]
[-0.0003757907460121418, 0.0004499295077108334]
[-0.0009623794936296226, -0.0001042623941032994]
[0.00012756533997082542, -1.6318494789668847e-05]
[-0.00032503891862087353, -0.00046981104846836874]
[-0.00042358495524562334, -0.0004715967875160848]
[0.0001225767181365356, 2.5321804609734766e-05]
[-0.0009686820025319176, -7.286239847981157e-05]
[-0.00045907321609976043, 0.00043198372559594134]
[-0.00048267341982139583, 0.00043288460346657676]
[-0.0009509171520519222, -1.5039922097170866e-06]
[0.00011767183806699055, 8.614501011239284e-05]
[-0.00043081226237317444, -0.00046126582864716714]
[-0.00030126169935526526, -0.0004443130433443229]
[0.00012202322623328099, -7.624019331636811e-05]
[-0.0009239722364240421, -0.00016845126219638962]
[-0.00033704843325182976, 0.00041504907051914675]
[-0.0005806471935686786, 0.0003940258773080796]
[-0.0009164493700212772, 9.55468089266498e-05]
[8.434173043359028e-05, 0.00017935216038544866]
[-0.0005297418157628048, -0.00043075285812754077]
[-0.0001898889003059956, -0.0003972984302339777]
[9.765652923693358e-05, -0.00017050932299933486]
[-0.0008591662124666777, -0.0002521378703984889]
[-0.0002238546652881257, 0.00037774362926173977]
[-0.0006652208091840195, 0.00033644626665207955]
[-0.0008613235234691263, 0.00018273529563411772]
[3.063104993727972e-05, 0.0002590803125319674]
[-0.000617234196966715, -0.0003809496256543185]
[-9.335063346224692e-05, -0.00033346908792527413]
[5.216040629008045e-05, -0.00025307552095582553]
[-0.0007777733222006089, -0.0003206669875805285]
[-0.00012362902955367905, 0.00032258621487896155]
[-0.0007328488327681126, 0.00026398581666320364]
[-0.0007886005183341815, 0.00025657781137328195]
[-3.955797721333365e-05, 0.00032192379411366545]
[-0.0006895558339770347, -0.0003153096701362379]
[-1.480113337393174e-05, -0.00025639315854607964]
[-1.0882741259404805e-05, -0.00032029195156238477]
[-0.0006837780395053117, -0.00037162466479281203]
[-3.9846405254395645e-05, 0.000252832447762974]
[-0.0007810361411936528, 0.00018097055439875165]
[-0.0007018925265043496, 0.00031433938177011234]
[-0.00012170167761194062, 0.0003654602071515023]
[-0.0007439419216790366, -0.00023782070012146744]
[4.3457696844773075e-05, -0.00017014466984668908]
[-8.721290841964824e-05, -0.00036945109982227525]
[-0.0005814621060963032, -0.00040346486605117443]
[2.4828640056595574e-05, 0.00017233416968570614]
[-0.0008083694127985208, 9.19517473120246e-05]
[-0.0006052051388466678, 0.0003540853040137071]
[-0.00021091685986729392, 0.00038835256124153394]
[-0.0007786383491128201, -0.00015276335535448216]
[8.007406937837747e-05, -7.912685935007602e-05]
[-0.0001721505143855162, -0.0003988951821284198]
[-0.0004752386070885073, -0.0004155125750219535]
[6.866262975702142e-05, 8.53612874148757e-05]
[-0.0008144852237351452, 1.4652796612169006e-06]
[-0.0005027826132714686, 0.0003747132878386683]
[-0.00030223830862846635, 0.00039037840760652864]
[-0.0007928865819974706, -6.448784783388839e-05]
[9.470703343805731e-05, 1.213199390831532e-05]
[-0.00026086907328126685, -0.00040805346984094937]
[-0.00036949484107275804, -0.0004079492158108877]
[9.093269542059801e-05, -3.6086812205404772e-06]
[-0.0007999892326912006, -8.617544826591828e-05]
[-0.0003989525618561876, 0.0003759686314934174]
[-0.00039088852061300305, 0.00037238552674928593]
[-0.0007868651948492733, 2.2780664947041895e-05]
[8.803853800976036e-05, 9.920112478850607e-05]
[-0.00034865940284421054, -0.0003974076036143345]
[-0.0002684398679715372, -0.00038178168108916194]
[9.195278581713984e-05, -9.012188164436719e-05]
[-0.0007663425878504937, -0.00016704680262039084]
[-0.0002979667322532409, 0.00035844054917294477]
[-0.00047251814500792744, 0.0003361819505584007]
[-0.0007616023116992776, 0.00010510374596139904]
[6.172887552452488e-05, 0.00017797383256079602]
[-0.0004311649205807344, -0.00036839381512752956]
[-0.0001759541791825081, -0.0003387922427458209]
[7.303918376255769e-05, -0.0001699838076278104]
[-0.0007157303010059124, -0.0002377425093763319]
[-0.0002038371878964329, 0.00032353444381938434]
[-0.0005434003929668668, 0.00028437473359671506]
[-0.0007188710729875147, 0.00017895966161529664]
[1.8313387388724234e-05, 0.00024488034773006984]
[-0.0005045729203911192, -0.00032325684797173543]
[-9.544238869726995e-05, -0.0002814642648369739]
[3.6414472814605414e-05, -0.0002394804285919261]
[-0.0006509227143831064, -0.0002954662665577354]
[-0.00012017130357883099, 0.00027341360292543193]
[-0.0006005694510985704, 0.0002201758810541632]
[-0.0006610763382461082, 0.00024134638245754125]
[-3.895477000337433e-05, 0.0002970688357477602]
[-0.0005657535924601942, -0.00026487343483831]
[-2.969409634989706e-05, -0.0002128786015975076]
[-1.49437535610919e-05, -0.0002955661867817816]
[-0.0005751365024923016, -0.00033809618659755986]
[-5.0013383491476215e-05, 0.00021090491075492768]
[-0.0006419003235162146, 0.00014719473426938467]
[-0.0005911363972066347, 0.0002898632501549536]
[-0.00010630436842112845, 0.00033253882806683066]
[-0.0006123455746377959, -0.0001965632152282487]
[1.923812102350153e-05, -0.00013657790252867563]
[-7.749673646426092e-05, -0.0003360035939332512]
[-0.0004918971881018169, -0.0003642274891262204]
[4.2958303773099615e-06, 0.00013936654112373104]
[-0.0006661341855111469, 6.923409170761508e-05]
[-0.0005123596958025722, 0.0003227756408312743]
[-0.00017967183949105237, 0.00035021637115062454]
[-0.0006427927424282054, -0.000121902351473413]
[5.013236469492144e-05, -5.6400237297721256e-05]
[-0.00014736372931979658, -0.0003594447327023159]
[-0.0004049019794720582, -0.00037319753097944663]
[4.1228941890125714e-05, 6.252050446003965e-05]
[-0.0006728581600964345, -9.896863777197895e-06]
[-0.0004283144117372545, 0.00033906408921979825]
[-0.00025493383911424916, 0.00034996677670445786]
[-0.0006563408260544523, -4.4550697458373145e-05]
[6.265147324158171e-05, 2.371145796276064e-05]
[-0.00022054740775190318, -0.0003654517579024866]
[-0.0003178805181198868, -0.0003650939316873561]
[6.013902577506336e-05, -1.5741690555876042e-05]
[-0.0006624508244554295, -8.654505547070479e-05]
[-0.00034268859799546636, 0.0003384559529341358]
[-0.0003281277058245907, 0.00033254782607355926]
[-0.0006530038928377335, 3.190167045050152e-05]
[5.7348646835042594e-05, 9.99127832946034e-05]
[-0.0002931473598582063, -0.00035446025131163905]
[-0.00023445199953207874, -0.0003407433287440642]
[6.12754020362094e-05, -9.156730429313309e-05]
[-0.0006360046576748823, -0.00015734883612483763]
[-0.00025914045594127577, 0.00032143486754449]
[-0.00039564374659668833, 0.00029951239592529433]
[-0.0006335098933186734, 0.00010406729580608731]
[3.562025692588344e-05, 0.00016865931935600154]
[-0.0003615469023897505, -0.00032769485311975877]
[-0.00015797968796002482, -0.0003016761741317167]
[4.5744464546415564e-05, -0.00016134860769576043]
[-0.0005952345271390269, -0.00021934761251884982]
[-0.000181141544546376, 0.00028922185492308294]
[-0.000454378133172173, 0.00025307374487493206]
[-0.0005992319642328103, 0.000168875441522498]
[-3.92840415780471e-07, 0.00022688996970798847]
[-0.000422563506665502, -0.0002870501245628848]
[-9.142730743558203e-05, -0.00025006262513720817]
[1.5417960659180885e-05, -0.00022191047905425337]
[-0.0005423780360441222, -0.00027006948832222766]
[-0.0001118194738441991, 0.00024372249033915994]
[-0.0005018409908413013, 0.00019594856922977577]
[-0.0005521089392524214, 0.00022367060260797267]
[-4.794830992052579e-05, 0.00027217719116018335]
[-0.0004735587243554773, -0.00023495071279482777]
[-3.72251566215509e-05, -0.00018861619349826164]
[-2.7203086932492404e-05, -0.0002706645553492773]
[-0.00048009011857616524, -0.0003076009036133906]
[-5.38098694144451e-05, 0.0001874370188736929]
[-0.0005362198955262687, 0.00013119235463809886]
[-0.0004945555195033091, 0.00026629799052224623]
[-0.00010387753794055543, 0.00030283252014545736]
[-0.0005125086017043756, -0.0001742037219050821]
[2.843885439418603e-06, -0.00012046511354765754]
[-7.915607214625808e-05, -0.0003057190800701305]
[-0.0004113316179450849, -0.00033064081703144954]
[-9.12924938634152e-06, 0.0001233342827716144]
[-0.0005564034811295637, 6.2038956453625e-05]
[-0.0004293606439785408, 0.0002951765370565185]
[-0.0001647777562596292, 0.00031796086900631737]
[-0.0005380393062369149, -0.00010785331560538014]
[2.7727711292280244e-05, -4.899568443225699e-05]
[-0.00013720079814191766, -0.0003259388978878591]
[-0.0003392503618630943, -0.00033853952526327613]
[2.091962438482975e-05, 5.469497909560417e-05]
[-0.000561972557734769, -8.247469290123544e-06]
[-0.00035957226425292754, 0.0003093573077443956]
[-0.0002272049436774365, 0.0003174628408847413]
[-0.0005494345676098911, -3.9043849188596935e-05]
[3.714839777124723e-05, 2.2323783590766366e-05]
[-0.0001980042018875361, -0.0003309557333727106]
[-0.00026705370898213315, -0.00033131961241270047]
[3.5800509263106406e-05, -1.5065848228912326e-05]
[-0.0005531668345788443, -7.650413924034649e-05]
[-0.0002883680357356755, 0.00030856279080876403]
[-0.0002878527835138353, 0.000301989767512445]
[-0.0005466215295689969, 2.9105814190105717e-05]
[3.159970243304944e-05, 9.012627688056996e-05]
[-0.0002583121557545656, -0.00032113395939310785]
[-0.00019787348062680343, -0.000309674621884623]
[3.574903444525379e-05, -8.25839622834168e-05]
[-0.0005308342805980248, -0.0001397843190569792]
[-0.00021891404268728487, 0.0002932011245120325]
[-0.00034370625670057664, 0.0002728604098322651]
[-0.0005301400978545701, 9.36168972218987e-05]
[1.2297292307117402e-05, 0.00015132260269445919]
[-0.0003150982334411412, -0.00029750070634669556]
[-0.00013462705934089159, -0.0002749404831793381]
[2.1730065092595563e-05, -0.00014472421613481723]
[-0.0004963679298835011, -0.00019545656289529645]
[-0.0001542168951428613, 0.0002643494535483071]
[-0.000392162866027404, 0.00023195067551734505]
[-0.0005010985340463125, 0.00015175565502845156]
[-1.8914556121824022e-05, 0.00020325722622649423]
[-0.00036568367212889974, -0.00026165093164871867]
[-7.988143520215596e-05, -0.00022903579607799762]
[-4.648384125449656e-06, -0.00019873813747246089]
[-0.00045163234171982647, -0.00024129067363073964]
[-9.69775622109148e-05, 0.0002237023984827391]
[-0.00043111912326986024, 0.00018156810896330366]
[-0.0004611156866814736, 0.0002011299433474223]
[-5.9691407185341605e-05, 0.00024383167168556819]
[-0.00040782702642196134, -0.00021563791569794571]
[-3.57293084976007e-05, -0.0001743696573768827]
[-4.1255767316672465e-05, -0.0002423896084546226]
[-0.00039887975518354546, -0.0002755316931232904]
[-4.945735285549757e-05, 0.00017348481427259532]
[-0.0004590239232426241, 0.0001243215184457136]
[-0.0004122486081999943, 0.00023977724651036425]
[-0.00010734051118496679, 0.000271587508587412]
[-0.0004397854063408202, -0.00016185792634208773]
[-3.687348619219044e-06, -0.00011371933326914663]
[-8.55823040079029e-05, -0.000274041465008628]
[-0.00034065484155523795, -0.0002969614045571223]
[-1.33669608049225e-05, 0.00011633201311000985]
[-0.0004749031420245853, 6.299347986482573e-05]
[-0.000356903867646724, 0.00026624187735047045]
[-0.00015898269330752446, 0.0002857456196120878]
[-0.00046035121178950034, -0.00010293513239129082]
[1.5373993519807172e-05, -5.008401000425322e-05]
[-0.00013489202622202212, -0.0002927005093053686]
[-0.0002796871709566731, -0.0003049446983060186]
[1.0211764702339199e-05, 5.514465733216789e-05]
[-0.00047836093963191106, 4.2034674035962283e-07]
[-0.0002977318070901194, 0.0002796369550293054]
[-0.000211711287749064, 0.00028620318396982425]
[-0.0004688687721080831, -4.161000497332479e-05]
[2.1262097916752154e-05, 1.3475705719190323e-05]
[-0.00018637344907074943, -0.00029802289765675644]
[-0.00021877201130123675, -0.0002994564418004955]
[2.086453466321192e-05, -7.0712003048811756e-06]
[-0.00046956288676569535, -6.0618438395665386e-05]
[-0.00023750510298858885, 0.0002796853677157207]
[-0.00026273718719001943, 0.0002734938067326942]
[-0.00046523446816845726, 1.936786759210163e-05]
[1.4451875802512504e-05, 7.400061540854819e-05]
[-0.00023727807323681988, -0.0002902853971836969]
[-0.0001606424819390051, -0.0002810837962643545]
[1.884103304344853e-05, -6.736656521914852e-05]
[-0.0004492045829951885, -0.00011750188493961367]
[-0.00017898578991627778, 0.00026673373960695024]
[-0.00030951232419130364, 0.00024871888312938406]
[-0.0004498822569450889, 7.734291070227162e-05]
[-3.965438317848902e-06, 0.00012878555922357648]
[-0.0002850401945285047, -0.0002703301096094596]
[-0.00010783878379541645, -0.0002509995702962252]
[5.01066127639449e-06, -0.00012300191573902386]
[-0.00041846749396465266, -0.00016786073499953924]
[-0.00012478772314727937, 0.00024173465661925242]
[-0.00034982761250282324, 0.00021345932578775706]
[-0.00042375467035893344, 0.0001298530558564992]
[-3.236916288756886e-05, 0.00017551047298880462]
[-0.0003273749547016702, -0.00023949078608851218]
[-6.258252176200019e-05, -0.00021090419721542242]
[-1.9216673062844025e-05, -0.0001715786213037085]
[-0.00037896197670163334, -0.00020966288873301014]
[-7.724360717512035e-05, 0.00020619493402151967]
[-0.000381884807042987, 0.00016967626628866528]
[-0.00038825795568316057, 0.00017472496603321286]
[-6.872306786112614e-05, 0.00021234117390034335]
[-0.0003623545411318291, -0.00019950798322218924]
[-2.66654257571608e-05, -0.0001629369486570581]
[-5.199594788274364e-05, -0.00021114134167275062]
[-0.0003326564435506135, -0.00024128998692175135]
[-3.828666586952467e-05, 0.0001620911095612798]
[-0.00040434430374922115, 0.00011960764634211252]
[-0.00034519954835364464, 0.00021016262688466902]
[-0.00011070561549816893, 0.00023799486280634552]
[-0.0003884644212844013, -0.00015243849251334735]
[-1.3616685227701986e-06, -0.0001095604913402548]
[-9.116822103680255e-05, -0.00024024711823957337]
[-0.00028179167739050826, -0.0002616023835167458]
[-9.356483872374755e-06, 0.00011175699250101645]
[-0.0004163522456907265, 6.566531345164606e-05]
[-0.00029670672914045015, 0.00023482507277777787]
[-0.00015584543631352865, 0.0002517693398126353]
[-0.00040464226038999795, -0.00010056231644685332]
[1.2628614135395955e-05, -5.34261825971688e-05]
[-0.00013438723152958687, -0.00025800070060853775]
[-0.00022878048374926074, -0.0002699881799690246]
[8.663465525554637e-06, 5.775131135166145e-05]
[-0.00041755039423441165, 1.0334968114977805e-05]
[-0.0002451270447176024, 0.00024788762652611096]
[-0.0002016520433517771, 0.0002535385658062883]
[-0.000410301794442236, -4.6288572875252676e-05]
[1.5199849862812531e-05, 2.770052792422373e-06]
[-0.0001792424013814936, -0.00026405892146233456]
[-0.00017609490707235637, -0.0002663911893516918]
[1.547224170625472e-05, 2.7156908737890895e-06]
[-0.0004080713232738342, -4.3920372509831385e-05]
[-0.0001929135048667971, 0.00024908059400235993]
[-0.0002457340615736117, 0.00024371989438909392]
[-0.0004053427646854013, 7.939441277693415e-06]
[6.82448115019163e-06, 5.643028198390465e-05]
[-0.00022337158487176906, -0.0002586091550354705]
[-0.00012614566888205503, -0.00025131300396204204]
[1.1341191598651656e-05, -5.076602922451934e-05]
[-0.0003885200545444556, -9.475347930607003e-05]
[-0.00014250017987633978, 0.0002387001259331334]
[-0.0002859001302970843, 0.00022321971565592014]
[-0.0003901465617112687, 5.9739961185800716e-05]
[-1.1497998090109762e-05, 0.00010518494010627877]
[-0.0002645596427961472, -0.00024232784277766414]
[-8.116072451067047e-05, -0.00022578584011109792]
[-2.9298884987316587e-06, -0.00010029683885096063]
[-0.0003599418327617787, -0.00014002240324083315]
[-9.617601475100934e-05, 0.0002175879146587567]
[-0.00032024050201655274, 0.00019336435147421227]
[-0.00036555602814217214, 0.00010688838730482653]
[-3.832047576984854e-05, 0.00014700217149077321]
[-0.0003008214392481168, -0.00021632480362743754]
[-4.307133658459916e-05, -0.00019131533128277645]
[-2.608408470095025e-05, -0.0001437756923973535]
[-0.00032377483783546657, -0.00017787508177307537]
[-5.596594714774028e-05, 0.0001870792423259715]
[-0.00034718967163700765, 0.00015582205463371412]
[-0.00033283736976470746, 0.00014741052868899596]
[-7.184790661307616e-05, 0.00018027009204046873]
[-0.00033046968247663067, -0.00018207787912791207]
[-1.341442018615302e-05, -0.00014979551083296738]
[-5.649817992164907e-05, -0.00017948135415246647]
[-0.0002817865911045603, -0.0002068262651133551]
[-2.352843333952581e-05, 0.0001489221445067912]
[-0.00036557175788282104, 0.00011252032336556139]
[-0.0002936225759383737, 0.00017966946729136568]
[-0.00011004806683698187, 0.00020384923407368305]
[-0.0003521689060863309, -0.0001413608659041471]
[6.741023478168406e-06, -0.00010340130555286375]
[-9.228434348115822e-05, -0.00020612877210293354]
[-0.0002359937336002399, -0.00022582251992145363]
[-7.719577671538858e-08, 0.00010517352052838436]
[-0.00037463072220011995, 6.556097479945566e-05]
[-0.00024983215722877705, 0.00020244067165514634]
[-0.0001507645734926677, 0.00021709564236715995]
[-0.0003649767976731666, -9.616617637188407e-05]
[1.6837697258659245e-05, -5.4466384230941745e-05]
[-0.00013139474681317376, -0.0002228987218521744]
[-0.00018856659334205023, -0.00023429017686028147]
[1.3667397953054383e-05, 5.808036364887692e-05]
[-0.00037404698740295395, 1.7134014740599612e-05]
[-0.00020358012071189369, 0.0002149693462990543]
[-0.00019182484036884412, 0.00021985767074561569]
[-0.00036837326036298634, -4.8622678983423206e-05]
[1.6841301797909658e-05, -5.355713969285025e-06]
[-0.00017172275604705745, -0.0002294436485637888]
[-0.0001417221463539467, -0.00023216110852732064]
[1.7495015904700484e-05, 9.955507257353169e-06]
[-0.0003639409526378645, -3.056935664205729e-05]
[-0.00015706550648327683, 0.0002170043836282609]
[-0.0002311378034029546, 0.0002124511322857403]
[-0.0003622764303636561, -9.089649314342196e-07]
[7.219911903583176e-06, 4.165757809465598e-05]
[-0.00021119644284963573, -0.00022587381504654558]
[-9.761113806849853e-05, -0.00021987229431738586]
[1.1691049282031019e-05, -3.694277758289899e-05]
[-0.00034486274878389733, -7.544411920754057e-05]
[-0.00011245699170597812, 0.00020880473790424459]
[-0.00026677857481230416, 0.00019561796445355384]
[-0.00034704383451308884, 4.483709560934579e-05]
[-1.110491734723773e-05, 8.45024599352151e-05]
[-0.000247862225760849, -0.0002127280136321047]
[-5.820676927226209e-05, -0.00019833714949989145]
[-3.0048697347573317e-06, -8.051925933537374e-05]
[-0.000317766774782291, -0.0001155578182310546]
[-7.177855849646586e-05, 0.00019111637853919117]
[-0.00029705919073612364, 0.0001704731068408183]
[-0.00032345635594294153, 8.661039216278921e-05]
[-3.682931138354606e-05, 0.00012140083124079215]
[-0.0002799580681025621, -0.00019093241832269722]
[-2.5203071455370818e-05, -0.00016888925103082653]
[-2.546164446728949e-05, -0.00011893237694670517]
[-0.0002839694414749211, -0.00014923326011991034]
[-3.6804688312963574e-05, 0.0001651208229966339]
[-0.0003205859515955922, 0.00013844317241912263]
[-0.00029268295543637135, 0.00012262856106548536]
[-6.835318820161418e-05, 0.00015093505361479798]
[-0.00030597654202578484, -0.00016175000357834812]
[6.93005979823802e-08, -0.00013320192178694484]
[-5.423392471826105e-05, -0.0001506636963826899]
[-0.0002450892649236841, -0.00017512345496897147]
[-8.97285121892466e-06, 0.00013235910674797013]
[-0.0003363043518469222, 0.00010119914674844299]
[-0.0002562252248830693, 0.00015141489937281483]
[-0.00010387383447497955, 0.00017209103630022593]
[-0.0003247181436075719, -0.00012672176972088056]
[1.6703632272241364e-05, -9.318963892147869e-05]
[-8.764699535340759e-05, -0.0001745654012495386]
[-0.00020296992416376364, -0.00019227377795038789]
[1.0680686232222847e-05, 9.463742976836831e-05]
[-0.0003435323255785161, 6.0584203529306935e-05]
[-0.00021584267260679746, 0.0001718683751265604]
[-0.00014148030075496199, 0.0001842781155994011]
[-0.000335334659760933, -8.760018418393911e-05]
[2.425019781907012e-05, -5.089897356387596e-05]
[-0.0001238835852393344, -0.00018988707240756575]
[-0.00015958886654080656, -0.0002001660972417718]
[2.1558206929256363e-05, 5.39222341030543e-05]
[-0.00034198173890623296, 1.853710979246581e-05]
[-0.0001734618328783355, 0.0001833149523526867]
[-0.0001792435195098474, 0.00018732861717407623]
[-0.0003373614416618542, -4.6275040632065556e-05]
[2.2720735920023216e-05, -8.39746892958293e-06]
[-0.00016106837416558079, -0.00019628428568641693]
[-0.0001169561008461037, -0.00019874031154729077]
[2.3510322806341577e-05, 1.2232903251141458e-05]
[-0.0003317671072544659, -2.2988225671427553e-05]
[-0.0001310744168191505, 0.00018553545794203208]
[-0.00021529887870785913, 0.00018148074895202315]
[-0.0003307365153009667, -4.692437307274311e-06]
[1.256608580801899e-05, 3.233155070367366e-05]
[-0.0001973476316154965, -0.00019381197085244217]
[-7.700953633682506e-05, -0.0001883903259778108]
[1.6820114872057035e-05, -2.8460367739707726e-05]
[-0.00031339979011327235, -6.210576604212537e-05]
[-9.063135756190444e-05, 0.00017876708472636116]
[-0.00024791967578517704, 0.0001673483827726585]
[-0.0003158039312518013, 3.5231331906609986e-05]
[-5.36896487013383e-06, 6.948163694275866e-05]
[-0.0002309627998160757, -0.00018290514423550952]
[-4.151422206527533e-05, -0.0001699337479356272]
[2.1656282408744065e-06, -6.632749706783625e-05]
[-0.0002877657393157984, -9.70804396872374e-05]
[-5.394040708533998e-05, 0.00016367806289813158]
[-0.0002755810879921383, 0.0001458805674877106]
[-0.0002932988799193986, 7.16977681278208e-05]
[-2.990804962516025e-05, 0.00010149878403264978]
[-0.0002603176585228434, -0.00016434882341827967]
[-1.1972883959487923e-05, -0.00014455713339588117]
[-1.9434056827249968e-05, -9.975423748632278e-05]
[-0.000256085411495105, -0.00012640753496800244]
[-2.2574743004044606e-05, 0.00014131763490438098]
[-0.00029701484107898246, 0.00011831261467548648]
[-0.0002643129838697661, 0.00010311147156261136]
[-5.9616678331653183e-05, 0.0001271376420596826]
[-0.00028403886809452716, -0.00013923801139328895]
[1.0445800327552046e-05, -0.00011374102424129007]
[-4.6683661717922265e-05, -0.00012740083231734672]
[-0.00021985569619158152, -0.00014888359186174954]
[2.201129679552105e-06, 0.00011304580165372169]
[-0.0003112546444321018, 8.61096805270245e-05]
[-0.00023023973341812498, 0.00012815724808662443]
[-9.288099272825034e-05, 0.00014549822915310706]
[-0.0003010292592774688, -0.00010892794816436818]
[2.49565492913828e-05, -7.917088150184715e-05]
[-7.808245904562805e-05, -0.00014824358958770087]
[-0.0001807754619619628, -0.00016366355495457674]
[1.948384049463292e-05, 8.044899263037752e-05]
[-0.00031767185125597397, 5.090324176035277e-05]
[-0.00019270200665831572, 0.00014586327508242514]
[-0.00012798707389376218, 0.00015604459476098453]
[-0.00031051244204616246, -7.49746327638745e-05]
[3.118214898084615e-05, -4.264104550064096e-05]
[-0.00011199701402705986, -0.00016160062580087425]
[-0.00014065826024916087, -0.00017029931817068994]
[2.875999517237826e-05, 4.5248611224291135e-05]
[-0.00031599999709719384, 1.4420911930129732e-05]
[-0.00015346564879112345, 0.00015564520241401203]
[-0.00016319744447226836, 0.00015860777509063562]
[-0.00031206646843742747, -3.9066029814127656e-05]
[2.9153619967470235e-05, -5.95891532365056e-06]
[-0.00014673328091036053, -0.00016714359500565046]
[-0.00010133747362065654, -0.00016875598128771735]
[2.9911781143837635e-05, 9.209257191944431e-06]
[-0.0003063461992621197, -2.1589319925574557e-05]
[-0.00011434479750594556, 0.00015732749891339548]
[-0.0001968227927743038, 0.00015337554433714207]
[-0.00030564372986985333, -2.9453372918375464e-06]
[1.928825408153978e-05, 2.914429987513345e-05]
[-0.0001806065568759896, -0.00016489712955832653]
[-6.457038903294465e-05, -0.00015940400477593847]
[2.3201718247212177e-05, -2.5947548293187017e-05]
[-0.00028918715883791135, -5.5438273398322746e-05]
[-7.710569534886969e-05, 0.00015114039586866523]
[-0.0002272880005732142, 0.0001408710477633357]
[-0.0002915742574492175, 3.167100155362923e-05]
[2.3495024562836253e-06, 6.109141958632325e-05]
[-0.00021200852852401586, -0.00015522717244221412]
[-3.1948075854396074e-05, -0.00014298769821390056]
[9.240280276434643e-06, -5.86198449063699e-05]
[-0.00026534788527372843, -8.557479012259034e-05]
[-4.337593308524623e-05, 0.00013769309835176546]
[-0.0002531920923155573, 0.00012192167343283433]
[-0.0002705502570383711, 6.317651734971674e-05]
[-2.0606480437557195e-05, 8.852273755696749e-05]
[-0.00023947083323146157, -0.00013881866819450556]
[-4.81745440436554e-06, -0.00012057273737454272]
[-1.10593123287539e-05, -8.738938087764908e-05]
[-0.00023596228424778432, -0.00011066050936380661]
[-1.4565380987069387e-05, 0.00011792614981770422]
[-0.0002733616936848454, 9.761879147981989e-05]
[-0.0002435910093023519, 9.015409422929999e-05]
[-4.829280095389188e-05, 0.00011034391869785276]
[-0.00026172422246141525, -0.00011664250730199222]
[1.577936626948051e-05, -9.347730392242348e-05]
[-3.653498723277249e-05, -0.00011107249377614176]
[-0.00020241629166800612, -0.00012963513424574594]
[8.196377216662665e-06, 9.304759219710967e-05]
[-0.00028689710409271485, 6.926854724478848e-05]
[-0.00021198902067584569, 0.00011144597341511409]
[-7.925808702916037e-05, 0.00012575867481218195]
[-0.00027775172700271467, -8.991143523041228e-05]
[2.914528635628022e-05, -6.319268346025031e-05]
[-6.583495929182726e-05, -0.00012875798707265296]
[-0.00016627603609704888, -0.0001417671957497195]
[2.410321533929949e-05, 6.445861072088e-05]
[-0.00029320938559707077, 3.833392546673253e-05]
[-0.00017724022318900412, 0.0001262091238715124]
[-0.00011195384838379174, 0.0001342874771724789]
[-0.00028683343967006447, -6.002497655077654e-05]
[3.494689089506009e-05, -3.1299583964139455e-05]
[-9.74796305858866e-05, -0.00013983289521118242]
[-0.0001292052413487746, -0.00014668615338074564]
[3.2695413593214484e-05, 3.3674582344267456e-05]
[-0.00029204622975181893, 6.368853967431143e-06]
[-0.00014096274778521017, 0.0001339517629555531]
[-0.00014480083351636752, 0.00013577388226637677]
[-0.0002885799478769824, -2.850427270947864e-05]
[3.321256950186702e-05, 6.139532591209473e-07]
[-0.00012992468401002918, -0.00014399709544810763]
[-9.287740976432479e-05, -0.00014439317003345914]
[3.386341436772966e-05, 2.2469153954651766e-06]
[-0.00028350406360086455, -2.505390879589675e-05]
[-0.00010481002906638504, 0.00013454847113525403]
[-0.0001762531730807454, 0.00013037984285363402]
[-0.0002829513101512138, 3.0810619158216923e-06]
[2.431265335375854e-05, 3.102822949940798e-05]
[-0.00016162442728422793, -0.0001412673623789676]
[-5.8889004738021944e-05, -0.00013524983819587777]
[2.783479169682357e-05, -2.8310031102291022e-05]
[-0.0002680240826627295, -5.4418175494577725e-05]
[-7.038451448328209e-05, 0.0001282333626358989]
[-0.00020485958243750269, 0.00011857085306865578]
[-0.0002702589262807975, 3.31906514810798e-05]
[8.925126083580981e-06, 5.855778011384927e-05]
[-0.00019109462130668942, -0.0001319709057477289]
[-2.8679742384227214e-05, -0.00011994620355217783]
[1.514758892043333e-05, -5.658404389988908e-05]
[-0.00024637071640917774, -8.033898897301384e-05]
[-3.915797641823593e-05, 0.00011557282124102786]
[-0.00022932090600506772, 0.00010109119986323467]
[-0.00025114870750356233, 6.0391105633494924e-05]
[-1.2009232087273336e-05, 8.200564345992034e-05]
[-0.00021697374991618001, -0.00011672794862153252]
[-3.46523629451978e-06, -9.945129355340421e-05]
[-3.3867141445709237e-06, -8.132062509877414e-05]
[-0.00021959236685771544, -0.00010163176068078879]
[-1.2403428374996306e-05, 9.742106122945238e-05]
[-0.00024854288245212963, 7.892921911825668e-05]
[-0.00022656548614151395, 8.342861439972205e-05]
[-3.733870708476361e-05, 0.00010040549564410695]
[-0.00023808106922378058, -9.642272546203645e-05]
[1.581422423158063e-05, -7.495072660562707e-05]
[-2.6727742437837598e-05, -0.00010146857262348374]
[-0.0001889659038467259, -0.00011737094291948413]
[8.85786826027024e-06, 7.486297294087563e-05]
[-0.0002616823741609098, 5.327247058212192e-05]
[-0.0001977003655157794, 0.0001012911907100067]
[-6.575665711514023e-05, 0.0001130520473710539]
[-0.000253469027060943, -7.216255160732293e-05]
[2.8526775939785587e-05, -4.777666979355333e-05]
[-5.3656103123536636e-05, -0.00011621574417747596]
[-0.00015592807693964872, -0.00012693379987755576]
[2.3892569639638594e-05, 4.9149223469852066e-05]
[-0.0002681846785228259, 2.5453224090254967e-05]
[-0.0001659244095231771, 0.000113256046770982]
[-9.58596404373735e-05, 0.00011952050156016636]
[-0.0002624670263918216, -4.522535692690066e-05]
[3.436378554297348e-05, -1.9335382971871762e-05]
[-8.28271433062494e-05, -0.0001250153319014985]
[-0.00012199840958786526, -0.0001300259962387848]
[3.2274522885233914e-05, 2.162840944261446e-05]
[-0.0002678091753979539, -3.1144641246538818e-06]
[-0.00013271341040137566, 0.00011891889132642497]
[-0.00012620636909715585, 0.00011967580867910943]
[-0.0002647132482817838, -1.6997182678529787e-05]
[3.333771944408204e-05, 8.963070953021957e-06]
[-0.0001128276437323654, -0.0001276027383400602]
[-8.869902651804928e-05, -0.00012668735286788108]
[3.388842549265081e-05, -6.319668258897293e-06]
[-0.0002606406484987889, -3.1003682994482085e-05]
[-9.956922878377739e-05, 0.00011820364665349192]
[-0.00015537660858096214, 0.00011367208442059074]
[-0.00026017151473683997, 1.109759676265476e-05]
[2.576550052812987e-05, 3.576945439487389e-05]
[-0.000142234655430222, -0.00012400270171936123]
[-5.747707507761102e-05, -0.00011727796833540041]
[2.8919985987085894e-05, -3.3346591589100694e-05]
[-0.0002470842437790888, -5.684608478552511e-05]
[-6.79432649969558e-05, 0.00011135292972230815]
[-0.0001820291614373637, 0.00010194209256614295]
[-0.0002491309972113276, 3.7669405269891154e-05]
[1.224026001858669e-05, 5.9852074274557854e-05]
[-0.00016967544053671235, -0.0001145258981111244]
[-2.9634916674084466e-05, -0.00010244667503088445]
[1.7834993882526184e-05, -5.819187618066879e-05]
[-0.00022784315463761362, -7.940141321709226e-05]
[-3.91670088383117e-05, 9.890132573814325e-05]
[-0.00020495771490415537, 8.517637244001564e-05]
[-0.00023218788245915611, 6.143522326501616e-05]
[-6.405658639407896e-06, 8.014449233667564e-05]
[-0.00019388690520345808, -9.97540668081845e-05]
[-6.272185187561341e-06, -8.308521839846955e-05]
[1.3495332601143328e-06, -7.973252998729613e-05]
[-0.00020387959864828775, -9.76203890165079e-05]
[-1.4393477690777257e-05, 8.163475672348652e-05]
[-0.0002231427411334419, 6.429158854678874e-05]
[-0.00021020970050154852, 8.12839883803651e-05]
[-2.9144028371883013e-05, 9.578397007620199e-05]
[-0.00021377218969051426, -8.05129099729282e-05]
[1.1757647716159614e-05, -6.027242175742076e-05]
[-1.960689754099132e-05, -9.702526223420369e-05]
[-0.00017636124079417614, -0.00011069642710810623]
[5.448082949721655e-06, 6.0539955646338184e-05]
[-0.0002357970155016098, 4.038808908532476e-05]
[-0.00018428464723166393, 9.633102747894084e-05]
[-5.4798607917183606e-05, 0.000106140823707912]
[-0.000228451426648138, -5.7832655089115614e-05]
[2.3875133618234123e-05, -3.521284823765347e-05]
[-4.3934140944112965e-05, -0.00010934118079514166]
[-0.0001465966479393746, -0.00011810249537872602]
[1.9683329972902674e-05, 3.674816103724221e-05]
[-0.00024240188801651075, 1.4697457922485668e-05]
[-0.00015565962111267762, 0.00010595787541922697]
[-8.209633359210211e-05, 0.0001108388907142821]
[-0.0002373033120480622, -3.289717121876534e-05]
[2.9787493474042748e-05, -9.174139079221044e-06]
[-7.040920057378719e-05, -0.00011619265859302147]
[-0.00011596439170384956, -0.00011961075329068593]
[2.7910128306274373e-05, 1.1476730801707191e-05]
[-0.00024273139642713715, -1.1478096469841326e-05]
[-0.00012567162266566637, 0.00010983524583796367]
[-0.00010972095826959974, 0.00010976704229914702]
[-0.0002399942209215522, -6.983731001317106e-06]
[2.9487473467398884e-05, 1.657355733719612e-05]
[-9.773843681352631e-05, -0.00011735168342078689]
[-8.584088021997699e-05, -0.00011529422130578115]
[3.0003243359832954e-05, -1.4028389995229817e-05]
[-0.0002368617459411193, -3.683155820105588e-05]
[-9.567749915514318e-05, 0.0001079285408325803]
[-0.00013636826887718917, 0.00010308129578356917]
[-0.00023649220310889563, 1.8603314354798117e-05]
[2.3240435356175482e-05, 4.0813630729552575e-05]
[-0.00012461321502952455, -0.00011285862622012477]
[-5.7531834756152644e-05, -0.00010551137070815078]
[2.6108038840871872e-05, -3.854730025347475e-05]
[-0.0002251646039831967, -6.01182348706486e-05]
[-6.698673577155978e-05, 0.00010048685860702955]
[-0.00016080168356508162, 9.119679072253084e-05]
[-0.00022706427566888954, 4.260076662199186e-05]
[1.1561832209711076e-05, 6.24330570222209e-05]
[-0.00014976754878878035, -0.00010302016623929197]
[-3.2211597521952795e-05, -9.08759335235508e-05]
[1.6624788057112427e-05, -6.093662044906467e-05]
[-0.00020828395383899745, -8.021976315400817e-05]
[-4.0801196718856514e-05, 8.801774452060762e-05]
[-0.00018190646666725596, 7.476886685731099e-05]
[-0.00021225683795010608, 6.385207814760263e-05]
[-4.813022680960621e-06, 8.046572960951348e-05]
[-0.0001720355706652521, -8.839524811408983e-05]
[-1.0873314800069478e-05, -7.221521794099905e-05]
[2.184906423174926e-06, -8.017510096731961e-05]
[-0.00018709772517640222, -9.620053060212588e-05]
[-1.816458089065609e-05, 7.125076334693614e-05]
[-0.00019874016911525239, 5.466282075336504e-05]
[-0.00019286055468385743, 8.136557559884627e-05]
[-2.4965426746736963e-05, 9.412877594849878e-05]
[-0.0001904059775865441, -6.976847867576352e-05]
[5.708286060973622e-06, -5.052067005006239e-05]
[-1.6379991462728283e-05, -9.540384689922521e-05]
[-0.00016266683147508898, -0.00010735260109836359]
[7.688782385772974e-08, 5.109328407956748e-05]
[-0.00021057641166200014, 3.191262721125021e-05]
[-0.0001698624426023504, 9.436153252662116e-05]
[-4.783497725191488e-05, 0.0001028516350398967]
[-0.00020407013353489212, -4.811126514100983e-05]
[1.7001084593043503e-05, -2.6894353141779237e-05]
[-3.807562972035772e-05, -0.0001059605316834078]
[-0.0001361753680307748, -0.00011322627029684493]
[1.330214689873599e-05, 2.8581702684771226e-05]
[-0.00021693895448389455, 7.669896426643064e-06]
[-0.00014438893353191373, 0.00010230533124919172]
[-7.226572684636279e-05, 0.00010629747088181096]
[-0.00021246043584352559, -2.453212155151263e-05]
[2.272730521118982e-05, -2.4945249817581727e-06]
[-6.178870935088371e-05, -0.00011140665417685991]
[-0.00010886637764397078, -0.00011364474666918783]
[2.1131813143726585e-05, 4.830813640166465e-06]
[-0.00021762325844422448, -1.6854571933441753e-05]
[-0.00011764422847281714, 0.00010492534175909896]
[-9.705604373778931e-05, 0.00010437617095959695]
[-0.00021527594674665418, -2.1873393526994356e-07]
[2.2864042700715403e-05, 2.1517243551205656e-05]
[-8.633593357187941e-05, -0.00011154653519894475]
[-8.197769574817132e-05, -0.00010870293087460528]
[2.3434455232840268e-05, -1.9016637393440283e-05]
[-0.00021270346507828997, -4.0453290355429994e-05]
[-9.084825199950908e-05, 0.00010221557388168101]
[-0.00012101110340884125, 9.724790557025242e-05]
[-0.0002124931526023277, 2.362463933164305e-05]
[1.7634056969861867e-05, 4.4025747768766665e-05]
[-0.00011051719875111027, -0.00010643652964457614]
[-5.668195731783898e-05, -9.875162066426066e-05]
[2.0323642801550745e-05, -4.1838835717095124e-05]
[-0.00020252383122827677, -6.19846116382064e-05]
[-6.517801209797447e-05, 9.442440651474815e-05]
[-0.00014299639175471834, 8.531616586604507e-05]
[-0.0002043609255089479, 4.5840234868727014e-05]
[7.488226044793933e-06, 6.40076108887333e-05]
[-0.00013317103686254217, -9.638299484558688e-05]
[-3.4034001165930694e-05, -8.436950548778438e-05]
[1.2146621890418707e-05, -6.258129137342444e-05]
[-0.00018767498884918188, -8.043102579450429e-05]
[-4.171531225488634e-05, 8.203159593622722e-05]
[-0.00016198996463645532, 6.920946544175521e-05]
[-0.00019138015123906782, 6.537599143607853e-05]
[-6.919254378290329e-06, 8.057189941995668e-05]
[-0.00015322968239762924, -8.192798321152855e-05]
[-1.4927824697114067e-05, -6.632591422520845e-05]
[-5.348340678945629e-07, -8.030000471248577e-05]
[-0.00016895676112188562, -9.494925360473486e-05]
[-2.140273771578105e-05, 6.571622556630907e-05]
[-0.0001771306605079237, 4.975150671279738e-05]
[-0.00017426983269958063, 8.133695797352125e-05]
[-2.476217115195134e-05, 9.299535183496244e-05]
[-0.00016977058867070904, -6.382240710054582e-05]
[-6.413250525083569e-08, -4.553741444473375e-05]
[-1.6971096543139108e-05, -9.420057079446292e-05]
[-0.00014733042536035218, -0.00010490893322997324]
[-5.008848970450286e-06, 4.6318289888380715e-05]
[-0.0001877591748993962, 2.7920515769969123e-05]
[-0.00015392257454110297, 9.302580695572105e-05]
[-4.507955032859168e-05, 0.00010075151829208595]
[-0.00018206099328803294, -4.2987460067915595e-05]
[1.0071429637797946e-05, -2.3021099193706873e-05]
[-3.625864194753414e-05, -0.0001036720971393304]
[-0.00012386410713273455, -0.00010991782097307182]
[6.897270941608191e-06, 2.479629800167249e-05]
[-0.00019344900205109372, 4.799497958590804e-06]
[-0.00013135304618853288, 9.997050798885021e-05]
[-6.68183007383541e-05, 0.00010353281477112897]
[-0.00018959233895951555, -2.0466205745722776e-05]
[1.5219918515968489e-05, 1.5312728174343704e-07]
[-5.738085667152809e-05, -0.00010831445761825403]
[-9.967530605866498e-05, -0.00010983272473969255]
[1.3962453184857004e-05, 2.1827882019098688e-06]
[-0.00019402477693250542, -1.8479823595249356e-05]
[-0.00010764323403501114, 0.00010193847904016451]
[-8.888037620947281e-05, 0.0001012642235998229]
[-0.00019210199731201083, 2.631727663959804e-06]
[1.5351497846843865e-05, 2.2909565031203893e-05]
[-7.925476572058499e-05, -0.00010795715379150264]
[-7.587438262569163e-05, -0.00010475665065849682]
[1.605736834311977e-05, -2.046086583093465e-05]
[-0.00018956646803258703, -4.079584182491158e-05]
[-8.388804301157765e-05, 9.893770409738489e-05]
[-0.00011017305841903163, 9.410727579053924e-05]
[-0.0001895807593429305, 2.518866871811798e-05]
[1.065949366171881e-05, 4.421187047115582e-05]
[-0.00010078209020871615, -0.00010266804560069703]
[-5.351225266080062e-05, -9.502368315187498e-05]
[1.3276357407082662e-05, -4.208935548846021e-05]
[-0.0001803990542015299, -6.109472430110979e-05]
[-6.11442021947739e-05, 9.120622069572204e-05]
[-0.0001296603252542855, 8.245314224253342e-05]
[-0.0001822657914911513, 4.6136637623872545e-05]
[1.5467991781314971e-06, 6.31055150948634e-05]
[-0.00012090230970915328, -9.275053370106506e-05]
[-3.3534687052194645e-05, -8.117380709422167e-05]
[5.9293672466653735e-06, -6.171719549768334e-05]
[-0.00016706858977585948, -7.844300780725927e-05]
[-4.0384613820526605e-05, 7.919193464428487e-05]
[-0.0001464126702581392, 6.690418009308585e-05]
[-0.0001706200249263906, 6.451044157654295e-05]
[-1.1394922794727425e-05, 7.875680316682399e-05]
[-0.00013864478730626906, -7.872843740688168e-05]
[-1.674467837800564e-05, -6.39201680064233e-05]
[-5.474009697692406e-06, -7.846039951830627e-05]
[-0.0001503067214777415, -9.207175801114603e-05]
[-2.245944952986023e-05, 6.352489658786875e-05]
[-0.00015965235132983646, 4.82440918011251e-05]
[-0.0001553000536793775, 7.94928667911532e-05]
[-2.741295417814371e-05, 9.04875554506579e-05]
[-0.00015317666454785217, -6.131874626401704e-05]
[-3.7734869465233523e-06, -4.411118704480965e-05]
[-2.0248444970547008e-05, -9.157485039833907e-05]
[-0.00013098660253760275, -0.00010140981044847244]
[-8.064591192985526e-06, 4.4984034664546924e-05]
[-0.00016879099124551822, 2.739784436336934e-05]
[-0.00013711540758012952, 9.044962213328178e-05]
[-4.5627830348893283e-05, 9.780428572417343e-05]
[-0.00016384326097862445, -4.1393494020249e-05]
[4.939651134822087e-06, -2.268960583971802e-05]
[-3.7564594646502525e-05, -0.00010048978691924032]
[-0.0001100736256132856, -0.000106104716503682]
[2.282455146579432e-06, 2.446000043471175e-05]
[-0.0001734567964100514, 5.38350423920364e-06]
[-0.00011698244729506369, 9.695277309906825e-05]
[-6.507363651157838e-05, 0.0001004204157482036]
[-0.0001701981530204122, -1.9933039041866718e-05]
[9.159520861945492e-06, -6.500778411550057e-07]
[-5.6488049506309146e-05, -0.00010483454023692967]
[-8.857444025420214e-05, -0.0001060311603233964]
[8.259242132546696e-06, 2.9153983973628783e-06]
[-0.0001735093874574989, -1.6741005439496748e-05]
[-9.587609164160224e-05, 9.879247265154323e-05]
[-8.474317813500498e-05, 9.826993378392324e-05]
[-0.00017202092440800343, 2.026140433195045e-06]
[8.859070145639247e-06, 2.1003504503055992e-05]
[-7.602428572437911e-05, -0.00010445656872109035]
[-6.74873686563604e-05, -0.00010128761615541687]
[9.747698565071294e-06, -1.8656629565461103e-05]
[-0.0001690412537056346, -3.7932676977728286e-05]
[-7.478219617265691e-05, 9.597768522151551e-05]
[-0.00010363627120488217, 9.151101316470789e-05]
[-0.0001693216480450066, 2.344554926655973e-05]
[4.216022965519706e-06, 4.130003201424648e-05]
[-9.51676534741569e-05, -9.942905280622277e-05]
[-4.775670058480841e-05, -9.21827467096209e-05]
[6.83595482531274e-06, -3.9274608964030844e-05]
[-0.00016036600282419433, -5.721603511823353e-05]
[-5.465279087385477e-05, 8.87272048090415e-05]
[-0.00012080876874445701, 8.051852782453572e-05]
[-0.00016233232579586365, 4.3337033235085753e-05]
[-4.397900228686469e-06, 5.934169856380844e-05]
[-0.0001129517704449301, -9.004685110712563e-05]
[-3.0232585819620073e-05, -7.921343565139849e-05]
[-1.8761951284251843e-07, -5.80107701010496e-05]
[-0.00014799470163842643, -7.37302056665265e-05]
[-3.636569562477654e-05, 7.745254641441934e-05]
[-0.00013541946093137414, 6.586511173292675e-05]
[-0.00015148659359594252, 6.081010783365315e-05]
[-1.6435147038390552e-05, 7.43420225402247e-05]
[-0.00012849822951629952, -7.681044106748122e-05]
[-1.5637507705612563e-05, -6.303641013545233e-05]
[-1.0848507143973452e-05, -7.40316812487575e-05]
[-0.00013260252376994658, -8.676770526868521e-05]
[-2.0689422437686344e-05, 6.273427917813379e-05]
[-0.00014677179774418014, 4.8291325394828055e-05]
[-0.00013738984309354801, 7.511167161952659e-05]
[-3.1197835793472795e-05, 8.566009532612329e-05]
[-0.0001410604001162441, -6.039846232255841e-05]
[-4.539742574444228e-06, -4.443521806646311e-05]
[-2.4508444895876558e-05, -8.663587263188499e-05]
[-0.00011498851898478213, -9.580313390290113e-05]
[-8.253841953381746e-06, 4.529316099480263e-05]
[-0.00015434755474652562, 2.8666475054894835e-05]
[-0.00012078241464389544, 8.565641833588322e-05]
[-4.787028545791272e-05, 9.282948316680084e-05]
[-0.00015005935718435948, -4.1630496777356196e-05]
[2.6661386393345143e-06, -2.428399924649799e-05]
[-4.0395908965762395e-05, -9.528651955719586e-05]
[-9.603152857429187e-05, -0.00010051095772539709]
[4.731122513756958e-07, 2.59571543329562e-05]
[-0.0001578301053247605, 7.942519351100685e-06]
[-0.00010249864756455007, 9.204720605768268e-05]
[-6.555778009049301e-05, 9.558001919071635e-05]
[-0.00015510958953562914, -2.14225947556268e-05]
[5.771784807789837e-06, -3.5091633207307016e-06]
[-5.7643846405372456e-05, -9.963709313231053e-05]
[-7.664511891300116e-05, -0.00010077250584006672]
[5.202425276795708e-06, 5.625176883225502e-06]
[-0.00015711581113317385, -1.2895855062811101e-05]
[-8.342437166923913e-05, 9.408547754513608e-05]
[-8.333014692214757e-05, 9.385075314688462e-05]
[-0.00015603304182358613, -7.386510962187343e-07]
[4.7605823832175265e-06, 1.6950128073164872e-05]
[-7.533309052223935e-05, -9.9547993556999e-05]
[-5.7733966097490985e-05, -9.667304005494745e-05]
[5.834259426018562e-06, -1.4771636660873555e-05]
[-0.00015231307362080504, -3.288160895703607e-05]
[-6.445498803919758e-05, 9.177244179425781e-05]
[-0.00010026807156260018, 8.77926428210496e-05]
[-0.00015286108251576225, 1.945903553227102e-05]
[-1.9398026190886597e-07, 3.618181217912575e-05]
[-9.253919336792149e-05, -9.509259651225427e-05]
[-4.015352781205905e-05, -8.849021328131285e-05]
[2.4609287446741845e-06, -3.431027186269475e-05]
[-0.00014372964718932513, -5.1112888899321196e-05]
[-4.645574453579493e-05, 8.53020689381978e-05]
[-0.00011550952637420092, 7.776017428923199e-05]
[-0.00014582501646900892, 3.825684407599006e-05]
[-8.737369912803494e-06, 5.334009547172669e-05]
[-0.00010837986482926942, -8.655184507044486e-05]
[-2.4674223425086295e-05, -7.667539863878345e-05]
[-4.638026955577912e-06, -5.2116596187035125e-05]
[-0.00013184974185517784, -6.679489339509251e-05]
[-3.0225302841635493e-05, 7.504703387234413e-05]
[-0.00012829338319983452, 6.429192655543758e-05]
[-0.0001353366186502003, 5.483186869267853e-05]
[-2.0350721951889472e-05, 6.768264446582739e-05]
[-0.00012205994306357937, -7.439742216752004e-05]
[-1.1950832058835181e-05, -6.182929896907455e-05]
[-1.500915529743796e-05, -6.740498901593867e-05]
[-0.00011730311490218415, -7.927395347847449e-05]
[-1.646331214626151e-05, 6.153863548685745e-05]
[-0.00013799729480178102, 4.808103093398297e-05]
[-0.00012196074989020284, 6.848694736791283e-05]
[-3.4375207819445364e-05, 7.860417626942562e-05]
[-0.00013291090388377336, -5.926451111426881e-05]
[-2.497489686059673e-06, -4.4673032474483454e-05]
[-2.804691851444885e-05, -7.951491806694119e-05]
[-0.00010082869211507778, -8.806257226043335e-05]
[-5.742515854417762e-06, 4.544152640825749e-05]
[-0.00014416729837965492, 2.993737477552383e-05]
[-0.00010638237623799424, 7.867752542439765e-05]
[-5.0043605277813596e-05, 8.5664587797879e-05]
[-0.00014042235162746441, -4.191604486815381e-05]
[3.3314591358080126e-06, -2.60156510318299e-05]
[-4.3023596860633506e-05, -8.794230796252411e-05]
[-8.323527123466068e-05, -9.285501407081675e-05]
[1.5140899876364688e-06, 2.7523924103933783e-05]
[-0.0001465372720953484, 1.0744118225797239e-05]
[-8.93702666625168e-05, 8.502995687598158e-05]
[-6.651801260720153e-05, 8.860971203913937e-05]
[-0.0001442636611539011, -2.320102242800437e-05]
[5.354458205181212e-06, -6.718889347265278e-06]
[-5.912612545980883e-05, -9.236355013013745e-05]
[-6.536158865505515e-05, -9.353374307734252e-05]
[5.0504096165415735e-06, 8.623930971229932e-06]
[-0.0001450372669531269, -8.588479060100962e-06]
[-7.173936251347879e-05, 8.735144404992123e-05]
[-8.293198208528252e-05, 8.738300127941745e-05]
[-0.00014429484408869098, -4.009837475282829e-06]
[3.5691666883108653e-06, 1.23400634690074e-05]
[-7.549800308207302e-05, -9.265029439838035e-05]
[-4.803758845670081e-05, -9.016749647817318e-05]
[4.78792633759606e-06, -1.0387282858542735e-05]
[-0.00013979070543103378, -2.7168844946259818e-05]
[-5.431340568736592e-05, 8.563218917262416e-05]
[-9.843475020212059e-05, 8.212692834230761e-05]
[-0.00014056665871763074, 1.4770418856835388e-05]
[-1.8482080955950497e-06, 3.030681653415357e-05]
[-9.128380272728845e-05, -8.887373907467272e-05]
[-3.204823571151261e-05, -8.300201313254235e-05]
[8.290483271000681e-07, -2.864439081906589e-05]
[-0.00013110134017574326, -4.416668268947266e-05]
[-3.788900041329368e-05, 8.004047669413206e-05]
[-0.00011223483608146373, 7.317362500730562e-05]
[-0.00013331082128972827, 3.229802358178935e-05]
[-1.055117651448112e-05, 4.638780478494198e-05]
[-0.00010567343633736265, -8.12979335032514e-05]
[-1.8100780848975817e-05, -7.244445514559272e-05]
[-6.547646586474443e-06, -4.532747800877618e-05]
[-0.00011943157581062458, -5.8850086555959497e-05]
[-2.320196323317425e-05, 7.091137113432455e-05]
[-0.0001236401554293165, 6.1025145826315574e-05]
[-0.00012292180692033416, 4.781394468006406e-05]
[-2.20391337994591e-05, 5.988649683846825e-05]
[-0.00011794325737455452, -7.036251466739293e-05]
[-6.796088537402989e-06, -5.90424345691086e-05]
[-1.690073084970045e-05, -5.970042679228141e-05]
[-0.00010537419313937091, -7.061561790646861e-05]
[-1.089665418074759e-05, 5.8729591369405254e-05]
[-0.00013209200421526734, 4.632462886333677e-05]
[-0.00010993208195322207, 6.067297946080186e-05]
[-3.568132232893706e-05, 7.023589809695974e-05]
[-0.00012749134829499742, -5.6656182583488673e-05]
[1.3954758077416862e-06, -4.34583907915273e-05]
[-2.9647762084861196e-05, -7.114598193841762e-05]
[-8.96196546470232e-05, -7.901051662083033e-05]
[-1.4989765712569714e-06, 4.410700695337e-05]
[-0.0001371907752525242, 2.9820385252843362e-05]
[-9.498268650359742e-05, 7.036793391884677e-05]
[-5.0747906162995626e-05, 7.702533420506086e-05]
[-0.00013386489748493102, -4.0882946837690615e-05]
[6.15307831458578e-06, -2.643995455001852e-05]
[-4.4094915199244245e-05, -7.919526200474841e-05]
[-7.292104442053332e-05, -8.374688106886977e-05]
[4.606148762853479e-06, 2.7755185935410265e-05]
[-0.00013871201811700706, 1.2325475923974372e-05]
[-7.879093623391203e-05, 7.654662496839326e-05]
[-6.644681382981382e-05, 8.001960762948901e-05]
[-0.00013677833238176507, -2.382364747539889e-05]
[7.318729560723547e-06, -8.786952919989655e-06]
[-5.947297800016488e-05, -8.354965335693326e-05]
[-5.6058391963723087e-05, -8.47081349883011e-05]
[7.191873961170936e-06, 1.0453558160788967e-05]
[-0.00013661231623478265, -5.324444940724149e-06]
[-6.211672590600292e-05, 7.902186457484084e-05]
[-8.196437310679233e-05, 7.916899598006677e-05]
[-0.00013612172089355612, -6.295415453105857e-06]
[4.90413226628128e-06, 8.684117290935767e-06]
[-7.497762258504986e-05, -8.409347210499782e-05]
[-3.980374262327335e-05, -8.194837532451288e-05]
[6.2000199295697556e-06, -6.985950998031343e-06]
[-0.0001310253061787281, -2.2312336638123653e-05]
[-4.5728598660831066e-05, 7.777476516476756e-05]
[-9.650727600931525e-05, 7.460918022189622e-05]
[-0.00013195974978197356, 1.0888402583716927e-05]
[-9.096870591807082e-07, 2.517701542675832e-05]
[-8.981139862550974e-05, -8.089646103227877e-05]
[-2.4887982787422103e-05, -7.568527312276467e-05]
[1.7441634178605447e-06, -2.3756558654323967e-05]
[-0.00012224888150601243, -3.7877716618672785e-05]
[-3.037048874962589e-05, 7.295172224469626e-05]
[-0.00010934316987425835, 6.665097835215072e-05]
[-0.00012452223346674784, 2.695571597560731e-05]
[-9.780553391958158e-06, 3.99525824878455e-05]
[-0.00010322469483381447, -7.420601386679687e-05]
[-1.1970178643627705e-05, -6.628714080449127e-05]
[-5.895554195542441e-06, -3.9094844762475184e-05]
[-0.00011072511993551193, -5.134958740039483e-05]
[-1.6729914881011276e-05, 6.485535438852108e-05]
[-0.00011983722634591881, 5.576060378748027e-05]
[-0.00011418751938879756, 4.120895017395432e-05]
[-2.1221353124351028e-05, 5.23636296488883e-05]
[-0.00011455302222004166, -6.442986754892979e-05]
[-1.6100845228739225e-06, -5.425466909609808e-05]
[-1.628621379202999e-05, -5.2317507592422596e-05]
[-9.701471055592603e-05, -6.217321952777313e-05]
[-5.4084110152063936e-06, 5.392960117769907e-05]
[-0.00012748239174162346, 4.253194200168342e-05]
[-0.00010146032854792958, 5.3053054546059464e-05]
[-3.462397256726035e-05, 6.188584891533844e-05]
[-0.00012324836903125636, -5.2110750770203995e-05]
[5.755489731529284e-06, -4.019776553690346e-05]
[-2.8864199985614847e-05, -6.285442064975916e-05]
[-8.176765246411394e-05, -6.99302547995384e-05]
[3.1048913243375553e-06, 4.07391811678981e-05]
[-0.00013192162338040991, 2.7652932935690044e-05]
[-8.694552736100702e-05, 6.201771621955343e-05]
[-4.9290015798543474e-05, 6.814271217062129e-05]
[-0.00012890299452070209, -3.789502078788143e-05]
[9.831645880864492e-06, -2.48079642330562e-05]
[-4.2964576111387265e-05, -7.027581186076423e-05]
[-6.569180938561722e-05, -7.435205728030525e-05]
[8.455447880084677e-06, 2.5943747993140143e-05]
[-0.00013296116145494752, 1.186848004337826e-05]
[-7.131914405290006e-05, 6.777359847023878e-05]
[-6.446670357774381e-05, 7.092258544702523e-05]
[-0.0001312647632259467, -2.249759776724869e-05]
[1.0478772091232491e-05, -8.827056561688806e-06]
[-5.7856076292956554e-05, -7.431170718873864e-05]
[-4.952062258606685e-05, -7.53265295262949e-05]
[1.0440041402354217e-05, 1.0267369817101857e-05]
[-0.00013057466827541553, -4.057646886670985e-06]
[-5.529770970244541e-05, 7.014261565604918e-05]
[-7.938581037740533e-05, 7.018679078879542e-05]
[-0.00013024385699142438, -6.66550499378582e-06]
[7.719360866520475e-06, 6.987097514024598e-06]
[-7.277950519655671e-05, -7.486234151900598e-05]
[-3.3981008160127724e-05, -7.289872713624884e-05]
[9.016860320787412e-06, -5.535637789155778e-06]
[-0.00012489876475599293, -1.9379666728970568e-05]
[-3.9606808543486693e-05, 6.910230254100758e-05]
[-9.33031541101581e-05, 6.60680410759229e-05]
[-0.00012591132941633387, 8.857916137708366e-06]
[1.7374234821815326e-06, 2.1896232167945007e-05]
[-8.698702493477317e-05, -7.199896950305443e-05]
[-1.9762262067221648e-05, -6.726559244539174e-05]
[4.307880141121712e-06, -2.071704267424257e-05]
[-0.0001162210213561804, -3.340356606848505e-05]
[-2.4949627363532456e-05, 6.478429105338801e-05]
[-0.00010553607644980811, 5.885945820310878e-05]
[-0.00011849041868475241, 2.336644900038931e-05]
[-7.130043329889313e-06, 3.521709179185595e-05]
[-9.977977909038371e-05, -6.595530133261807e-05]
[-7.486720550189951e-06, -5.876505835577389e-05]
[-3.4071053224005166e-06, -3.457130053398719e-05]
[-0.00010496176854593586, -4.5516482982611156e-05]
[-1.1976325220278139e-05, 5.746685036517318e-05]
[-0.00011549655772052914, 4.899514834977303e-05]
[-0.00010834176923156524, 3.622089857646671e-05]
[-1.840959507477813e-05, 4.6354606707488255e-05]
[-0.0001105415492431358, -5.71105297808433e-05]
[2.3170315940901354e-06, -4.7859728995118533e-05]
[-1.3704896132074595e-05, -4.64702757231282e-05]
[-9.165118024349883e-05, -5.521088849679348e-05]
[-1.2551809457361784e-06, 4.7561453964201084e-05]
[-0.0001227180623601526, 3.7023939852470766e-05]
[-9.59437569019797e-05, 4.6874670832364185e-05]
[-3.151532918389821e-05, 5.483074815759714e-05]
[-0.00011876661413026679, -4.59655022533173e-05]
[9.237484616356206e-06, -3.511539302601674e-05]
[-2.604116816826152e-05, -5.589386837851276e-05]
[-7.6902996197864e-05, -6.210318302093953e-05]
[6.753331850087307e-06, 3.559346893361459e-05]
[-0.00012687483922915743, 2.3578307999136405e-05]
[-8.18690146918502e-05, 5.489459105795236e-05]
[-4.577912476749768e-05, 6.030713038721047e-05]
[-0.00012408059928180337, -3.31139552167542e-05]
[1.299899857959419e-05, -2.1174806142401636e-05]
[-3.977937486172867e-05, -6.245453545239421e-05]
[-6.138606045112682e-05, -6.594660920463888e-05]
[1.171823213588774e-05, 2.217733714307557e-05]
[-0.00012779309346044876, 9.340673400207167e-06]
[-6.675809768369456e-05, 5.997670679927514e-05]
[-6.04853463877994e-05, 6.259981706349671e-05]
[-0.00012625376168438895, -1.9210842783903836e-05]
[1.3474935700086288e-05, -6.727488990734831e-06]
[-5.422443535041746e-05, -6.591413206919611e-05]
[-4.579464436035158e-05, -6.663851723108169e-05]
[1.3454112647637295e-05, 7.987017334065705e-06]
[-0.00012545410670508628, -4.9908246012170254e-06]
[-5.12910858621006e-05, 6.195687893009727e-05]
[-7.490780330052585e-05, 6.168537916761974e-05]
[-0.00012520674915902918, -4.939677967774614e-06]
[1.0694061532146026e-05, 7.523317706925603e-06]
[-6.865898294452707e-05, -6.6192122948866e-05]
[-3.081837471068105e-05, -6.422203284733863e-05]
[1.1930358924244766e-05, -6.277079081046244e-06]
[-0.00011998991469144848, -1.8735262130434305e-05]
[-3.615786466715232e-05, 6.0815935571223445e-05]
[-8.834656509990046e-05, 5.7697962490277366e-05]
[-0.00012100933149271353, 9.019475446445102e-06]
[4.839389896510449e-06, 2.089499194443678e-05]
[-8.237979452522387e-05, -6.336493477229407e-05]
[-1.7112536579252935e-05, -5.888213545587537e-05]
[7.2725589534139434e-06, -1.9922980567348147e-05]
[-0.00011167250265695094, -3.125915732486717e-05]
[-2.202787533055195e-05, 5.6679115846475225e-05]
[-0.00010016230560872669, 5.0917853002485636e-05]
[-0.0001138728778592446, 2.2020085895468888e-05]
[-3.7609264874616244e-06, 3.275928300361386e-05]
[-9.473213240988876e-05, -5.765693232495997e-05]
[-5.269585065706406e-06, -5.093612431156941e-05]
[-2.443522675310561e-07, -3.2301862703573714e-05]
[-0.00010089763709966726, -4.200300291584344e-05]
[-9.520281050987012e-06, 4.980953623975881e-05]
[-0.00010980616218737166, 4.1752673757444736e-05]
[-0.0001041374624042371, 3.3476398190013246e-05]
[-1.4650493901466333e-05, 4.2573425544506494e-05]
[-0.000105140067894742, -4.942410631851232e-05]
[4.207156819951985e-06, -4.081850289959152e-05]
[-1.0211049658731541e-05, -4.284040672044437e-05]
[-8.81644452829719e-05, -5.0503492618911294e-05]
[8.242934885910325e-07, 4.0595529410575315e-05]
[-0.00011684359941714628, 3.071282255717733e-05]
[-9.225444831616886e-05, 4.288721040374144e-05]
[-2.726856292080415e-05, 4.9906604203037164e-05]
[-0.00011313135438557886, -3.913198386827285e-05]
[1.0926471918484837e-05, -2.9060485670438785e-05]
[-2.2106050922982012e-05, -5.1068727714981624e-05]
[-7.405174183206659e-05, -5.641109324601434e-05]
[8.569094900351404e-06, 2.953196060306862e-05]
[-0.00012097136439571943, 1.8383014257064567e-05]
[-7.876530572787505e-05, 4.985572752427836e-05]
[-4.09794970405164e-05, 5.446003257991716e-05]
[-0.00011835598635046019, -2.732947758678217e-05]
[1.4627640157749422e-05, -1.6264633293211483e-05]
[-3.5323793032386586e-05, -5.66421080811369e-05]
[-5.91919586641898e-05, -5.950275047562209e-05]
[1.340217923434528e-05, 1.719601116659253e-05]
[-0.00012202722510515351, 5.391819138111931e-06]
[-6.427732639645994e-05, 5.4105092312461966e-05]
[-5.51059378256398e-05, 5.6079392259045235e-05]
[-0.00012059812510545331, -1.4620382736876825e-05]
[1.5193003057578647e-05, -3.0755198796722505e-06]
[-4.920665975941679e-05, -5.9355285146410475e-05]
[-4.424343048123336e-05, -5.968954371816937e-05]
[1.5151533741986078e-05, 4.218382438511692e-06]
[-0.0001199926972008658, -7.6190791459401774e-06]
[-4.9436871651303144e-05, 5.548916855396824e-05]
[-6.89634945631977e-05, 5.475900285847879e-05]
[-0.00011978151707971174, -1.6340586682511704e-06]
[1.2653635837370225e-05, 9.852235802271236e-06]
[-6.307881633999673e-05, -5.914867847315111e-05]
[-2.9861768010223944e-05, -5.70190750670517e-05]
[1.37931893849641e-05, -8.74865602135122e-06]
[-0.00011498933813634815, -2.002447847026384e-05]
[-3.490086252488922e-05, 5.399810323583609e-05]
[-8.189473803414671e-05, 5.0637773417488985e-05]
[-0.00011596882919977236, 1.1003438881732053e-05]
[7.1874202921262675e-06, 2.188686459939082e-05]
[-7.62796982933106e-05, -5.610660670545692e-05]
[-1.667113614974014e-05, -5.167235283565219e-05]
[9.451547642230773e-06, -2.1064559018992013e-05]
[-0.000107269391957307, -3.12430236170079e-05]
[-2.13073910105277e-05, 4.975818892657968e-05]
[-9.330046456964419e-05, 4.3987621713037495e-05]
[-0.00010935547265891743, 2.2696796079163528e-05]
[-8.906776263473137e-07, 3.245130831652787e-05]
[-8.819520995233948e-05, -5.044814417979465e-05]
[-5.236413674572504e-06, -4.3954976940763224e-05]
[2.39170481326767e-06, -3.2133090250463514e-05]
[-9.720162218844475e-05, -4.0761577099913265e-05]
[-9.246563318576762e-06, 4.302564306501999e-05]
[-0.00010266657565506654, 3.5195556264300265e-05]
[-0.00010025850653597873, 3.2906709362456876e-05]
[-1.1145718673236105e-05, 4.1052033147082057e-05]
[-9.828507127792457e-05, -4.251172521464036e-05]
[3.962596166098842e-06, -3.428259296871586e-05]
[-6.995812383669975e-06, -4.1432125236873923e-05]
[-8.525312051877593e-05, -4.815606404806605e-05]
[7.670813894633532e-07, 3.4174149270704834e-05]
[-0.00010958541732855598, 2.4740938799922008e-05]
[-8.910116725054096e-05, 4.117239033718523e-05]
[-2.304627882845911e-05, 4.7302944669980196e-05]
[-0.00010610522535643707, -3.273487614470494e-05]
[1.0553582902667058e-05, -2.316086829032976e-05]
[-1.821687436716346e-05, -4.853879984575114e-05]
[-7.196778991345326e-05, -5.3108385381819834e-05]
[8.319070919804439e-06, 2.367636555548891e-05]
[-0.0001137709564651701, 1.316956365224331e-05]
[-7.639351417913776e-05, 4.713075837800562e-05]
[-3.599278030212011e-05, 5.094292578083914e-05]
[-0.00011132470143210282, -2.163053533092013e-05]
[1.4289406259776483e-05, -1.1160633531959174e-05]
[-3.07006091926007e-05, -5.3148533379284574e-05]
[-5.794213662800238e-05, -5.5419021707570765e-05]
[1.3114887719725687e-05, 1.2080057714913828e-05]
[-0.00011506765266108832, 1.0661238903364456e-06]
[-6.270968322216047e-05, 5.053174124941551e-05]
[-4.9348771150883874e-05, 5.184605123967345e-05]
[-0.00011373674431838787, -9.761340510616723e-06]
[1.5059776028905625e-05, 1.1107280923072782e-06]
[-4.38294373631444e-05, -5.508699882690593e-05]
[-4.3799014151864324e-05, -5.501492147036782e-05]
[1.4993861061504687e-05, -2.00005192407815e-08]
[-0.0001134532593570492, -1.0973565296251708e-05]
[-4.8662328587200515e-05, 5.1249045958295936e-05]
[-6.247310850781423e-05, 5.0024146934696256e-05]
[-0.00011326432141847698, 2.286921507735351e-06]
[1.289596316572661e-05, 1.3040146862430824e-05]
[-5.697030757391419e-05, -5.431471616199404e-05]
[-3.01600636261265e-05, -5.1952238789867294e-05]
[1.3936017855917249e-05, -1.2012787506843203e-05]
[-0.00010903601700901211, -2.2369480275195863e-05]
[-3.487501635449086e-05, 4.928573860779606e-05]
[-7.475107030516237e-05, 4.562197024918224e-05]
[-0.00010996028764785615, 1.3931726490307161e-05]
[7.96801762086019e-06, 2.4040179983572663e-05]
[-6.950525470397761e-05, -5.092452032485345e-05]
[-1.7617773953176874e-05, -4.641351936718677e-05]
[1.0061334913102904e-05, -2.3302575924477598e-05]
[-0.00010204679927777738, -3.258259181954451e-05]
[-2.195358351861354e-05, 4.477403931510415e-05]
[-8.562268300173898e-05, 3.890580694734802e-05]
[-0.00010400254427019029, 2.461929855887557e-05]
[5.745250711008953e-07, 3.357882025278869e-05]
[-8.085967369415858e-05, -4.513262629242398e-05]
[-6.7083041600246585e-06, -3.869907080550697e-05]
[3.6214207537188514e-06, -3.33392598937457e-05]
[-9.282677021385521e-05, -4.11377060360249e-05]
[-1.0457739886796102e-05, 3.796893248025901e-05]
[-9.460694973522504e-05, 3.0246648652532127e-05]
[-9.568451506240805e-05, 3.3848498683403117e-05]
[-8.874474338144145e-06, 4.120590796960477e-05]
[-9.052707941507171e-05, -3.7264331477816076e-05]
[2.1135999186128185e-06, -2.921251734684313e-05]
[-5.015746465247828e-06, -4.16455614682433e-05]
[-8.181106406417865e-05, -4.764339884121005e-05]
[-8.744007232719397e-07, 2.9235519782760955e-05]
[-0.00010132111851401948, 2.009930474791699e-05]
[-8.540123719973092e-05, 4.119247168068996e-05]
[-1.9880238786879056e-05, 4.6574518622832795e-05]
[-9.808953652305774e-05, -2.7735542619276854e-05]
[8.496158877407956e-06, -1.844091214119048e-05]
[-1.5386870347300352e-05, -4.7839502923613386e-05]
[-6.95089678839772e-05, -5.180851898653471e-05]
[6.405668855541391e-06, 1.903047589299489e-05]
[-0.00010549456661644585, 8.978820696073364e-06]
[-7.363138565232713e-05, 4.631736411059295e-05]
[-3.1882169840277697e-05, 4.9456133825842574e-05]
[-0.00010323331778189226, -1.7031310300945346e-05]
[1.2207188213902986e-05, -6.93021918728165e-06]
[-2.695863610527316e-05, -5.165097804269575e-05]
[-5.648111790769808e-05, -5.345469902686209e-05]
[1.1106386565457038e-05, 7.878449282530675e-06]
[-0.00010697723413539972, -2.5645399277240966e-06]
[-6.0915647354397445e-05, 4.89973513840003e-05]
[-4.428693333382097e-05, 4.974894190792889e-05]
[-0.00010575963595929605, -5.682444515681118e-06]
[1.3144617906163392e-05, 4.7425853588467515e-06]
[-3.9155517663553435e-05, -5.29317868787349e-05]
[-4.33143369927419e-05, -5.2524273952112704e-05]
[1.307880363535241e-05, -3.6552909319503835e-06]
[-0.00010574277903296903, -1.397068189377959e-05]
[-4.783205452683209e-05, 4.912516557772917e-05]
[-5.6498008485422746e-05, 4.747917975486682e-05]
[-0.00010559047050094639, 5.75887036965983e-06]
[1.1340093906922477e-05, 1.5999180950340697e-05]
[-5.138834627418931e-05, -5.165903410231029e-05]
[-3.059493584799122e-05, -4.9083019638965913e-05]
[1.2306625229469015e-05, -1.499430003067126e-05]
[-0.00010188675094524591, -2.4694564586404122e-05]
[-3.496914951123947e-05, 4.671734924141524e-05]
[-6.794397207769698e-05, 4.279593828304673e-05]
[-0.00010276958504390477, 1.6743683971504053e-05]
[6.955352746862431e-06, 2.6289507806642742e-05]
[-6.308206214324097e-05, -4.793225683602867e-05]
[-1.888154087209548e-05, -4.3317233830789115e-05]
[8.904481655677698e-06, -2.5580631895477657e-05]
[-9.562010864501425e-05, -3.4229876565990136e-05]
[-2.2898142969671187e-05, 4.1913614611560623e-05]
[-7.810412185293991e-05, 3.596024787330676e-05]
[-9.74588407976068e-05, 2.6750417323528897e-05]
[2.71621393599375e-07, 3.511944280232271e-05]
[-7.370135514538773e-05, -4.196499096144335e-05]
[-8.67873853030443e-06, -3.552491519864115e-05]
[3.1091989902143347e-06, -3.4902871787825807e-05]
[-8.725839209278163e-05, -4.213086855932996e-05]
[-1.214548108573188e-05, 3.496997470286978e-05]
[-8.653041754916324e-05, 2.732950151540514e-05]
[-8.992990431712367e-05, 3.530784121333341e-05]
[-8.327161799950855e-06, 4.2074841141381825e-05]
[-8.277324198441988e-05, -3.407168004349384e-05]
[-4.1298391523225675e-07, -2.610114366424776e-05]
[-4.7351494962544205e-06, -4.252084416645277e-05]
[-7.720685195775068e-05, -4.8031719495619796e-05]
[-3.1673925582897944e-06, 2.624571447640278e-05]
[-9.286509905073737e-05, 1.7338359361268596e-05]
[-8.05514782785538e-05, 4.201614633142503e-05]
[-1.837605883515253e-05, 4.6840574705775406e-05]
[-8.990595036062476e-05, -2.465088845431812e-05]
[5.587753795818773e-06, -1.551819362365786e-05]
[-1.4197205578797556e-05, -4.8085660858699156e-05]
[-6.59418859330213e-05, -5.166276146158222e-05]
[3.6720070128865023e-06, 1.6184739976304874e-05]
[-9.685366850460675e-05, 6.477236078633597e-06]
[-6.97722865511119e-05, 4.656526268473349e-05]
[-2.935422877037991e-05, 4.921365531349031e-05]
[-9.48037433626675e-05, -1.4165733114530898e-05]
[9.109268355317335e-06, -4.301359852375286e-06]
[-2.4781829925137056e-05, -5.1354227173932426e-05]
[-5.398925766463697e-05, -5.286283226416805e-05]
[8.117641143348675e-06, 5.2923150966194266e-06]
[-9.835315921805088e-05, -4.7306493922427695e-06]
[-5.8100241018266274e-05, 4.8749511649681665e-05]
[-4.071174474690881e-05, 4.91100409902856e-05]
[-9.72774869636428e-05, -3.1223495248616784e-06]
[1.0060274104550793e-05, 6.998124923177085e-06]
[-3.595558605705429e-05, -5.219780729956783e-05]
[-4.18997801140894e-05, -5.158701116271536e-05]
[1.003434972257633e-05, -5.891402920218947e-06]
[-9.733574620526819e-05, -1.57528269858348e-05]
[-4.607848556589106e-05, 4.847767018403837e-05]
[-5.189652279015758e-05, 4.656520955886867e-05]
[-9.725084464110023e-05, 7.952888854093065e-06]
[8.474837486269204e-06, 1.7831418333960625e-05]
[-4.717271762435041e-05, -5.0604695116685666e-05]
[-3.0223402663460963e-05, -4.7909070658228026e-05]
[9.411095406697267e-06, -1.6819348499466646e-05]
[-9.388780504439309e-05, -2.607101245968163e-05]
[-3.425932235243123e-05, 4.577763642502064e-05]
[-6.237995853952683e-05, 4.172898523996382e-05]
[-9.476200254565637e-05, 1.8536729798623863e-05]
[4.5079928881891496e-06, 2.767986068687167e-05]
[-5.790033132887368e-05, -4.667738720193909e-05]
[-1.9482901781137096e-05, -4.2018172644184976e-05]
[6.3584052720222495e-06, -2.6965277576562752e-05]
[-8.820452745167406e-05, -3.5203764254747305e-05]
[-2.317731487379293e-05, 4.079512647733874e-05]
[-7.168016093413859e-05, 3.4855378732878695e-05]
[-8.996083035936464e-05, 2.813229537820816e-05]
[-1.5750178593565423e-06, 3.6080514756453574e-05]
[-6.764176183332582e-05, -4.06248820448412e-05]
[-1.0148577215110532e-05, -3.4209652375178506e-05]
[1.0994718161738692e-06, -3.5849555246762754e-05]
[-8.058021061833898e-05, -4.2727681231626014e-05]
[-1.3323072891230359e-05, 3.378619434771246e-05]
[-7.938199224422765e-05, 2.628833856552215e-05]
[-8.310141488032663e-05, 3.629146405140227e-05]
[-9.414974967023038e-06, 4.264797538403031e-05]
[-7.595736910740586e-05, -3.275083144861288e-05]
[-2.615450107476547e-06, -2.487013979867239e-05]
[-6.044218804915347e-06, -4.306156719453488e-05]
[-7.139439142868353e-05, -4.829639621860976e-05]
[-5.119303413986254e-06, 2.5103812806348547e-05]
[-8.515341340306626e-05, 1.6444328517911666e-05]
[-7.45300047949593e-05, 4.263550220826029e-05]
[-1.857912529622252e-05, 4.709134349831223e-05]
[-8.24822441150147e-05, -2.34382744145889e-05]
[2.8156006257051835e-06, -1.4457715550003636e-05]
[-1.4671549340816714e-05, -4.827769043567326e-05]
[-6.109412700624345e-05, -5.165654152088084e-05]
[1.099371242860303e-06, 1.5179223877337389e-05]
[-8.875785224030097e-05, 5.792581950853082e-06]
